Name,Sex,Count,MaleCount,FemaleCount
Aaban,M,12,12,0
Aadam,M,6,6,0
Aadan,M,23,23,0
Aadarsh,M,11,11,0
Aaden,M,4175,4175,0
Aadhav,M,43,43,0
Aadhini,F,6,0,6
Aadhira,F,62,0,62
Aadhiran,M,6,6,0
Aadhvik,M,10,10,0
Aadhya,F,2435,0,2435
Aadi,M,475,475,0
Aadil,M,10,10,0
Aadin,M,5,5,0
Aadit,M,68,68,0
Aaditya,M,125,125,0
Aadvik,M,186,186,0
Aadya,F,1190,0,1190
Aadyn,M,76,76,0
Aahan,M,106,106,0
Aahana,F,334,0,334
Aahil,M,386,386,0
Aahna,F,7,0,7
Aaiden,M,331,331,0
Aaima,F,16,0,16
Aaira,F,144,0,144
Aairah,F,48,0,48
Aakash,M,294,294,0
Aalam,M,5,5,0
Aalani,F,46,0,46
Aalaya,F,5,0,5
Aalayah,F,316,0,316
Aaleah,F,15,0,15
Aaleyah,F,563,0,563
Aalia,F,132,0,132
Aaliah,F,297,0,297
Aalijah,M,21,21,0
Aaliya,F,492,0,492
Aaliyah,F,103904,6,103898
Aaliyha,F,27,0,27
Aalliyah,F,5,0,5
Aalyah,F,197,0,197
Aalyiah,F,105,0,105
Aamani,F,5,0,5
Aamina,F,21,0,21
Aaminah,F,18,0,18
Aamir,M,1353,1353,0
Aamira,F,40,0,40
Aamirah,F,5,0,5
Aamiyah,F,33,0,33
Aamori,F,5,0,5
Aanav,M,19,19,0
Aanchal,F,6,0,6
Aanika,F,37,0,37
Aaniya,F,11,0,11
Aaniyah,F,534,0,534
Aanshi,F,5,0,5
Aanvi,F,167,0,167
Aanya,F,2656,0,2656
Aaradhya,F,434,0,434
Aaralyn,F,532,0,532
Aaralynn,F,25,0,25
Aarav,M,6737,6737,0
Aaren,M,115,110,5
Aaria,F,160,0,160
Aariah,F,10,0,10
Aarian,M,26,26,0
Aariana,F,12,0,12
Aaric,M,39,39,0
Aarik,M,5,5,0
Aarika,F,103,0,103
Aarin,M,232,222,10
Aarini,F,6,0,6
Aarion,M,23,23,0
Aarish,M,49,49,0
Aariv,M,441,441,0
Aariya,F,5,0,5
Aariyah,F,223,0,223
Aariz,M,570,570,0
Aarna,F,1838,0,1838
Aarnav,M,125,125,0
Aarnik,M,5,5,0
Aarohi,F,427,0,427
Aaron,M,603258,601454,1804
Aaronjames,M,16,16,0
Aaronjoshua,M,5,5,0
Aaronmichael,M,7,7,0
Aarron,M,145,145,0
Aarti,F,22,0,22
Aarush,M,2127,2127,0
Aarushi,F,229,0,229
Aarvi,F,111,0,111
Aarvik,M,5,5,0
Aarya,F,2210,48,2162
Aaryan,M,1244,1244,0
Aaryav,M,38,38,0
Aaryn,F,253,38,215
Aasha,F,5,0,5
Aashi,F,210,0,210
Aashir,M,11,11,0
Aashna,F,180,0,180
Aashritha,F,5,0,5
Aashvi,F,433,0,433
Aasia,F,5,0,5
Aasim,M,139,139,0
Aasir,M,122,122,0
Aasiya,F,7,0,7
Aasiyah,F,156,0,156
Aastha,F,61,0,61
Aava,F,5,0,5
Aavya,F,380,0,380
Aavyan,M,27,27,0
Aayan,M,1750,1750,0
Aayansh,M,149,149,0
Aayat,F,198,0,198
Aayden,M,846,846,0
Aayla,F,99,0,99
Aayra,F,76,0,76
Aayush,M,684,684,0
Aayushi,F,6,0,6
Ab,M,95,95,0
Abagail,F,3980,0,3980
Abagayle,F,5,0,5
Abaigeal,F,5,0,5
Abanoub,M,16,16,0
Abayomi,M,6,6,0
Abba,M,24,24,0
Abbagail,F,70,0,70
Abbas,M,750,750,0
Abbe,F,370,0,370
Abbey,F,14755,0,14755
Abbi,F,296,0,296
Abbie,F,13553,5,13548
Abbiegail,F,5,0,5
Abbigail,F,10233,0,10233
Abbigale,F,715,0,715
Abbigayle,F,212,0,212
Abbott,M,129,129,0
Abby,F,57814,14,57800
Abbye,F,5,0,5
Abbygail,F,2056,0,2056
Abbygale,F,112,0,112
Abbygayle,F,18,0,18
Abcde,F,230,0,230
Abdalla,M,6,6,0
Abdallah,M,442,442,0
Abdel,M,106,106,0
Abdelrahman,M,78,78,0
Abdi,M,16,16,0
Abdias,M,178,178,0
Abdiaziz,M,37,37,0
Abdiel,M,5533,5533,0
Abdifatah,M,33,33,0
Abdihafid,M,5,5,0
Abdikadir,M,6,6,0
Abdimalik,M,72,72,0
Abdinasir,M,20,20,0
Abdiqani,M,5,5,0
Abdirahim,M,5,5,0
Abdirahman,M,1383,1383,0
Abdirizak,M,22,22,0
Abdishakur,M,5,5,0
Abdo,M,5,5,0
Abdon,M,28,28,0
Abdou,M,31,31,0
Abdoul,M,209,209,0
Abdoulaye,M,416,416,0
Abdoulie,M,10,10,0
Abdul,M,4407,4407,0
Abdulahad,M,5,5,0
Abdulahi,M,214,214,0
Abdulai,M,5,5,0
Abdulaziz,M,477,477,0
Abdulla,M,38,38,0
Abdullah,M,6760,6760,0
Abdullahi,M,1057,1057,0
Abdulloh,M,116,116,0
Abdulmalik,M,26,26,0
Abdulrahman,M,1366,1366,0
Abdur,M,34,34,0
Abdurahman,M,28,28,0
Abdurrahman,M,195,195,0
Abe,M,4129,4129,0
Abeeha,F,40,0,40
Abeer,F,55,23,32
Abegail,F,37,0,37
Abel,M,58918,58918,0
Abelardo,M,3348,3348,0
Abelina,F,108,0,108
Abelino,M,266,266,0
Abella,F,378,0,378
Abena,F,85,0,85
Abenezer,M,5,5,0
Abeni,F,20,0,20
Aberdeen,F,16,0,16
Abhay,M,257,257,0
Abhi,M,6,6,0
Abhijot,M,5,5,0
Abhimanyu,M,10,10,0
Abhinav,M,1000,1000,0
Abhiram,M,493,493,0
Abhishek,M,213,213,0
Abi,F,21,0,21
Abid,M,37,37,0
Abie,M,50,50,0
Abiel,M,614,614,0
Abigael,F,545,0,545
Abigaelle,F,140,0,140
Abigail,F,399581,114,399467
Abigaile,F,16,0,16
Abigal,F,39,0,39
Abigale,F,3849,0,3849
Abigayl,F,5,0,5
Abigayle,F,4293,5,4288
Abiha,F,30,0,30
Abilene,F,399,0,399
Abimael,M,463,463,0
Abiola,F,5,0,5
Abir,M,207,207,0
Abisai,M,443,426,17
Able,M,107,107,0
Abner,M,4512,4512,0
Abou,M,11,11,0
Aboubacar,M,183,183,0
Aboubakar,M,11,11,0
Abra,F,72,0,72
Abraham,M,93138,93127,11
Abrahan,M,390,390,0
Abrahim,M,51,51,0
Abrahm,M,64,64,0
Abram,M,14805,14805,0
Abran,M,1036,1036,0
Abrar,U,275,173,102
Abreanna,F,5,0,5
Abree,F,79,0,79
Abrham,M,5,5,0
Abri,F,6,0,6
Abria,F,121,0,121
Abrian,M,47,47,0
Abriana,F,1086,0,1086
Abrianna,F,2566,0,2566
Abrie,F,22,0,22
Abriel,M,94,79,15
Abriella,F,900,0,900
Abrielle,F,2747,0,2747
Abril,F,7389,0,7389
Abrina,F,5,0,5
Abrish,F,23,0,23
Abron,M,5,5,0
Absidy,F,6,0,6
Abu,M,35,35,0
Abubakar,M,268,268,0
Abubakr,M,223,223,0
Abundio,M,66,66,0
Aby,F,10,0,10
Abyan,M,26,21,5
Abygail,F,1369,0,1369
Abygale,F,6,0,6
Acacia,F,1589,0,1589
Acadia,F,111,0,111
Access,M,7,7,0
Ace,M,19099,19087,12
Acelin,M,7,7,0
Acelyn,F,93,0,93
Acelynn,F,299,0,299
Acen,M,100,100,0
Acencion,M,5,5,0
Aceson,M,112,112,0
Aceyn,M,46,46,0
Achille,M,34,34,0
Achilles,M,2137,2137,0
Acie,M,234,229,5
Aciel,M,6,6,0
Ackeem,M,15,15,0
Ackley,M,5,5,0
Acsa,F,16,0,16
Acxel,M,5,5,0
Acy,M,5,5,0
Ada,F,71788,0,71788
Adabella,F,32,0,32
Adabelle,F,25,0,25
Adael,M,201,201,0
Adaeze,F,51,0,51
Adah,F,639,0,639
Adahli,F,18,0,18
Adahlia,F,5,0,5
Adaia,F,98,0,98
Adaiah,F,25,0,25
Adain,M,19,19,0
Adair,M,599,584,15
Adal,M,93,93,0
Adalae,F,6,0,6
Adalaide,F,11,0,11
Adalay,F,5,0,5
Adalberto,M,3233,3233,0
Adaleah,F,19,0,19
Adalee,F,3038,0,3038
Adaleen,F,10,0,10
Adaleigh,F,788,0,788
Adalena,F,86,0,86
Adalene,F,72,0,72
Adalet,F,49,0,49
Adaleth,F,17,0,17
Adaley,F,27,0,27
Adalhi,F,5,0,5
Adali,F,220,0,220
Adalia,F,827,0,827
Adaliah,F,19,0,19
Adalid,M,5,5,0
Adalida,F,22,0,22
Adalie,F,1063,0,1063
Adalin,F,22,0,22
Adalina,F,1042,0,1042
Adalind,F,194,0,194
Adaline,F,12752,0,12752
Adaliz,F,27,0,27
Adaly,F,378,0,378
Adalyn,F,27603,0,27603
Adalyna,F,23,0,23
Adalyne,F,192,0,192
Adalynn,F,30027,0,30027
Adalynne,F,341,0,341
Adam,M,568432,567810,622
Adama,F,246,87,159
Adamari,F,1229,0,1229
Adamaris,F,2216,0,2216
Adamariz,F,27,0,27
Adamary,F,278,0,278
Adamarys,F,17,0,17
Adams,M,94,94,0
Adan,M,28068,28068,0
Adana,F,6,0,6
Adanelly,F,5,0,5
Adanely,F,8,0,8
Adanna,F,68,0,68
Adanya,F,5,0,5
Adaora,F,7,0,7
Adara,F,872,0,872
Adarian,M,6,6,0
Adarius,M,402,402,0
Adarsh,M,135,135,0
Adaya,F,258,0,258
Adayah,F,6,0,6
Adda,F,53,0,53
Addalie,F,5,0,5
Addaline,F,10,0,10
Addalyn,F,1960,0,1960
Addalynn,F,1303,0,1303
Addam,M,27,27,0
Addeline,F,36,0,36
Addelyn,F,1431,0,1431
Addelynn,F,191,0,191
Addi,F,5,0,5
Addie,F,27069,26,27043
Addilyn,F,8538,0,8538
Addilynn,F,3511,0,3511
Addis,F,10,5,5
Addisen,F,327,0,327
Addison,F,150139,8381,141758
Addisson,F,6,0,6
Addisyn,F,8866,0,8866
Addisynn,F,6,0,6
Addley,F,5,0,5
Addy,F,137,0,137
Addysen,F,281,0,281
Addyson,F,15574,0,15574
Ade,M,5,5,0
Adedamola,M,12,12,0
Adeeb,M,10,10,0
Adeel,M,11,11,0
Adeena,F,26,0,26
Adel,M,532,424,108
Adela,F,9328,0,9328
Adelai,F,5,0,5
Adelaida,F,1657,0,1657
Adelaide,F,24953,0,24953
Adelaido,M,36,36,0
Adelaine,F,57,0,57
Adelard,M,177,177,0
Adelayda,F,5,0,5
Adelbert,M,582,582,0
Adele,F,31719,0,31719
Adeleine,F,38,0,38
Adelena,F,10,0,10
Adelene,F,127,0,127
Adelfa,F,283,0,283
Adelfina,F,5,0,5
Adelia,F,1010,0,1010
Adelie,F,105,0,105
Adelin,F,175,0,175
Adelina,F,11870,0,11870
Adeline,F,63735,0,63735
Adelinne,F,5,0,5
Adelino,M,16,16,0
Adelisa,F,6,0,6
Adelise,F,5,0,5
Adelita,F,927,0,927
Adell,F,3403,150,3253
Adella,F,1619,0,1619
Adelle,F,1669,0,1669
Adelmira,F,20,0,20
Adely,F,6,0,6
Adelyn,F,20341,0,20341
Adelyne,F,311,0,311
Adelynn,F,12789,0,12789
Adelynne,F,164,0,164
Adem,M,346,346,0
Ademide,M,6,6,0
Aden,M,19541,19525,16
Adena,F,194,0,194
Adenike,F,6,0,6
Adeola,F,10,0,10
Aderinsola,F,5,0,5
Aderonke,F,6,0,6
Adessa,F,5,0,5
Adesuwa,F,10,0,10
Adetokunbo,M,5,5,0
Adeya,F,38,0,38
Adger,M,26,26,0
Adgie,F,5,0,5
Adham,M,237,237,0
Adhara,F,479,0,479
Adharv,M,11,11,0
Adhemar,M,13,13,0
Adhira,F,84,0,84
Adhrit,M,84,84,0
Adhvik,M,117,117,0
Adhya,F,108,0,108
Adi,F,352,121,231
Adia,F,1033,0,1033
Adian,M,271,271,0
Adiana,F,6,0,6
Adianez,F,5,0,5
Adianna,F,11,0,11
Adib,M,16,16,0
Adiba,F,27,0,27
Adiel,M,1588,1588,0
Adien,M,35,35,0
Adil,M,469,469,0
Adilee,F,11,0,11
Adilene,F,5108,0,5108
Adileni,F,5,0,5
Adilenne,F,6,0,6
Adileny,F,7,0,7
Adilyn,F,1283,0,1283
Adilynn,F,2108,0,2108
Adin,M,1518,1518,0
Adina,F,4133,0,4133
Adir,M,26,26,0
Adira,F,834,0,834
Adison,F,2007,34,1973
Adisyn,F,294,0,294
Adit,M,22,22,0
Adithi,F,52,0,52
Adithya,M,123,123,0
Aditi,F,2327,0,2327
Aditri,F,11,0,11
Aditya,M,4000,4000,0
Adja,F,16,0,16
Adlai,M,6,6,0
Adlee,F,309,0,309
Adleigh,F,479,0,479
Adler,M,1958,1943,15
Adley,F,4660,36,4624
Adline,F,115,0,115
Admir,M,16,16,0
Adna,F,135,0,135
Adnan,M,1382,1382,0
Adolf,M,317,317,0
Adolfo,M,13359,13359,0
Adolph,M,12377,12377,0
Adolphe,M,5,5,0
Adolphus,M,1407,1407,0
Adon,M,102,102,0
Adonai,M,353,348,5
Adonay,M,77,77,0
Adonias,M,7,7,0
Adonijah,M,10,10,0
Adonis,M,16027,16027,0
Adonna,F,5,0,5
Adonnis,M,77,77,0
Adonys,M,26,26,0
Adora,F,435,0,435
Adore,F,400,0,400
Adrain,M,1448,1432,16
Adrea,F,17,0,17
Adrean,M,111,105,6
Adreana,F,147,0,147
Adreanna,F,359,0,359
Adreena,F,15,0,15
Adrena,F,10,0,10
Adria,F,2488,0,2488
Adrian,M,270149,258758,11391
Adriana,F,92139,159,91980
Adriane,F,3303,8,3295
Adriann,F,38,0,38
Adrianna,F,45188,0,45188
Adrianne,F,9295,0,9295
Adriano,M,1110,1110,0
Adric,M,10,10,0
Adrick,M,5,5,0
Adrie,F,10,0,10
Adrieanna,F,5,0,5
Adriel,M,25053,24887,166
Adriella,F,5,0,5
Adrielle,F,239,0,239
Adrielly,F,10,0,10
Adrien,M,6177,6104,73
Adriene,F,729,0,729
Adrienna,F,27,0,27
Adrienne,F,63268,17,63251
Adrik,M,65,65,0
Adrin,M,5,5,0
Adrina,F,503,0,503
Adrion,M,5,5,0
Adrionna,F,116,0,116
Adron,M,67,67,0
Adryan,M,391,391,0
Adryana,F,46,0,46
Adryanna,F,51,0,51
Adryel,M,12,12,0
Advait,M,228,228,0
Advaith,M,414,414,0
Advay,M,103,103,0
Advik,M,693,693,0
Advika,F,250,0,250
Advit,M,30,30,0
Advith,M,38,38,0
Adwoa,F,5,0,5
Adya,F,51,0,51
Adyan,M,175,175,0
Adylene,F,91,0,91
Adyline,F,11,0,11
Adyn,M,446,446,0
Adysen,F,146,0,146
Adyson,F,2927,0,2927
Aedan,M,2330,2330,0
Aeden,M,286,286,0
Aedyn,M,51,51,0
Aeisha,F,13,0,13
Aela,F,80,0,80
Aelia,F,10,0,10
Aeliana,F,24,0,24
Aelin,F,5,0,5
Aella,F,111,0,111
Aemilia,F,5,0,5
Aeneas,M,33,33,0
Aerabella,F,18,0,18
Aerial,F,604,0,604
Aeriana,F,17,0,17
Aerianna,F,6,0,6
Aerick,M,5,5,0
Aeriel,F,75,0,75
Aerilyn,F,5,0,5
Aerin,F,112,0,112
Aeris,F,543,0,543
Aerith,F,147,0,147
Aero,M,123,123,0
Aerolynn,F,6,0,6
Aeron,M,22,22,0
Aeryn,F,193,0,193
Aesha,F,44,0,44
Aeson,M,171,171,0
Aeva,F,69,0,69
Affan,M,131,131,0
Afia,F,91,0,91
Afifa,F,5,0,5
Afiya,F,20,0,20
Afiyah,F,12,0,12
Afnan,F,58,15,43
Afomia,F,5,0,5
Afra,F,6,0,6
Afrah,F,5,0,5
Afraz,M,11,11,0
Afreen,F,30,0,30
Africa,F,147,0,147
Afrika,F,7,0,7
Afsa,F,10,0,10
Afsana,F,33,0,33
Afsheen,F,8,0,8
Afshin,M,5,5,0
Afton,F,2561,33,2528
Aftyn,F,10,0,10
Afua,F,10,0,10
Agam,M,150,139,11
Agamjot,M,17,17,0
Agapita,F,117,0,117
Agapito,M,954,954,0
Agasthya,M,5,5,0
Agastya,M,598,598,0
Agata,F,21,0,21
Agatha,F,3718,0,3718
Ageliki,F,10,0,10
Agena,F,5,0,5
Aggie,F,133,0,133
Agim,M,5,5,0
Agnes,F,115982,0,115982
Agness,F,18,0,18
Agnew,M,5,5,0
Agnieszka,F,87,0,87
Agostino,M,69,69,0
Agripina,F,52,0,52
Agron,M,15,15,0
Agueda,F,41,0,41
Agustin,M,13003,13003,0
Agustina,F,683,0,683
Agustine,M,105,105,0
Ah,M,63,53,10
Ahaan,M,411,411,0
Ahaana,F,63,0,63
Ahad,M,238,238,0
Ahan,M,20,20,0
Ahana,F,579,0,579
Aharon,M,1583,1583,0
Ahava,F,26,0,26
Ahil,M,14,14,0
Ahinoa,F,15,0,15
Ahitana,F,5,0,5
Ahkeem,M,13,13,0
Ahlaam,F,13,0,13
Ahlam,F,218,0,218
Ahlana,F,5,0,5
Ahlani,F,411,0,411
Ahliyah,F,5,0,5
Ahmad,M,17392,17392,0
Ahmadou,M,6,6,0
Ahmani,F,16,0,16
Ahmari,M,456,441,15
Ahmarion,M,5,5,0
Ahmaud,M,11,11,0
Ahmed,M,14115,14115,0
Ahmet,M,73,73,0
Ahmid,M,5,5,0
Ahmir,M,2557,2557,0
Ahmiyah,F,12,0,12
Ahmod,M,6,6,0
Ahmya,F,27,0,27
Ahna,F,66,0,66
Ahnaf,M,191,191,0
Ahniah,F,5,0,5
Ahniya,F,21,0,21
Ahniyah,F,5,0,5
Ahren,M,21,21,0
Ahri,F,91,0,91
Ahriana,F,5,0,5
Ahron,M,832,832,0
Ahsaan,M,5,5,0
Ahsan,M,131,131,0
Ahsir,M,5,5,0
Ahsley,F,481,0,481
Ahsoka,F,25,0,25
Ahtziri,F,604,0,604
Ahtziry,F,75,0,75
Ahuva,F,1339,0,1339
Ahyan,M,47,47,0
Ahzir,M,11,11,0
Ai,F,34,0,34
Aibhlinn,F,5,0,5
Aicha,F,450,0,450
Aida,F,10037,0,10037
Aidaly,F,5,0,5
Aidan,M,116428,115164,1264
Aidana,F,12,0,12
Aidanna,F,7,0,7
Aidden,M,33,33,0
Aide,F,1307,0,1307
Aidee,F,369,0,369
Aideen,M,5,5,0
Aidel,F,183,0,183
Aideliz,F,54,0,54
Aidelyn,F,5,0,5
Aiden,M,246536,245750,786
Aidenn,M,18,18,0
Aidin,M,102,102,0
Aidon,M,23,23,0
Aidric,M,57,57,0
Aidsa,F,9,0,9
Aidy,F,34,0,34
Aidyn,M,2956,2869,87
Aidynn,F,6,0,6
Aiesha,F,306,0,306
Aigner,F,130,0,130
Aijah,F,11,0,11
Aika,F,16,0,16
Aikeem,M,5,5,0
Aiken,M,5,5,0
Aiko,F,707,0,707
Aila,F,2325,0,2325
Ailah,F,46,0,46
Ailana,F,118,0,118
Ailani,F,4210,0,4210
Ailanie,F,10,0,10
Ailanni,F,11,0,11
Ailanny,F,25,0,25
Ailany,F,914,0,914
Ailea,F,14,0,14
Ailed,F,96,0,96
Ailee,F,136,0,136
Aileen,F,30176,0,30176
Aileene,F,5,0,5
Ailen,F,146,0,146
Ailene,F,412,0,412
Aileth,F,8,0,8
Ailey,F,162,0,162
Aili,F,248,0,248
Ailie,F,62,0,62
Ailin,F,462,0,462
Ailis,F,5,0,5
Ailish,F,83,0,83
Ailton,M,13,13,0
Aily,F,14,0,14
Ailyn,F,3046,0,3046
Ailynn,F,176,0,176
Aima,F,25,0,25
Aiman,F,15,5,10
Aimar,F,55,21,34
Aime,F,1037,156,881
Aimee,F,50328,0,50328
Aimie,F,17,0,17
Aimme,F,5,0,5
Aina,F,49,0,49
Ainara,F,697,0,697
Aine,F,471,0,471
Ainhara,F,21,0,21
Ainhoa,F,1498,0,1498
Aino,F,5,0,5
Ainoa,F,19,0,19
Ainoah,F,26,0,26
Ainoha,F,38,0,38
Ainslee,F,317,0,317
Ainsleigh,F,27,0,27
Ainsley,F,17848,23,17825
Ainslie,F,46,0,46
Aira,F,401,0,401
Airabella,F,16,0,16
Airam,F,648,37,611
Aireana,F,10,0,10
Aireanna,F,10,0,10
Airi,F,44,0,44
Airiana,F,58,0,58
Airianna,F,25,0,25
Airiel,F,5,0,5
Airis,F,8,0,8
Airlie,F,31,0,31
Airrion,M,5,5,0
Airyana,F,11,0,11
Aisa,F,6,0,6
Aisatou,F,10,0,10
Aisea,M,10,10,0
Aisha,F,22751,0,22751
Aishah,F,186,0,186
Aishani,F,87,0,87
Aishia,F,20,0,20
Aishwarya,F,247,0,247
Aisla,F,6,0,6
Aisley,F,210,0,210
Aislin,F,300,0,300
Aisling,F,448,0,448
Aislinn,F,3112,0,3112
Aislyn,F,520,0,520
Aislynn,F,1008,0,1008
Aissa,F,142,0,142
Aissata,F,198,0,198
Aissatou,F,422,0,422
Aitan,M,5,5,0
Aitana,F,6327,0,6327
Aitanna,F,154,0,154
Aithan,M,43,43,0
Aithana,F,148,0,148
Aitiana,F,5,0,5
Aitor,M,5,5,0
Aiva,F,100,0,100
Aivah,F,15,0,15
Aiven,M,37,37,0
Aivy,F,31,0,31
Aixa,F,355,0,355
Aiya,F,27,0,27
Aiyana,F,7663,0,7663
Aiyanah,F,29,0,29
Aiyanna,F,2897,0,2897
Aiyden,M,284,284,0
Aiyla,F,207,0,207
Aiysha,F,25,0,25
Aiza,F,1070,0,1070
Aizah,F,288,0,288
Aizal,F,32,0,32
Aizel,F,8,0,8
Aizen,M,798,798,0
Aizik,M,21,21,0
Aizley,F,7,0,7
Aizlynn,F,29,0,29
Aizza,F,5,0,5
Aj,M,653,653,0
Aja,F,5873,0,5873
Ajah,F,347,0,347
Ajahni,M,5,5,0
Ajai,M,6,6,0
Ajanae,F,189,0,189
Ajane,F,5,0,5
Ajanee,F,8,0,8
Ajani,M,1021,1011,10
Ajax,M,10,10,0
Ajay,M,2329,2329,0
Ajayla,F,10,0,10
Ajaysia,F,10,0,10
Ajdin,M,21,21,0
Ajee,F,194,0,194
Ajeet,M,17,17,0
Ajena,F,5,0,5
Ajia,F,49,0,49
Ajit,M,30,30,0
Ajla,F,162,0,162
Ajooni,F,105,0,105
Ajwa,F,5,0,5
Akaash,M,6,6,0
Akai,M,224,224,0
Akane,F,21,0,21
Akanksha,F,7,0,7
Akansha,F,5,0,5
Akari,F,355,138,217
Akash,M,1133,1133,0
Akasha,F,253,0,253
Akayla,F,391,0,391
Akaylah,F,5,0,5
Akaysha,F,5,0,5
Akbar,M,24,24,0
Akeel,M,5,5,0
Akeela,F,8,0,8
Akeelah,F,872,0,872
Akeem,M,5021,5021,0
Akeema,F,6,0,6
Akeen,M,10,10,0
Akeiba,F,26,0,26
Akeisha,F,5,0,5
Akela,F,22,0,22
Akemi,F,233,0,233
Akeria,F,27,0,27
Akhil,M,801,801,0
Akhila,F,5,0,5
Aki,M,5,5,0
Akia,F,277,0,277
Akiba,F,7,0,7
Akie,F,5,0,5
Akiem,M,5,5,0
Akiko,F,244,0,244
Akil,M,639,639,0
Akila,F,42,0,42
Akilah,F,1277,0,1277
Akili,M,48,48,0
Akim,M,125,125,0
Akin,M,16,16,0
Akina,F,36,0,36
Aking,M,45,45,0
Akio,M,59,59,0
Akira,F,6289,843,5446
Akirah,F,21,0,21
Akisha,F,23,0,23
Akiva,M,1773,1773,0
Akiyah,F,5,0,5
Akoni,M,24,24,0
Akosua,F,9,0,9
Akram,M,356,356,0
Aksel,M,1184,1184,0
Akshaj,M,172,172,0
Akshar,M,67,67,0
Akshara,F,1159,0,1159
Akshat,M,59,59,0
Akshath,M,11,11,0
Akshay,M,771,771,0
Akshaya,F,90,0,90
Akshita,F,41,0,41
Akua,F,65,0,65
Akul,M,12,12,0
Akyli,F,5,0,5
Akyra,F,38,0,38
Al,M,11637,11632,5
Alaa,F,496,28,468
Alabama,F,24,0,24
Alacia,F,23,0,23
Aladdin,M,5,5,0
Alaena,F,5,0,5
Alahia,F,165,0,165
Alahna,F,172,0,172
Alahni,F,215,0,215
Alaia,F,12210,0,12210
Alaiah,F,448,0,448
Alaiia,F,43,0,43
Alaija,F,5,0,5
Alaijah,F,49,0,49
Alaila,F,17,0,17
Alailah,F,5,0,5
Alain,M,2296,2296,0
Alaina,F,45570,0,45570
Alainah,F,29,0,29
Alaine,F,52,0,52
Alainna,F,11,0,11
Alaisha,F,37,0,37
Alaiya,F,1686,0,1686
Alaiyah,F,926,0,926
Alaiza,F,49,0,49
Alajah,F,80,0,80
Alakai,M,269,269,0
Alakay,M,5,5,0
Alam,M,15,15,0
Alamar,F,5,0,5
Alan,M,356879,356825,54
Alana,F,60837,6,60831
Alanah,F,2370,0,2370
Alanda,F,6,0,6
Alandra,F,72,0,72
Alandria,F,20,0,20
Alane,F,403,0,403
Alani,F,13990,0,13990
Alania,F,38,0,38
Alanie,F,311,0,311
Alanii,F,55,0,55
Alanis,F,1966,0,1966
Alanmichael,M,11,11,0
Alanna,F,21281,0,21281
Alannah,F,5195,0,5195
Alanni,F,240,0,240
Alannis,F,5,0,5
Alanny,F,30,0,30
Alante,M,112,107,5
Alany,F,237,0,237
Alanys,F,58,0,58
Alanzo,M,42,42,0
Alara,F,529,0,529
Alaric,M,1806,1806,0
Alarik,M,11,11,0
Alasdair,M,18,18,0
Alasia,F,547,0,547
Alaska,F,250,0,250
Alassane,M,5,5,0
Alastair,M,142,142,0
Alastor,M,11,11,0
Alauna,F,54,0,54
Alaura,F,322,0,322
Alaya,F,8051,0,8051
Alayah,F,9563,0,9563
Alaycia,F,14,0,14
Alayia,F,43,0,43
Alayiah,F,101,0,101
Alayja,F,28,0,28
Alayjah,F,107,0,107
Alayla,F,603,0,603
Alaylah,F,10,0,10
Alayna,F,31692,0,31692
Alaynah,F,218,0,218
Alayne,F,77,0,77
Alaynna,F,99,0,99
Alaysha,F,596,0,596
Alayshia,F,35,0,35
Alaysia,F,4037,0,4037
Alayssa,F,19,0,19
Alayza,F,64,0,64
Alayzia,F,5,0,5
Alazae,F,118,0,118
Alazay,F,109,0,109
Alazne,F,28,0,28
Alba,F,4127,0,4127
Alban,M,59,59,0
Albana,F,11,0,11
Albany,F,27,0,27
Albaro,M,225,225,0
Albeiro,M,15,15,0
Alben,M,22,22,0
Albena,F,10,0,10
Alberdia,F,5,0,5
Albert,M,445895,445665,230
Alberta,F,58120,5,58115
Albertha,F,3279,0,3279
Albertia,F,10,0,10
Albertina,F,161,0,161
Albertine,F,396,0,396
Alberto,M,58593,58524,69
Albertus,M,32,32,0
Albesa,F,5,0,5
Albi,M,6,6,0
Albie,F,10,5,5
Albieri,M,5,5,0
Albiery,M,5,5,0
Albin,M,1789,1789,0
Albina,F,2402,0,2402
Albino,M,679,679,0
Albion,M,34,34,0
Albirda,F,5,0,5
Albirta,F,17,0,17
Alcario,M,16,16,0
Alcee,M,105,105,0
Alcide,M,390,390,0
Alcides,M,56,56,0
Alcie,F,10,0,10
Alcuin,M,27,27,0
Alda,F,1557,0,1557
Aldah,F,5,0,5
Aldahir,M,35,35,0
Aldair,M,728,728,0
Aldea,F,23,0,23
Aldean,U,17,12,5
Alden,M,10777,10724,53
Aldena,F,6,0,6
Aldene,F,6,0,6
Alder,M,451,451,0
Alderic,M,6,6,0
Aldin,M,86,86,0
Aldina,F,48,0,48
Aldine,F,118,11,107
Aldo,M,14162,14162,0
Aldon,M,37,37,0
Aldona,F,489,0,489
Aldonia,F,18,0,18
Aldor,M,5,5,0
Aldric,M,5,5,0
Aldrich,M,23,23,0
Aldrin,M,96,96,0
Alea,F,1561,0,1561
Aleah,F,13961,0,13961
Aleaha,F,28,0,28
Alean,F,138,0,138
Aleana,F,108,0,108
Aleanna,F,5,0,5
Alease,F,845,0,845
Aleasha,F,57,0,57
Alec,M,50142,50125,17
Alecia,F,8225,0,8225
Aleck,M,76,76,0
Alecsander,M,20,20,0
Alecxis,M,6,6,0
Aleczander,M,230,230,0
Aleda,F,10,0,10
Aleea,F,16,0,16
Aleeah,F,661,0,661
Aleece,F,23,0,23
Aleecia,F,25,0,25
Aleem,M,73,73,0
Aleemah,F,6,0,6
Aleen,F,643,0,643
Aleena,F,9900,0,9900
Aleenah,F,133,0,133
Aleene,F,94,0,94
Aleesa,F,56,0,56
Aleesha,F,425,0,425
Aleeya,F,229,0,229
Aleeyah,F,397,0,397
Aleeza,F,570,0,570
Alegandra,F,47,0,47
Alegandro,M,144,144,0
Alegend,M,5,5,0
Alegra,F,28,0,28
Alegria,F,14,0,14
Aleia,F,1069,0,1069
Aleiah,F,157,0,157
Aleida,F,940,0,940
Aleigh,F,15,0,15
Aleigha,F,2983,0,2983
Aleina,F,274,0,274
Aleisha,F,812,0,812
Aleister,M,85,85,0
Aleix,M,5,5,0
Aleiya,F,29,0,29
Aleiyah,F,70,0,70
Aleiza,F,12,0,12
Aleja,F,5,0,5
Alejah,F,5,0,5
Alejando,M,5,5,0
Alejandr,M,6,6,0
Alejandra,F,51359,280,51079
Alejandrina,F,669,0,669
Alejandro,M,140896,140414,482
Alejo,M,204,204,0
Alejos,M,69,69,0
Alek,M,2340,2340,0
Alekai,M,6,6,0
Alekhya,F,10,0,10
Aleks,M,63,63,0
Aleksa,F,54,0,54
Aleksandar,M,360,360,0
Aleksander,M,2321,2321,0
Aleksandr,M,443,443,0
Aleksandra,F,1638,0,1638
Aleksei,M,30,30,0
Aleksey,M,70,70,0
Aleksia,F,5,0,5
Alekxander,M,5,5,0
Alekzander,M,334,334,0
Aleli,F,11,0,11
Alen,M,689,689,0
Alena,F,11359,0,11359
Alene,F,4968,0,4968
Alenna,F,73,0,73
Aleph,M,12,12,0
Alesa,F,17,0,17
Alesana,F,23,0,23
Alesandra,F,189,0,189
Alesandro,M,34,34,0
Alese,F,6,0,6
Alesha,F,4895,5,4890
Aleshia,F,1000,0,1000
Alesia,F,4467,0,4467
Aleska,F,5,0,5
Alessa,F,1525,0,1525
Alessand,M,5,5,0
Alessandra,F,21361,0,21361
Alessandria,F,11,0,11
Alessandro,M,9023,9023,0
Alessi,F,250,0,250
Alessia,F,6770,0,6770
Alessio,M,1027,1027,0
Alesso,M,25,25,0
Aleta,F,2515,0,2515
Aletha,F,2220,0,2220
Alethea,F,1388,0,1388
Aletheia,F,152,0,152
Alethia,F,435,0,435
Aletta,F,36,0,36
Alex,M,282583,275938,6645
Alexa,F,128646,20,128626
Alexah,F,78,0,78
Alexandar,M,11,11,0
Alexande,M,299,299,0
Alexander,M,715201,712791,2410
Alexandera,F,6,0,6
Alexanderia,F,42,0,42
Alexanderjames,M,5,5,0
Alexandr,F,323,22,301
Alexandra,F,240196,215,239981
Alexandre,M,3065,3065,0
Alexandrea,F,6396,0,6396
Alexandria,F,100516,27,100489
Alexandrina,F,20,0,20
Alexandro,M,4975,4975,0
Alexandros,M,523,523,0
Alexandru,M,63,63,0
Alexandrya,F,11,0,11
Alexas,F,93,0,93
Alexavier,M,1196,1196,0
Alexcia,F,396,0,396
Alexcis,F,10,0,10
Alexei,M,341,341,0
Alexes,F,140,16,124
Alexey,M,118,118,0
Alexi,F,2679,506,2173
Alexia,F,43074,6,43068
Alexiah,F,67,0,67
Alexiana,F,22,0,22
Alexie,F,487,16,471
Alexina,F,5,0,5
Alexio,M,6,6,0
Alexios,M,6,6,0
Alexis,F,405297,64071,341226
Alexiss,F,103,0,103
Alexius,F,551,0,551
Alexiz,F,80,30,50
Alexsa,F,126,0,126
Alexsander,M,390,390,0
Alexsandra,F,1186,0,1186
Alexsandro,M,43,43,0
Alexsia,F,22,0,22
Alexsis,F,342,27,315
Alexssa,F,5,0,5
Alexsys,F,5,0,5
Alexus,F,17319,0,17319
Alexx,F,26,15,11
Alexxa,F,265,0,265
Alexxia,F,6,0,6
Alexxis,F,332,0,332
Alexxus,F,45,0,45
Alexy,F,39,5,34
Alexya,F,66,0,66
Alexys,F,2555,96,2459
Alexyss,F,70,0,70
Alexza,F,42,0,42
Alexzander,M,5539,5539,0
Alexzandra,F,354,0,354
Alexzandrea,F,11,0,11
Alexzandria,F,479,0,479
Aleya,F,490,0,490
Aleyah,F,1130,0,1130
Aleyda,F,861,0,861
Aleyna,F,1425,0,1425
Aleysa,F,5,0,5
Aleysha,F,53,0,53
Aleyshka,F,5,0,5
Aleyssa,F,55,0,55
Aleyza,F,266,0,266
Alezander,M,5,5,0
Alezandra,F,6,0,6
Alezay,F,10,0,10
Alf,M,110,110,0
Alfa,F,6,0,6
Alferd,M,11,11,0
Alfie,M,212,212,0
Alfio,M,10,10,0
Alfons,M,56,56,0
Alfonse,M,557,557,0
Alfonsina,F,5,0,5
Alfonso,M,35797,35797,0
Alfonza,M,648,648,0
Alfonzo,M,2086,2086,0
Alford,M,1859,1859,0
Alfred,M,223725,223665,60
Alfreda,F,7452,0,7452
Alfredia,F,219,0,219
Alfredo,M,52603,52572,31
Alfreida,F,5,0,5
Alfretta,F,10,0,10
Alfrieda,F,43,0,43
Algenis,M,42,42,0
Alger,M,134,134,0
Algerd,M,5,5,0
Algernon,M,43,43,0
Algia,F,5,0,5
Algie,M,153,153,0
Algot,M,6,6,0
Alhaji,M,5,5,0
Alhassan,M,10,10,0
Alheli,F,5,0,5
Ali,M,37074,29587,7487
Alia,F,10310,0,10310
Aliah,F,3484,0,3484
Alian,M,5,5,0
Aliana,F,6578,0,6578
Alianah,F,21,0,21
Alianna,F,3586,0,3586
Aliannah,F,179,0,179
Alianny,F,32,0,32
Aliany,F,17,0,17
Alianys,F,10,0,10
Alias,M,220,220,0
Alica,F,73,0,73
Alice,F,502716,106,502610
Alicea,F,81,0,81
Alicen,F,42,0,42
Alicha,F,5,0,5
Alicia,F,226299,150,226149
Aliciana,F,16,0,16
Alicja,F,82,0,82
Alida,F,958,0,958
Alie,F,5,0,5
Aliea,F,5,0,5
Aliena,F,5,0,5
Aliene,F,30,0,30
Aliesha,F,21,0,21
Alif,M,10,10,0
Aliha,F,15,0,15
Alii,M,5,5,0
Alijah,M,11961,11604,357
Alik,M,23,18,5
Alika,M,446,426,20
Alikai,M,5,5,0
Alilah,F,12,0,12
Alilet,F,7,0,7
Alim,M,71,71,0
Alima,F,46,0,46
Alin,F,104,0,104
Alina,F,38454,0,38454
Alinah,F,282,0,282
Alinda,F,10,0,10
Aline,F,8989,0,8989
Alinea,F,5,0,5
Alinna,F,293,0,293
Aliou,M,29,29,0
Alique,F,5,0,5
Alireza,M,27,27,0
Alis,F,41,0,41
Alisa,F,31460,0,31460
Alisande,F,6,0,6
Alisandra,F,37,0,37
Alise,F,874,0,874
Alisha,F,54540,14,54526
Alishba,F,157,0,157
Alisher,M,5,5,0
Alishia,F,854,0,854
Alisi,F,6,0,6
Alisia,F,1357,0,1357
Alison,F,113072,26,113046
Alissa,F,35734,5,35729
Alissandra,F,39,0,39
Alissia,F,42,0,42
Alisson,F,4777,0,4777
Alistair,M,2045,2045,0
Alister,M,481,481,0
Alisyn,F,28,0,28
Alita,F,453,0,453
Alitza,F,157,0,157
Alitzel,F,468,0,468
Alivea,F,11,0,11
Alivia,F,32084,0,32084
Aliviah,F,197,0,197
Alix,F,1292,83,1209
Alixandra,F,132,0,132
Alixandria,F,26,0,26
Aliya,F,8547,0,8547
Aliyaah,F,5,0,5
Aliyah,F,45597,6,45591
Aliyan,M,5,5,0
Aliyana,F,1189,0,1189
Aliyanah,F,6,0,6
Aliyanna,F,186,0,186
Aliyyah,F,18,0,18
Aliz,F,37,0,37
Aliza,F,8693,0,8693
Alizabeth,F,357,0,357
Alizae,F,663,0,663
Alizah,F,470,0,470
Alizay,F,529,0,529
Alizaya,F,5,0,5
Alize,F,4052,48,4004
Alizea,F,24,0,24
Alizee,F,201,0,201
Alizeh,F,35,0,35
Alizey,F,11,0,11
Alizon,F,123,0,123
Aljandro,M,5,5,0
Aljaquan,M,6,6,0
Alka,F,42,0,42
Alkeria,F,5,0,5
Alla,F,65,0,65
Allah,M,42,42,0
Allaina,F,5,0,5
Allan,M,90762,90762,0
Allana,F,831,0,831
Allanah,F,108,0,108
Allante,M,163,152,11
Allard,M,5,5,0
Allayna,F,18,0,18
Allean,F,329,0,329
Allee,F,137,0,137
Alleen,F,33,0,33
Allegra,F,1932,0,1932
Alleigh,F,38,0,38
Allen,M,262758,262696,62
Allena,F,159,0,159
Allene,F,5238,0,5238
Allexa,F,5,0,5
Allexis,F,14,0,14
Allexus,F,15,0,15
Alley,F,118,0,118
Alleyne,F,6,0,6
Alli,F,1814,0,1814
Allia,F,11,0,11
Alliah,F,34,0,34
Alliana,F,105,0,105
Allianna,F,5,0,5
Allie,F,43116,595,42521
Allina,F,21,0,21
Alline,F,575,0,575
Allisa,F,119,0,119
Allisen,F,7,0,7
Allisha,F,57,0,57
Allison,F,312528,478,312050
Allissa,F,626,0,626
Allisson,F,2031,0,2031
Allister,M,129,129,0
Allisyn,F,72,0,72
Alliyah,F,1596,0,1596
Allizon,F,54,0,54
Allora,F,5,0,5
Allura,F,53,0,53
Allure,F,88,0,88
Ally,F,8353,0,8353
Allyana,F,30,0,30
Allyanna,F,17,0,17
Allyce,F,32,0,32
Allycia,F,5,0,5
Allyn,U,783,523,260
Allyna,F,11,0,11
Allyne,F,32,0,32
Allysa,F,1057,0,1057
Allyse,F,61,0,61
Allysen,F,43,0,43
Allysha,F,32,0,32
Allysia,F,15,0,15
Allyson,F,50358,0,50358
Allyssa,F,4630,0,4630
Allysson,F,124,0,124
Allyzon,F,10,0,10
Alma,F,129167,524,128643
Almadelia,F,62,0,62
Almalik,M,11,11,0
Almarie,F,10,0,10
Almarosa,F,52,0,52
Almas,F,5,0,5
Almeda,F,1302,0,1302
Almena,F,27,0,27
Almendra,F,11,0,11
Almer,M,24,19,5
Almerinda,F,5,0,5
Almeta,F,690,0,690
Almeter,F,6,0,6
Almetta,F,28,0,28
Almir,M,5,5,0
Almira,F,32,0,32
Almon,M,69,69,0
Almond,M,11,11,0
Alnisa,F,205,0,205
Alo,M,5,5,0
Aloha,F,33,0,33
Alohi,F,6,0,6
Alohilani,F,6,0,6
Alois,M,1137,1137,0
Aloma,F,156,0,156
Alon,M,251,251,0
Alona,F,789,0,789
Alonda,F,60,0,60
Alondra,F,40205,21,40184
Aloni,F,102,0,102
Alonna,F,824,0,824
Alonni,F,6,0,6
Alonso,M,9418,9418,0
Alonte,M,27,27,0
Alonza,M,1419,1419,0
Alonzo,M,37926,37926,0
Alora,F,6784,0,6784
Alorah,F,70,0,70
Alori,F,15,0,15
Aloura,F,5,0,5
Aloys,M,63,63,0
Aloysius,M,2681,2681,0
Aloysuis,M,5,5,0
Alp,M,93,93,0
Alpha,F,3524,603,2921
Alpheus,M,15,15,0
Alphonsa,M,10,10,0
Alphonse,M,6776,6776,0
Alphonso,M,11165,11165,0
Alphonsus,M,48,48,0
Alphonza,M,63,63,0
Alphonzo,M,213,213,0
Alquan,M,55,55,0
Alsace,F,5,0,5
Alsexander,M,5,5,0
Alston,M,636,636,0
Alta,F,17555,0,17555
Altagracia,F,257,0,257
Altair,U,47,28,19
Altamease,F,33,0,33
Altamese,F,176,0,176
Altarik,M,5,5,0
Altariq,M,117,117,0
Alter,M,167,167,0
Alterick,M,7,7,0
Altha,F,941,0,941
Althea,F,11003,0,11003
Altheda,F,5,0,5
Althia,F,5,0,5
Altie,F,66,0,66
Altin,M,12,12,0
Alto,M,160,160,0
Alton,M,40438,40438,0
Altonio,M,5,5,0
Altovise,F,18,0,18
Altus,M,5,5,0
Alucard,M,5,5,0
Aluna,F,62,0,62
Aluney,F,14,0,14
Alura,F,15,0,15
Alva,U,9881,5963,3918
Alvah,M,133,133,0
Alvan,M,120,120,0
Alvaro,M,14032,14032,0
Alveena,F,12,0,12
Alven,M,16,16,0
Alvena,F,101,0,101
Alvera,F,922,0,922
Alverda,F,259,0,259
Alverna,F,130,0,130
Alverta,F,1003,0,1003
Alverto,M,33,33,0
Alvester,M,23,23,0
Alvey,M,10,10,0
Alvi,M,10,10,0
Alvie,M,1482,1455,27
Alvilda,F,8,0,8
Alvin,M,152318,152297,21
Alvina,F,4502,0,4502
Alvino,M,598,598,0
Alvira,F,83,0,83
Alvis,M,2461,2451,10
Alvita,F,5,0,5
Alwilda,F,10,0,10
Alwin,M,21,21,0
Alwyn,M,23,23,0
Aly,F,499,105,394
Alya,F,860,0,860
Alyaan,M,12,12,0
Alyah,F,498,0,498
Alyan,M,15,15,0
Alyana,F,916,0,916
Alyanah,F,5,0,5
Alyanna,F,952,0,952
Alyannah,F,16,0,16
Alyas,M,5,5,0
Alyce,F,11247,0,11247
Alycia,F,6862,0,6862
Alyda,F,5,0,5
Alydia,F,37,0,37
Alyene,F,12,0,12
Alyia,F,28,0,28
Alyiah,F,174,0,174
Alyissa,F,30,0,30
Alyjah,M,5,5,0
Alyn,F,55,0,55
Alyna,F,1565,0,1565
Alynah,F,43,0,43
Alyne,F,132,0,132
Alynna,F,514,0,514
Alyra,F,6,0,6
Alyric,F,12,0,12
Alys,F,20,0,20
Alysa,F,4549,0,4549
Alysah,F,10,0,10
Alysandra,F,26,0,26
Alyse,F,4626,0,4626
Alysen,F,11,0,11
Alysha,F,7057,0,7057
Alyshia,F,187,0,187
Alysia,F,6271,0,6271
Alyson,F,26122,0,26122
Alyss,F,5,0,5
Alyssa,F,311879,70,311809
Alyssah,F,146,0,146
Alyssamae,F,5,0,5
Alyssamarie,F,101,0,101
Alyssandra,F,249,0,249
Alysse,F,380,0,380
Alyssia,F,2725,0,2725
Alysson,F,672,0,672
Alyvia,F,4019,0,4019
Alyviah,F,6,0,6
Alyx,F,132,0,132
Alyxandra,F,53,0,53
Alyxandria,F,34,0,34
Alyza,F,682,0,682
Alyzabeth,F,6,0,6
Alyzae,F,19,0,19
Alyzah,F,47,0,47
Alyze,F,15,0,15
Alyzea,F,13,0,13
Alyzza,F,45,0,45
Alzada,F,10,0,10
Alzina,F,22,0,22
Alzira,F,12,0,12
Ama,F,50,0,50
Amaan,M,362,362,0
Amaar,M,56,56,0
Amada,F,1170,0,1170
Amadeo,M,608,608,0
Amadeus,M,472,472,0
Amadi,F,5,0,5
Amadita,F,5,0,5
Amado,M,2818,2818,0
Amador,M,2238,2238,0
Amadou,M,588,588,0
Amahia,F,73,0,73
Amai,F,12,0,12
Amaia,F,3277,0,3277
Amaiah,F,226,0,226
Amaira,F,377,0,377
Amairani,F,900,0,900
Amairany,F,737,0,737
Amais,M,14,14,0
Amaiya,F,759,0,759
Amaiyah,F,239,0,239
Amal,F,2291,0,2291
Amala,F,5,0,5
Amali,F,11,0,11
Amalia,F,11573,0,11573
Amalie,F,229,0,229
Amalin,F,6,0,6
Amalio,M,10,10,0
Amaliya,F,5,0,5
Amalya,F,37,0,37
Amalyn,F,5,0,5
Aman,M,1114,1104,10
Amana,F,5,0,5
Amanada,F,31,0,31
Amanat,F,22,0,22
Amanda,F,777639,826,776813
Amandeep,F,123,60,63
Amando,M,479,474,5
Amani,F,12277,1164,11113
Amanpreet,F,43,5,38
Amanuel,M,47,47,0
Amar,M,2857,2839,18
Amara,F,22133,25,22108
Amarachi,F,157,0,157
Amarachukwu,F,5,0,5
Amarah,F,1018,0,1018
Amaranta,F,14,0,14
Amare,M,5083,5072,11
Amaree,U,208,139,69
Amari,U,45176,26850,18326
Amaria,F,1620,0,1620
Amariah,F,1953,0,1953
Amarian,M,43,43,0
Amariana,F,250,0,250
Amarianna,F,56,0,56
Amarie,F,1198,36,1162
Amarii,U,236,180,56
Amarilis,F,132,0,132
Amarilys,F,27,0,27
Amarion,M,3273,3273,0
Amariona,F,7,0,7
Amaris,F,6741,148,6593
Amarissa,F,123,0,123
Amarius,M,6,6,0
Amariya,F,58,0,58
Amariyah,F,177,0,177
Amariyon,M,5,5,0
Amariz,F,10,0,10
Amaro,M,18,18,0
Amarra,F,15,0,15
Amarri,M,10,10,0
Amaru,M,191,191,0
Amaryllis,F,307,0,307
Amato,M,6,6,0
Amatullah,F,15,0,15
Amauri,M,1054,995,59
Amauris,M,5,5,0
Amaury,M,570,570,0
Amay,M,85,85,0
Amaya,F,39055,0,39055
Amayah,F,3631,0,3631
Amayra,F,139,0,139
Amayrani,F,264,0,264
Amayrany,F,18,0,18
Amazi,M,31,31,0
Amaziah,M,160,160,0
Amazing,F,5,0,5
Ambar,F,1930,0,1930
Amber,F,370700,172,370528
Amberle,F,6,0,6
Amberlea,F,5,0,5
Amberlee,F,473,0,473
Amberleigh,F,6,0,6
Amberley,F,69,0,69
Amberlie,F,5,0,5
Amberlin,F,5,0,5
Amberly,F,3878,0,3878
Amberlyn,F,368,0,368
Amberlynn,F,272,0,272
Amberrose,F,12,0,12
Ambika,F,16,0,16
Ambra,F,131,0,131
Ambre,F,16,0,16
Ambree,F,69,0,69
Ambria,F,643,0,643
Ambrie,F,6,0,6
Ambriel,F,5,0,5
Ambrielle,F,101,0,101
Ambrocio,M,11,11,0
Ambrose,M,4322,4322,0
Ambrosia,F,308,0,308
Ambrosio,M,339,339,0
Ambry,F,5,0,5
Ambur,F,21,0,21
Ameal,M,6,6,0
Amedeo,M,134,134,0
Amedio,M,11,11,0
Amee,F,355,0,355
Ameen,M,533,533,0
Ameena,F,632,0,632
Ameenah,F,81,0,81
Ameer,M,4540,4540,0
Ameera,F,1735,0,1735
Ameerah,F,1142,0,1142
Ameet,M,5,5,0
Amei,F,10,0,10
Ameila,F,5,0,5
Ameilia,F,10,0,10
Ameir,M,118,118,0
Amel,F,42,16,26
Amela,F,22,0,22
Ameli,F,25,0,25
Amelia,F,242027,18,242009
Ameliah,F,172,0,172
Ameliana,F,32,0,32
Ameliarose,F,11,0,11
Amelie,F,7245,0,7245
Amelio,M,45,45,0
Ameliya,F,5,0,5
Amell,M,6,6,0
Amellia,F,38,0,38
Amely,F,38,0,38
Amelya,F,30,0,30
Amen,F,746,382,364
Amena,F,106,0,106
Amenadiel,M,80,80,0
Amenda,F,5,0,5
Amer,M,334,334,0
Amera,F,67,0,67
Amere,M,303,298,5
Ameri,F,21,0,21
Ameria,F,148,0,148
America,F,10319,0,10319
Americo,M,1558,1558,0
Americus,F,51,5,46
Amerie,F,1506,0,1506
Amerigo,M,139,139,0
Amerika,F,53,0,53
Ameris,F,49,0,49
Amery,F,153,0,153
Ames,M,232,232,0
Amesha,F,5,0,5
Amethyst,F,2106,0,2106
Amey,F,11,0,11
Ameya,F,275,11,264
Ameyali,F,10,0,10
Ameyalli,F,15,0,15
Ami,F,4653,25,4628
Amia,F,4123,0,4123
Amiah,F,3042,0,3042
Amias,M,1590,1590,0
Amicia,F,5,0,5
Amie,F,17013,0,17013
Amiee,F,310,0,310
Amiel,M,105,105,0
Amier,M,36,36,0
Amiera,F,5,0,5
Amiir,M,15,15,0
Amiira,F,5,0,5
Amil,M,49,38,11
Amila,F,388,0,388
Amilah,F,57,0,57
Amilcar,M,212,212,0
Amilia,F,1254,0,1254
Amiliana,F,24,0,24
Amiliano,M,10,10,0
Amilio,M,6,6,0
Amillia,F,62,0,62
Amilliana,F,11,0,11
Amily,F,10,0,10
Amilya,F,73,0,73
Amin,M,1666,1666,0
Amina,F,15435,0,15435
Aminah,F,3418,0,3418
Aminata,F,1222,0,1222
Amine,M,15,15,0
Aminta,F,20,0,20
Amir,M,47059,47049,10
Amira,F,19453,0,19453
Amiracle,F,913,0,913
Amirah,F,7958,0,7958
Amire,M,101,101,0
Amiree,F,13,0,13
Amiri,U,2281,1572,709
Amiria,F,5,0,5
Amiriah,F,5,0,5
Amirion,M,11,11,0
Amiris,M,12,12,0
Amiriyon,M,5,5,0
Amirjon,M,22,22,0
Amirr,M,6,6,0
Amirrah,F,10,0,10
Amisadai,F,11,0,11
Amish,M,10,10,0
Amisha,F,126,0,126
Amit,M,1648,1639,9
Amita,F,20,0,20
Amitai,M,6,6,0
Amity,F,333,0,333
Amiya,F,7216,0,7216
Amiyah,F,16762,0,16762
Amjad,M,16,16,0
Amma,F,10,0,10
Ammar,M,1433,1433,0
Ammi,F,5,0,5
Ammie,F,354,0,354
Ammon,M,1939,1939,0
Ammy,F,432,0,432
Amna,F,606,0,606
Amnen,M,17,17,0
Amneris,F,6,0,6
Amogh,M,172,172,0
Amon,M,284,284,0
Amoni,F,306,10,296
Amonie,F,5,0,5
Amonte,M,34,34,0
Amor,F,1090,84,1006
Amora,F,6113,0,6113
Amorah,F,195,0,195
Amore,F,259,0,259
Amoreena,F,38,0,38
Amorette,F,130,0,130
Amori,F,77,5,72
Amorie,F,48,0,48
Amory,F,74,18,56
Amos,M,27355,27355,0
Amour,F,227,0,227
Amoura,F,1674,0,1674
Amouri,F,5,0,5
Amparo,F,2288,0,2288
Ample,F,5,0,5
Amr,M,202,202,0
Amra,F,15,0,15
Amram,M,5,5,0
Amran,F,10,0,10
Amreen,F,117,0,117
Amri,F,125,0,125
Amrie,F,18,0,18
Amrit,F,310,144,166
Amrita,F,373,0,373
Amritpal,M,31,31,0
Amrom,M,208,208,0
Amrutha,F,5,0,5
Amulya,F,28,0,28
Amunet,F,5,0,5
Amunique,F,11,0,11
Amy,F,689692,432,689260
Amya,F,9052,0,9052
Amyah,F,1896,0,1896
Amye,F,24,0,24
Amyia,F,160,0,160
Amyiah,F,199,0,199
Amyjo,F,42,0,42
Amyla,F,82,0,82
Amylah,F,17,0,17
Amylia,F,15,0,15
Amyr,M,17,17,0
Amyra,F,1447,0,1447
Amyrah,F,194,0,194
Amyre,F,41,0,41
Amyree,F,10,0,10
Amyri,F,84,0,84
Amyria,F,54,0,54
Amyriah,F,5,0,5
Amyrie,F,71,0,71
Amzie,F,6,0,6
An,F,786,304,482
Ana,F,105071,224,104847
Anaalicia,F,25,0,25
Anaaya,F,20,0,20
Anabel,F,6850,0,6850
Anabela,F,47,0,47
Anabelen,F,10,0,10
Anabelia,F,5,0,5
Anabell,F,630,0,630
Anabella,F,5274,0,5274
Anabelle,F,7146,0,7146
Anabeth,F,8,0,8
Anabia,F,321,0,321
Anabiya,F,5,0,5
Anacamila,F,10,0,10
Anacani,F,20,0,20
Anacaren,F,33,0,33
Anacarolina,F,6,0,6
Anacecilia,F,5,0,5
Anaceli,F,5,0,5
Anaclara,F,40,0,40
Anacleto,M,44,44,0
Anacristina,F,50,0,50
Anadalay,F,10,0,10
Anaeli,F,27,0,27
Anaelle,F,120,0,120
Anagabriela,F,17,0,17
Anagha,F,174,0,174
Anah,F,5,0,5
Anahat,F,22,0,22
Anahi,F,16814,0,16814
Anahid,F,17,0,17
Anahis,F,15,0,15
Anahit,F,241,0,241
Anahita,F,60,0,60
Anahy,F,733,0,733
Anai,F,1352,0,1352
Anaia,F,91,0,91
Anaiah,F,1615,0,1615
Anaid,F,186,0,186
Anaika,F,10,0,10
Anaily,F,6,0,6
Anaira,F,126,0,126
Anairis,F,10,0,10
Anais,F,6997,0,6997
Anaisa,F,74,0,74
Anaisabel,F,6,0,6
Anaise,F,16,0,16
Anaisha,F,344,0,344
Anaissa,F,5,0,5
Anaiya,F,1064,0,1064
Anaiyah,F,658,0,658
Anaiz,F,76,0,76
Anaiza,F,37,0,37
Anaja,F,5,0,5
Anajah,F,22,0,22
Anajulia,F,40,0,40
Anaka,F,5,0,5
Anakaren,F,680,0,680
Anakin,M,3587,3587,0
Anala,F,5,0,5
Analaura,F,140,0,140
Analaya,F,78,0,78
Analayah,F,40,0,40
Analea,F,45,0,45
Analeah,F,801,0,801
Analee,F,866,0,866
Analeia,F,163,0,163
Analeigh,F,677,0,677
Analeigha,F,28,0,28
Analena,F,6,0,6
Analeya,F,43,0,43
Analeyah,F,11,0,11
Anali,F,1266,0,1266
Analia,F,5669,0,5669
Analiah,F,446,0,446
Analicia,F,1150,0,1150
Analie,F,134,0,134
Analiese,F,516,0,516
Analilia,F,143,0,143
Analina,F,17,0,17
Analis,F,105,0,105
Analisa,F,2298,0,2298
Analise,F,2704,0,2704
Analissa,F,39,0,39
Analisse,F,6,0,6
Analiya,F,21,0,21
Analiyah,F,670,0,670
Analiz,F,181,0,181
Analiza,F,28,0,28
Analleli,F,13,0,13
Anallely,F,34,0,34
Analucia,F,368,0,368
Analuisa,F,68,0,68
Analuiza,F,7,0,7
Analy,F,1309,0,1309
Analya,F,5,0,5
Analyah,F,6,0,6
Analyn,F,12,0,12
Analynn,F,22,0,22
Analysa,F,81,0,81
Analyse,F,77,0,77
Analysia,F,6,0,6
Analyssa,F,223,0,223
Anam,F,125,0,125
Anamaria,F,1557,0,1557
Anamarie,F,345,0,345
Anamika,F,6,0,6
Anamta,F,5,0,5
Anand,M,618,618,0
Ananda,F,536,0,536
Anani,F,5,0,5
Ananias,M,34,34,0
Anant,U,26,18,8
Ananya,F,2922,0,2922
Anapaola,F,10,0,10
Anapatricia,F,7,0,7
Anapaula,F,255,0,255
Anara,F,23,0,23
Anareli,F,10,0,10
Anari,F,244,0,244
Anaria,F,5,0,5
Anarosa,F,85,0,85
Anas,M,1279,1279,0
Anasia,F,136,0,136
Anasofia,F,508,0,508
Anasophia,F,53,0,53
Anastacia,F,2339,0,2339
Anastacio,M,1299,1299,0
Anastasi,F,20,0,20
Anastasia,F,48993,0,48993
Anastasija,F,17,0,17
Anastasio,M,57,57,0
Anastasios,M,278,278,0
Anastasiya,F,22,0,22
Anastassia,F,20,0,20
Anastazia,F,61,0,61
Anastyn,F,16,0,16
Anatole,M,13,13,0
Anav,M,39,39,0
Anaveah,F,5,0,5
Anavi,F,11,0,11
Anavia,F,5,0,5
Anavictoria,F,130,0,130
Anay,U,862,560,302
Anaya,F,15064,0,15064
Anayah,F,2049,0,2049
Anayat,F,7,0,7
Anayeli,F,1479,0,1479
Anayely,F,36,0,36
Anayiah,F,5,0,5
Anayla,F,15,0,15
Anayra,F,111,0,111
Anaysia,F,5,0,5
Anberlin,F,16,0,16
Ancel,M,25,25,0
Ancil,M,165,165,0
Anda,F,5,0,5
Andee,F,77,0,77
Andelyn,F,10,0,10
Anden,M,70,70,0
Ander,M,2313,2313,0
Andera,F,45,0,45
Anders,M,4610,4610,0
Andersen,M,115,110,5
Anderson,M,27325,26834,491
Andersyn,F,5,0,5
Andhy,M,5,5,0
Andi,F,4103,233,3870
Andie,F,2713,5,2708
Andon,M,369,369,0
Andoni,M,34,34,0
Andora,F,6,0,6
Andra,F,2924,884,2040
Andrae,M,609,609,0
Andranik,M,130,130,0
Andraya,F,54,0,54
Andre,M,126146,125692,454
Andrea,F,443747,3334,440413
Andreah,F,31,0,31
Andreana,F,381,0,381
Andreanna,F,76,0,76
Andreas,M,5081,5081,0
Andree,F,669,231,438
Andrei,M,1301,1301,0
Andreia,F,15,0,15
Andreina,F,734,0,734
Andreita,F,5,0,5
Andrej,M,15,15,0
Andrena,F,64,0,64
Andres,M,90050,89928,122
Andressa,F,5,0,5
Andretta,F,7,0,7
Andrew,M,1303394,1301499,1895
Andrewjames,M,10,10,0
Andrews,M,40,40,0
Andrey,M,1172,1172,0
Andreya,F,155,0,155
Andrez,M,358,358,0
Andria,F,5337,0,5337
Andrian,M,22,22,0
Andriana,F,618,0,618
Andrianna,F,128,0,128
Andrick,M,132,132,0
Andrik,M,377,377,0
Andrina,F,113,0,113
Andriy,M,6,6,0
Andromeda,F,246,0,246
Andru,M,277,277,0
Andrue,M,95,95,0
Andrus,M,22,22,0
Andruw,M,133,133,0
Andry,M,18,18,0
Andrzej,M,54,54,0
Andy,M,87711,87560,151
Anecia,F,48,0,48
Aneesa,F,567,0,567
Aneesah,F,114,0,114
Aneesh,M,240,240,0
Aneesha,F,29,0,29
Aneisha,F,16,0,16
Anel,F,1218,5,1213
Anela,F,743,0,743
Aneley,F,5,0,5
Aneli,F,21,0,21
Anelis,F,5,0,5
Anelise,F,36,0,36
Aneliz,F,75,0,75
Anella,F,23,0,23
Anelly,F,5,0,5
Anely,F,85,0,85
Anesa,F,12,0,12
Anesha,F,30,0,30
Anesia,F,10,0,10
Anessa,F,854,0,854
Anet,F,5,0,5
Aneta,F,82,0,82
Aneth,F,71,0,71
Anetra,F,78,0,78
Anett,F,27,0,27
Anette,F,1086,0,1086
Aneudi,M,5,5,0
Aneudy,M,22,22,0
Anevay,F,70,0,70
Aneya,F,16,0,16
Anfernee,M,762,762,0
Angad,M,277,277,0
Angel,U,350101,253516,96585
Angela,F,667237,469,666768
Angeldejesus,M,17,17,0
Angele,F,326,0,326
Angelea,F,33,0,33
Angeleah,F,21,0,21
Angelean,F,5,0,5
Angelee,F,245,0,245
Angeleen,F,18,0,18
Angeleena,F,20,0,20
Angelena,F,749,0,749
Angelene,F,198,0,198
Angeles,F,2021,5,2016
Angelette,F,5,0,5
Angelgabriel,M,87,87,0
Angeli,F,530,0,530
Angelia,F,18897,0,18897
Angeliah,F,5,0,5
Angelic,F,1732,0,1732
Angelica,F,89607,142,89465
Angelicamaria,F,5,0,5
Angelicamarie,F,5,0,5
Angelicia,F,6,0,6
Angelie,F,1074,0,1074
Angelik,F,33,0,33
Angelika,F,1155,0,1155
Angeliki,F,20,0,20
Angelin,F,129,0,129
Angelina,F,117806,5,117801
Angelinah,F,5,0,5
Angeline,F,27861,0,27861
Angelinne,F,5,0,5
Angelino,M,18,18,0
Angeliqu,F,5,0,5
Angelique,F,26554,0,26554
Angelis,F,125,0,125
Angelisa,F,49,0,49
Angelise,F,221,0,221
Angelisse,F,14,0,14
Angelita,F,8706,22,8684
Angelito,M,15,15,0
Angeliyah,F,6,0,6
Angeliz,F,96,0,96
Angeljesus,M,5,5,0
Angella,F,1191,0,1191
Angelle,F,1145,0,1145
Angelli,F,107,0,107
Angellica,F,21,0,21
Angellina,F,29,0,29
Angello,M,96,96,0
Angelly,F,95,0,95
Angelmarie,F,17,0,17
Angelo,M,78621,78597,24
Angelos,M,15,15,0
Angelus,M,7,7,0
Angely,F,1784,0,1784
Angelyn,F,615,0,615
Angelyna,F,185,0,185
Angelyne,F,17,0,17
Angelynn,F,101,0,101
Angelys,F,21,0,21
Angenette,F,6,0,6
Angeni,F,5,0,5
Angi,F,5,0,5
Angie,F,58396,0,58396
Angila,F,15,0,15
Angla,F,20,0,20
Angle,F,75,0,75
Anglea,F,313,0,313
Anglia,F,70,0,70
Anguel,M,20,20,0
Angus,M,1820,1820,0
Angy,F,54,0,54
Anh,F,859,187,672
Anhad,M,52,47,5
Anhar,F,24,0,24
Anhelica,F,5,0,5
Anhthu,F,13,0,13
Ani,F,1599,0,1599
Ania,F,1577,0,1577
Aniah,F,1879,0,1879
Anias,M,10,10,0
Aniaya,F,18,0,18
Anibal,M,2401,2395,6
Anica,F,162,0,162
Anice,F,15,0,15
Aniceto,M,134,134,0
Anicia,F,87,0,87
Aniel,M,11,11,0
Aniela,F,187,0,187
Aniello,M,247,247,0
Anifer,F,15,0,15
Anija,F,6,0,6
Anijah,F,480,0,480
Anik,M,26,26,0
Anika,F,13504,0,13504
Anikah,F,5,0,5
Aniket,M,67,67,0
Aniketh,M,10,10,0
Aniko,F,12,0,12
Anil,M,377,377,0
Anila,F,15,0,15
Anilah,F,37,0,37
Anina,F,18,0,18
Aniqa,F,17,0,17
Anique,F,10,0,10
Anirudh,M,696,696,0
Anis,M,6,6,0
Anisa,F,3293,0,3293
Anisah,F,151,0,151
Anise,F,51,0,51
Aniseto,M,5,5,0
Anish,M,1769,1769,0
Anisha,F,2445,0,2445
Anishka,F,46,0,46
Anisjon,M,6,6,0
Anissa,F,9759,0,9759
Anissia,F,16,0,16
Aniston,F,1369,0,1369
Anisty,F,5,0,5
Anistyn,F,272,0,272
Anita,F,207998,16,207982
Anitra,F,2605,0,2605
Anitza,F,6,0,6
Anival,M,70,70,0
Aniya,F,16610,0,16610
Aniyah,F,29145,0,29145
Aniyha,F,11,0,11
Aniyla,F,147,0,147
Aniylah,F,278,0,278
Aniyyah,F,5,0,5
Aniza,F,10,0,10
Anja,F,805,0,805
Anjail,F,6,0,6
Anjalee,F,5,0,5
Anjali,F,3888,0,3888
Anjana,F,38,0,38
Anjanae,F,5,0,5
Anjanette,F,1414,0,1414
Anjani,F,6,0,6
Anjannette,F,5,0,5
Anjeanette,F,37,0,37
Anjel,M,334,334,0
Anjela,F,39,0,39
Anjelica,F,2755,0,2755
Anjelika,F,39,0,39
Anjelina,F,117,0,117
Anjelique,F,5,0,5
Anjenette,F,5,0,5
Anjolaoluwa,F,47,0,47
Anjoli,F,5,0,5
Anjolie,F,101,0,101
Anjolina,F,15,0,15
Anjuli,F,95,0,95
Ankit,M,202,202,0
Ankita,F,88,0,88
Ankitha,F,5,0,5
Ankur,M,151,151,0
Ankush,M,5,5,0
Anmarie,F,16,0,16
Anmay,M,5,5,0
Anmol,F,169,97,72
Ann,F,451442,109,451333
Anna,F,761184,387,760797
Annabel,F,10355,0,10355
Annabell,F,2961,0,2961
Annabella,F,13057,0,13057
Annabelle,F,60362,0,60362
Annabeth,F,1202,0,1202
Annaclaire,F,50,0,50
Annaclara,F,11,0,11
Annaelle,F,5,0,5
Annagrace,F,89,0,89
Annah,F,150,0,150
Annahi,F,88,0,88
Annai,F,11,0,11
Annais,F,35,0,35
Annajulia,F,5,0,5
Annaka,F,27,0,27
Annakate,F,6,0,6
Annalaya,F,5,0,5
Annalea,F,55,0,55
Annaleah,F,419,0,419
Annalee,F,3974,0,3974
Annaleia,F,10,0,10
Annaleigh,F,1522,0,1522
Annaleigha,F,5,0,5
Annali,F,164,0,164
Annalia,F,571,0,571
Annaliah,F,6,0,6
Annalicia,F,212,0,212
Annalie,F,371,0,371
Annaliese,F,2713,0,2713
Annalina,F,10,0,10
Annalisa,F,3043,0,3043
Annalise,F,13883,0,13883
Annalissa,F,5,0,5
Annaliyah,F,45,0,45
Annaliz,F,11,0,11
Annaliza,F,10,0,10
Annalucia,F,10,0,10
Annaluiza,F,5,0,5
Annaly,F,219,0,219
Annalyn,F,279,0,279
Annalynn,F,374,0,374
Annalysa,F,5,0,5
Annalyse,F,519,0,519
Annalyssa,F,5,0,5
Annamae,F,1567,0,1567
Annamari,F,6,0,6
Annamaria,F,1574,0,1574
Annamarie,F,7824,0,7824
Annamary,F,16,0,16
Annamay,F,169,0,169
Annarose,F,5,0,5
Annasofia,F,15,0,15
Annasophia,F,112,0,112
Annastacia,F,5,0,5
Annastasia,F,292,0,292
Annay,F,6,0,6
Annaya,F,20,0,20
Anndrea,F,15,0,15
Anne,F,308544,48,308496
Anneka,F,46,0,46
Anneke,F,126,0,126
Annel,F,261,0,261
Anneli,F,7,0,7
Annelie,F,5,0,5
Anneliese,F,2912,0,2912
Annelise,F,3703,0,3703
Annell,F,51,0,51
Annella,F,40,0,40
Annelle,F,101,0,101
Annelyse,F,10,0,10
Annemari,F,13,0,13
Annemarie,F,8546,0,8546
Anner,F,130,0,130
Annessa,F,35,0,35
Annet,F,26,0,26
Annete,F,16,0,16
Anneth,F,46,0,46
Annett,F,75,0,75
Annetta,F,4405,0,4405
Annette,F,162921,5,162916
Anni,F,16,0,16
Annia,F,86,0,86
Anniah,F,5,0,5
Annica,F,23,0,23
Annice,F,126,0,126
Annie,F,286179,653,285526
Anniebell,F,5,0,5
Anniemae,F,26,0,26
Annika,F,16733,0,16733
Annina,F,6,0,6
Annis,F,521,0,521
Annisa,F,53,0,53
Annissa,F,206,0,206
Anniston,F,2491,0,2491
Annistyn,F,770,0,770
Annita,F,83,0,83
Anniyah,F,155,0,155
Annlee,F,10,0,10
Annmargaret,F,6,0,6
Annmarie,F,15171,0,15171
Annora,F,109,0,109
Annslee,F,83,0,83
Annsley,F,178,0,178
Anny,F,513,0,513
Annya,F,58,0,58
Annye,F,10,0,10
Anoop,M,10,10,0
Anora,F,196,0,196
Anorah,F,5,0,5
Anori,F,6,0,6
Anouk,F,68,0,68
Anoushka,F,229,0,229
Anquette,F,19,0,19
Ansel,M,1596,1596,0
Anselma,F,58,0,58
Anselmo,M,1501,1501,0
Ansh,M,1266,1266,0
Anshika,F,72,0,72
Anshul,M,70,70,0
Anslee,F,740,0,740
Anslei,F,11,0,11
Ansleigh,F,923,0,923
Ansley,F,9826,0,9826
Anslie,F,54,0,54
Anson,M,3623,3623,0
Antanasia,F,7,0,7
Antania,F,6,0,6
Antara,F,5,0,5
Antasia,F,10,0,10
Antavious,M,212,212,0
Antavius,M,39,39,0
Antawan,M,5,5,0
Antawn,M,27,27,0
Ante,M,16,16,0
Anterrio,M,5,5,0
Antha,F,6,0,6
Anthea,F,43,0,43
Anthem,M,5,5,0
Anthonella,F,56,0,56
Anthoney,M,414,414,0
Anthoni,M,94,94,0
Anthonie,M,102,102,0
Anthonny,M,5,5,0
Anthony,M,1469488,1465710,3778
Anthonyjames,M,12,12,0
Anthonyjohn,M,5,5,0
Anthonyjr,M,12,12,0
Anthuan,M,5,5,0
Antigone,F,5,0,5
Antion,M,6,6,0
Antione,M,2794,2794,0
Antionette,F,5884,0,5884
Antionne,M,5,5,0
Antiono,M,5,5,0
Antjuan,M,65,65,0
Antoin,M,16,16,0
Antoine,M,24062,24052,10
Antoinet,F,8,0,8
Antoinetta,F,97,0,97
Antoinette,F,70622,0,70622
Antoinne,M,5,5,0
Antoino,M,10,10,0
Anton,M,16930,16930,0
Antone,M,2616,2616,0
Antonela,F,40,0,40
Antonella,F,6821,0,6821
Antonetta,F,756,0,756
Antonette,F,4260,0,4260
Antoni,M,757,757,0
Antonia,F,28252,1023,27229
Antonie,M,38,38,0
Antonieta,F,27,0,27
Antonietta,F,438,0,438
Antoniette,F,52,0,52
Antonina,F,923,0,923
Antonino,M,728,728,0
Antonio,M,255030,254414,616
Antoniodejesus,M,15,15,0
Antonios,M,167,167,0
Antonique,F,6,0,6
Antonisha,F,27,0,27
Antony,M,6379,6379,0
Antoria,F,7,0,7
Antrell,M,5,5,0
Antron,M,361,361,0
Antrone,M,5,5,0
Antuan,M,211,211,0
Antwain,M,833,833,0
Antwaine,M,10,10,0
Antwan,M,10380,10380,0
Antwane,M,81,81,0
Antwanette,F,38,0,38
Antwann,M,41,41,0
Antwaun,M,198,198,0
Antwine,M,71,71,0
Antwoin,M,11,11,0
Antwoine,M,93,93,0
Antwon,M,4221,4221,0
Antwone,M,519,519,0
Antwonette,F,5,0,5
Antwuan,M,28,28,0
Anuar,M,45,45,0
Anubis,M,35,35,0
Anuel,M,102,102,0
Anuhea,F,263,0,263
Anuj,M,112,112,0
Anum,F,119,0,119
Anup,M,6,6,0
Anurag,M,12,12,0
Anureet,F,5,0,5
Anusha,F,428,0,428
Anushka,F,793,0,793
Anushree,F,5,0,5
Anvay,M,16,16,0
Anvi,F,533,0,533
Anvika,F,348,0,348
Anvit,M,27,27,0
Anvita,F,80,0,80
Anvitha,F,48,0,48
Anwar,M,1119,1119,0
Anwita,F,16,0,16
Any,F,11,0,11
Anya,F,16288,0,16288
Anyae,F,62,0,62
Anyah,F,610,0,610
Anye,F,6,0,6
Anyeli,F,131,0,131
Anyelin,F,50,0,50
Anyelo,M,5,5,0
Anyia,F,191,0,191
Anyiah,F,58,0,58
Anyla,F,1684,0,1684
Anylah,F,826,0,826
Anysa,F,23,0,23
Anysia,F,15,0,15
Anyssa,F,1250,0,1250
Anzal,F,135,0,135
Anze,M,5,5,0
Anzel,M,6,6,0
Anzlee,F,5,0,5
Anzley,F,12,0,12
Aoi,F,5,0,5
Aoife,F,845,0,845
Aolani,F,274,0,274
Aolanis,F,258,0,258
Aparna,F,40,0,40
Aphrodite,F,64,0,64
Apolinar,M,711,706,5
Apollo,M,6029,6029,0
Apollonia,F,97,0,97
Apolo,M,6,6,0
Apolonia,F,305,0,305
Apolonio,M,869,869,0
Apoorva,F,15,0,15
Apostolos,M,19,19,0
Apple,F,68,0,68
Appollonia,F,5,0,5
Appolonia,F,5,0,5
April,F,239586,52,239534
Aprile,F,5,0,5
Aprill,F,5,0,5
Aprille,F,25,0,25
Apryl,F,807,0,807
Aqib,M,10,10,0
Aqsa,F,133,0,133
Aquasia,F,5,0,5
Aqueelah,F,56,0,56
Aquil,M,132,132,0
Aquila,F,28,0,28
Aquiles,M,186,186,0
Aquilla,F,15,0,15
Aquinnah,F,6,0,6
Ara,F,922,302,620
Arabela,F,5,0,5
Arabell,F,16,0,16
Arabella,F,23130,0,23130
Arabelle,F,752,0,752
Arabia,F,17,0,17
Araceli,F,17513,63,17450
Aracelia,F,129,0,129
Aracelie,F,14,0,14
Aracelis,F,494,0,494
Aracelli,F,52,0,52
Aracelly,F,5,0,5
Aracely,F,7872,0,7872
Aracelys,F,8,0,8
Arad,M,6,6,0
Aradhya,F,66,0,66
Araf,M,59,59,0
Arafat,M,23,23,0
Araina,F,5,0,5
Araiya,F,28,0,28
Araiyah,F,10,0,10
Araly,F,5,0,5
Aralyn,F,249,0,249
Aralynn,F,236,0,236
Aram,M,1327,1327,0
Arami,F,6,0,6
Araminta,F,5,0,5
Aramis,M,983,978,5
Aran,M,133,133,0
Arantxa,F,185,0,185
Arantza,F,616,0,616
Aranza,F,2354,0,2354
Araoluwa,F,6,0,6
Aras,M,48,48,0
Araseli,F,632,0,632
Arasely,F,25,0,25
Arash,M,329,329,0
Arath,M,708,708,0
Arav,M,392,392,0
Aravind,M,13,13,0
Araya,F,2082,0,2082
Arayah,F,446,0,446
Arayla,F,5,0,5
Arbadella,F,5,0,5
Arben,M,60,60,0
Arber,M,51,51,0
Arbi,M,5,5,0
Arbie,M,12,12,0
Arbor,F,11,0,11
Arbutus,F,348,0,348
Arcadia,F,5,0,5
Arcadio,M,309,309,0
Arcangel,M,21,21,0
Arcangelo,M,10,10,0
Arcelia,F,877,0,877
Arcenio,M,5,5,0
Arch,M,200,200,0
Archer,M,22779,22754,25
Archibald,M,678,678,0
Archibaldo,M,6,6,0
Archie,M,43619,43436,183
Archit,M,10,10,0
Archita,F,5,0,5
Archivaldo,M,62,62,0
Arcilia,F,11,0,11
Arcola,F,36,0,36
Arda,M,114,109,5
Ardath,F,136,0,136
Ardele,F,5,0,5
Ardelia,F,113,0,113
Ardell,F,1153,457,696
Ardella,F,855,0,855
Ardelle,F,443,0,443
Arden,F,8018,3846,4172
Ardene,F,7,0,7
Ardeth,F,188,0,188
Ardian,M,16,16,0
Ardie,F,6,0,6
Ardis,F,4204,212,3992
Ardit,M,18,18,0
Ardita,F,5,0,5
Ardith,F,3261,5,3256
Ardyce,F,548,0,548
Ardyn,F,14,0,14
Ardys,F,259,0,259
Ardyth,F,35,0,35
Ardythe,F,5,0,5
Areana,F,40,0,40
Areanna,F,99,0,99
Areatha,F,12,0,12
Areeb,M,27,27,0
Areeba,F,55,0,55
Areebah,F,5,0,5
Areej,F,71,0,71
Areen,F,10,0,10
Areesha,F,32,0,32
Areg,M,32,32,0
Areil,F,6,0,6
Areisy,F,9,0,9
Arek,M,28,28,0
Arel,M,5,5,0
Areli,F,4896,5,4891
Arelie,F,13,0,13
Arelis,F,336,0,336
Arella,F,40,0,40
Arelly,F,68,0,68
Arely,F,9336,0,9336
Arelys,F,69,0,69
Aren,M,721,721,0
Arend,M,5,5,0
Areni,F,5,0,5
Areona,F,6,0,6
Areonna,F,10,0,10
Ares,M,5024,4989,35
Aretha,F,3175,0,3175
Areti,F,6,0,6
Aretta,F,107,0,107
Arevik,F,5,0,5
Areya,F,5,0,5
Arfa,F,36,0,36
Argelia,F,392,0,392
Argelio,M,16,16,0
Argelis,M,21,21,0
Argenis,M,498,498,0
Argentina,F,45,0,45
Argie,F,88,10,78
Argus,M,16,16,0
Arha,F,40,0,40
Arhaan,M,177,177,0
Arham,M,1240,1240,0
Arhan,M,21,21,0
Arhianna,F,18,0,18
Ari,M,21656,16679,4977
Aria,F,81948,282,81666
Ariabella,F,7,0,7
Ariadna,F,2585,0,2585
Ariadne,F,3085,0,3085
Ariah,F,9304,0,9304
Ariahna,F,5,0,5
Arial,F,180,0,180
Ariam,F,48,0,48
Arian,M,4638,4464,174
Ariana,F,114179,22,114157
Arianah,F,220,0,220
Ariane,F,1659,0,1659
Arianelly,F,89,0,89
Ariani,F,137,0,137
Arianie,F,5,0,5
Arianna,F,99987,0,99987
Ariannah,F,228,0,228
Arianne,F,1787,0,1787
Arianni,F,117,0,117
Ariannie,F,5,0,5
Arianny,F,1159,0,1159
Ariany,F,113,0,113
Ariarose,F,5,0,5
Arias,M,11,11,0
Ariatna,F,31,0,31
Ariauna,F,10,0,10
Ariba,F,6,0,6
Aribella,F,522,0,522
Aribelle,F,10,0,10
Aric,M,4217,4217,0
Arica,F,692,0,692
Arick,M,52,52,0
Ariday,F,13,0,13
Arie,F,1513,410,1103
Arieal,F,5,0,5
Arieana,F,94,0,94
Arieanna,F,321,0,321
Ariel,F,92793,18122,74671
Ariela,F,2126,0,2126
Ariele,F,30,0,30
Arielis,F,32,0,32
Ariell,F,78,0,78
Ariella,F,17400,0,17400
Ariellah,F,12,0,12
Arielle,F,27606,11,27595
Arielly,F,7,0,7
Ariely,F,31,0,31
Arielys,F,52,0,52
Arien,M,25,25,0
Arienne,F,7,0,7
Arieona,F,10,0,10
Arieonna,F,11,0,11
Aries,U,3109,2309,800
Arietta,F,24,0,24
Arif,M,107,107,0
Arihaan,M,10,10,0
Arihana,F,5,0,5
Arihanna,F,207,0,207
Arihant,M,5,5,0
Arik,M,671,671,0
Arika,F,595,0,595
Arikka,F,5,0,5
Arilene,F,5,0,5
Arilyn,F,18,0,18
Arilynn,F,31,0,31
Arin,F,1148,634,514
Arina,F,440,0,440
Arinze,M,5,5,0
Ario,M,31,31,0
Arion,M,636,580,56
Ariona,F,110,0,110
Arionna,F,1093,0,1093
Aris,U,1132,783,349
Arisa,F,167,0,167
Arisbeth,F,814,0,814
Arish,M,42,42,0
Arisha,F,308,0,308
Arissa,F,1055,0,1055
Arista,F,35,0,35
Aristea,F,5,0,5
Aristeo,M,308,308,0
Aristide,M,5,5,0
Aristides,M,41,41,0
Ariston,M,24,24,0
Aristotle,M,88,88,0
Aritza,F,33,0,33
Aritzel,F,6,0,6
Aritzia,F,7,0,7
Arius,M,213,213,0
Ariv,M,11,11,0
Ariya,F,5218,0,5218
Ariyah,F,8379,0,8379
Ariyan,M,151,126,25
Ariyana,F,2094,0,2094
Ariyanah,F,5,0,5
Ariyanna,F,1594,0,1594
Ariyon,U,21,15,6
Ariyonna,F,43,0,43
Ariz,M,5,5,0
Ariza,F,439,0,439
Arizbeth,F,607,0,607
Arizona,F,780,0,780
Arjan,M,331,331,0
Arjay,M,23,23,0
Arjen,M,98,98,0
Arjenis,M,7,7,0
Arjeta,F,5,0,5
Arjun,M,9600,9600,0
Arjuna,M,16,16,0
Arjunreddy,M,11,11,0
Arkan,M,39,39,0
Arkeem,M,24,24,0
Arkie,F,6,0,6
Arla,F,506,0,506
Arlan,M,798,798,0
Arlana,F,5,0,5
Arland,M,99,99,0
Arlayne,F,5,0,5
Arlean,F,218,0,218
Arlee,F,49,12,37
Arleen,F,9080,0,9080
Arleene,F,25,0,25
Arleigh,F,22,10,12
Arlen,M,3136,2935,201
Arlena,F,268,0,268
Arlene,F,138060,15,138045
Arlenis,F,5,0,5
Arlenne,F,17,0,17
Arleny,F,5,0,5
Arlet,F,1694,0,1694
Arleta,F,79,0,79
Arleth,F,3957,0,3957
Arletha,F,230,0,230
Arlett,F,533,0,533
Arletta,F,327,0,327
Arlette,F,4343,0,4343
Arley,M,942,920,22
Arlie,M,3320,3081,239
Arlin,U,913,662,251
Arlina,F,10,0,10
Arlind,M,31,31,0
Arlinda,F,193,0,193
Arline,F,13588,0,13588
Arlington,M,218,218,0
Arlis,M,548,431,117
Arlisa,F,11,0,11
Arliss,F,129,0,129
Arliz,F,6,0,6
Arlo,M,16290,16034,256
Arloa,F,41,0,41
Arlon,M,172,172,0
Arlos,M,6,6,0
Arlow,M,12,12,0
Arly,F,436,0,436
Arlyce,F,43,0,43
Arlyle,F,17,0,17
Arlyn,F,1365,636,729
Arlyne,F,361,0,361
Arlynn,F,31,0,31
Arlynne,F,5,0,5
Arlys,F,595,0,595
Arlyss,F,5,0,5
Arma,F,54,0,54
Armaan,M,2277,2277,0
Arman,M,2629,2629,0
Armand,M,10954,10954,0
Armanda,F,56,0,56
Armandina,F,604,0,604
Armando,M,72180,72051,129
Armani,F,22387,12695,9692
Armanii,F,51,6,45
Armany,M,13,13,0
Armarion,M,5,5,0
Armelia,F,10,0,10
Armelinda,F,5,0,5
Armella,F,223,0,223
Armen,M,939,939,0
Armend,M,11,11,0
Armias,M,31,31,0
Armida,F,2251,0,2251
Armilda,F,6,0,6
Armin,M,927,927,0
Armina,F,6,0,6
Arminda,F,155,0,155
Armine,F,69,0,69
Armistead,M,7,7,0
Armon,M,1284,1284,0
Armond,M,842,842,0
Armondo,M,295,295,0
Armoni,F,1523,412,1111
Armonie,F,78,0,78
Armonii,F,5,0,5
Armstead,M,25,25,0
Arna,F,17,0,17
Arnaldo,M,1036,1036,0
Arnav,M,2615,2615,0
Arne,M,914,914,0
Arnel,M,106,106,0
Arnell,F,87,33,54
Arnelle,F,41,0,41
Arnetha,F,15,0,15
Arnetia,F,5,0,5
Arnetra,F,5,0,5
Arnett,M,87,87,0
Arnetta,F,656,0,656
Arnette,F,33,0,33
Arnez,M,20,20,0
Arnie,M,181,176,5
Arnika,F,11,0,11
Arnisha,F,5,0,5
Arnita,F,312,0,312
Arno,M,292,292,0
Arnold,M,97121,97100,21
Arnoldo,M,3571,3571,0
Arnulfo,M,4932,4932,0
Arohi,F,29,0,29
Aroldo,M,15,15,0
Aron,M,15441,15441,0
Aroosa,F,5,0,5
Arora,F,6,0,6
Aroush,F,10,0,10
Arpi,F,96,0,96
Arpine,F,10,0,10
Arpita,F,6,0,6
Arquilla,F,6,0,6
Arren,M,5,5,0
Arriana,F,567,0,567
Arrianna,F,403,0,403
Arrie,F,235,0,235
Arriel,F,10,0,10
Arrielle,F,5,0,5
Arrietty,F,5,0,5
Arrington,M,6,6,0
Arrion,M,5,5,0
Arron,M,4383,4383,0
Arrow,U,958,719,239
Arsalan,M,111,111,0
Arsema,F,179,0,179
Arsen,M,207,207,0
Arsenio,M,892,892,0
Arsh,M,248,248,0
Arshan,M,133,133,0
Arshdeep,U,34,24,10
Arshia,F,55,24,31
Arshiya,F,29,0,29
Arsie,F,7,0,7
Arslan,M,27,27,0
Arson,M,5,5,0
Art,M,2577,2577,0
Arta,F,11,0,11
Artan,M,6,6,0
Artavia,F,22,0,22
Artavious,M,63,63,0
Artavis,M,5,5,0
Artavius,M,24,24,0
Artee,M,5,5,0
Artelia,F,32,0,32
Artem,M,438,438,0
Artemio,M,1450,1450,0
Artemis,F,1757,182,1575
Artemisa,F,114,0,114
Artemisia,F,5,0,5
Artemus,M,5,5,0
Artez,M,5,5,0
Arth,M,17,17,0
Artha,U,15,10,5
Arther,M,2625,2625,0
Arthor,M,5,5,0
Arthur,M,492819,492242,577
Arthuree,F,5,0,5
Arthurine,F,11,0,11
Arthuro,M,40,40,0
Arti,F,5,0,5
Artice,M,5,5,0
Artie,F,4003,1043,2960
Artin,M,204,204,0
Artis,M,2701,2665,36
Artisha,F,16,0,16
Artist,M,217,217,0
Artur,M,214,214,0
Arturo,M,52949,52882,67
Artyom,M,10,10,0
Arul,M,5,5,0
Arun,M,346,346,0
Aruna,F,160,0,160
Arush,M,90,90,0
Arushi,F,173,0,173
Arva,F,21,0,21
Arvel,M,708,708,0
Arvella,F,86,0,86
Arvid,M,1176,1176,0
Arvie,F,38,15,23
Arvil,M,1164,1164,0
Arvilla,F,834,0,834
Arville,M,70,70,0
Arvin,M,1673,1673,0
Arvind,M,66,66,0
Arvine,M,5,5,0
Arvis,M,41,36,5
Arvo,M,111,111,0
Arwa,F,305,0,305
Arwen,F,1304,0,1304
Arwin,M,5,5,0
Arwyn,F,17,0,17
Ary,F,21,11,10
Arya,F,26138,1143,24995
Aryah,F,845,0,845
Aryahi,F,5,0,5
Aryam,F,96,0,96
Aryaman,M,16,16,0
Aryan,M,6408,6338,70
Aryana,F,5510,0,5510
Aryanah,F,6,0,6
Aryanna,F,7691,0,7691
Aryannah,F,21,0,21
Aryanne,F,5,0,5
Aryav,M,27,27,0
Arye,M,203,203,0
Aryeh,M,2314,2314,0
Aryel,F,32,0,32
Aryella,F,18,0,18
Aryelle,F,15,0,15
Aryia,F,119,0,119
Aryiah,F,33,0,33
Aryn,F,775,0,775
Arynn,F,21,0,21
Aryona,F,5,0,5
Aryonna,F,26,0,26
Aryssa,F,147,0,147
Aryya,F,5,0,5
Arzoey,F,7,0,7
Arzoi,F,40,0,40
Arzoyi,F,32,0,32
Arzu,F,5,0,5
Asa,M,13547,13230,317
Asaad,M,259,259,0
Asad,M,693,693,0
Asadbek,M,24,24,0
Asae,F,10,0,10
Asael,M,705,705,0
Asaf,M,30,30,0
Asahd,M,189,189,0
Asahel,M,22,22,0
Asahi,M,5,5,0
Asai,M,78,78,0
Asaiah,M,730,730,0
Asako,F,144,0,144
Asal,F,10,0,10
Asalee,F,5,0,5
Asami,F,5,0,5
Asani,F,109,33,76
Asante,M,207,201,6
Asao,M,5,5,0
Asaph,M,5,5,0
Asaya,M,6,6,0
Asayo,F,29,0,29
Asberry,M,6,6,0
Asbury,M,39,39,0
Ascencion,M,287,248,39
Ascension,U,16,11,5
Ascher,M,21,21,0
Ase,M,7,7,0
Aseel,F,357,0,357
Asees,F,180,0,180
Asenat,F,5,0,5
Asenath,F,48,0,48
Asencion,M,235,192,43
Asenet,F,6,0,6
Aseneth,F,7,0,7
Ash,M,1017,1017,0
Asha,F,6266,6,6260
Ashad,M,38,38,0
Ashaki,F,17,0,17
Ashanta,F,57,0,57
Ashante,F,491,0,491
Ashantee,F,11,0,11
Ashanti,F,10576,135,10441
Ashanty,F,193,0,193
Ashar,M,103,103,0
Ashari,F,116,0,116
Asharia,F,21,0,21
Ashaunti,F,34,0,34
Ashaz,M,11,11,0
Ashby,M,485,389,96
Ashe,F,5,0,5
Asheley,F,90,0,90
Ashely,F,4839,0,4839
Asher,M,93727,93385,342
Ashford,M,5,5,0
Ashia,F,733,0,733
Ashika,F,11,0,11
Ashir,M,10,10,0
Ashira,F,44,0,44
Ashish,M,139,139,0
Ashiya,F,27,0,27
Ashiyah,F,5,0,5
Ashkan,M,53,53,0
Ashkon,M,6,6,0
Ashlan,F,155,5,150
Ashland,F,20,0,20
Ashle,F,59,0,59
Ashlea,F,1540,0,1540
Ashlee,F,41761,12,41749
Ashleen,F,182,0,182
Ashlei,F,659,0,659
Ashleigh,F,29886,10,29876
Ashlen,F,116,0,116
Ashley,F,865893,11347,854546
Ashleyann,F,33,0,33
Ashleymarie,F,57,0,57
Ashleynicole,F,49,0,49
Ashli,F,3720,0,3720
Ashlie,F,7852,0,7852
Ashliegh,F,47,0,47
Ashlin,F,904,0,904
Ashling,F,11,0,11
Ashlon,F,5,0,5
Ashly,F,9524,5,9519
Ashlye,F,10,0,10
Ashlyn,F,46135,6,46129
Ashlyne,F,5,0,5
Ashlynn,F,23943,0,23943
Ashlynne,F,302,0,302
Ashmit,M,5,5,0
Ashmita,F,5,0,5
Ashna,F,178,0,178
Ashneel,M,5,5,0
Ashonti,F,12,0,12
Ashot,M,46,46,0
Ashraf,M,124,124,0
Ashrith,M,20,20,0
Ashten,F,415,216,199
Ashtin,F,484,263,221
Ashton,M,99990,82282,17708
Ashtyn,F,4879,556,4323
Ashtynn,F,8,0,8
Ashunti,F,65,0,65
Ashur,M,29,29,0
Ashvi,F,5,0,5
Ashvik,M,41,41,0
Ashvika,F,5,0,5
Ashvin,M,12,12,0
Ashwath,M,10,10,0
Ashwika,F,5,0,5
Ashwin,M,899,899,0
Ashya,F,5,0,5
Asia,F,30138,13,30125
Asiah,F,706,284,422
Asiana,F,12,0,12
Asianae,F,5,0,5
Asianna,F,5,0,5
Asiel,M,276,276,0
Asier,M,12,12,0
Asif,M,116,116,0
Asim,M,247,247,0
Asir,M,45,45,0
Asiya,F,1276,0,1276
Asiyah,F,726,5,721
Askari,M,58,58,0
Aslan,M,419,419,0
Aslee,F,8,0,8
Asley,F,129,0,129
Asly,F,7,0,7
Aslyn,F,5,0,5
Aslynn,F,5,0,5
Asma,F,1174,0,1174
Asmaa,F,127,0,127
Asmar,M,39,39,0
Asmara,F,5,0,5
Asmi,F,10,0,10
Ason,M,15,15,0
Aspasia,F,5,0,5
Aspen,F,21885,1042,20843
Aspyn,F,2098,0,2098
Aspynn,F,5,0,5
Asra,F,112,0,112
Asriel,M,13,13,0
Assa,F,5,0,5
Assad,M,5,5,0
Assael,M,15,15,0
Assata,F,88,0,88
Asser,M,7,7,0
Assetou,F,5,0,5
Assunta,F,711,0,711
Asta,M,5,5,0
Astella,F,7,0,7
Aster,F,129,28,101
Asteria,F,30,0,30
Astha,F,5,0,5
Astin,M,39,34,5
Aston,M,1346,1346,0
Astor,M,32,32,0
Astoria,F,8,0,8
Astou,F,5,0,5
Astra,F,79,0,79
Astraea,F,103,0,103
Astrid,F,9282,0,9282
Astro,M,82,82,0
Asucena,F,150,0,150
Asuka,F,5,0,5
Asuna,F,23,0,23
Asuncion,F,10,5,5
Asusena,F,307,0,307
Asuzena,F,27,0,27
Aswad,M,5,5,0
Aswell,M,5,5,0
Asya,F,603,0,603
Atalia,F,178,0,178
Atalie,F,131,0,131
Atanacio,M,90,90,0
Atara,F,570,0,570
Atarah,F,238,0,238
Atenas,F,11,0,11
Atenea,F,11,0,11
Atha,F,157,5,152
Athalia,F,227,0,227
Athaliah,F,24,0,24
Athan,M,844,844,0
Athanasia,F,38,0,38
Athanasios,M,280,280,0
Atharv,M,1364,1364,0
Atharva,M,384,384,0
Atheena,F,5,0,5
Athel,M,5,5,0
Athelene,F,5,0,5
Athen,M,128,128,0
Athena,F,43757,0,43757
Athens,M,5,5,0
Athina,F,104,0,104
Athira,F,12,0,12
Athony,M,6,6,0
Athos,M,5,5,0
Athyna,F,6,0,6
Athziri,F,166,0,166
Athziry,F,108,0,108
Atiana,F,173,0,173
Atianna,F,43,0,43
Atiba,M,96,96,0
Atif,M,10,10,0
Atigun,M,5,5,0
Atiksh,M,6,6,0
Atilano,M,23,23,0
Atira,F,10,0,10
Atiya,F,510,0,510
Atlanta,F,17,0,17
Atlantis,F,10,0,10
Atlas,M,17237,16797,440
Atlee,U,315,238,77
Atleigh,F,5,0,5
Atley,F,123,20,103
Atlus,M,5,5,0
Ato,M,6,6,0
Atom,M,299,299,0
Atreus,M,2088,2088,0
Atreyu,M,1152,1152,0
Atsushi,M,8,8,0
Attalie,F,7,0,7
Atthew,M,5,5,0
Atticus,M,14547,14547,0
Attikus,M,5,5,0
Attila,M,48,48,0
Attilio,M,425,425,0
Atul,M,8,8,0
Atwell,M,15,15,0
Atzel,M,18,18,0
Atzi,F,87,0,87
Atzin,M,6,6,0
Atziri,F,264,0,264
Atziry,F,164,0,164
Aubert,M,6,6,0
Aubra,M,15,15,0
Aubre,F,21,0,21
Aubrea,F,10,0,10
Aubreanna,F,11,0,11
Aubree,F,46449,0,46449
Aubrei,F,73,0,73
Aubreigh,F,531,0,531
Aubrey,F,152429,25337,127092
Aubreyana,F,21,0,21
Aubri,F,3207,0,3207
Aubriana,F,1867,0,1867
Aubrianna,F,2911,0,2911
Aubrie,F,12711,0,12711
Aubriee,F,36,0,36
Aubriel,F,6,0,6
Aubriella,F,3016,0,3016
Aubrielle,F,3760,0,3760
Aubrii,F,23,0,23
Aubry,F,1350,216,1134
Aubryana,F,12,0,12
Aubryanna,F,11,0,11
Aubryn,F,19,0,19
Auburn,F,205,46,159
Auda,F,5,0,5
Audel,M,46,46,0
Audelia,F,400,0,400
Audell,F,6,0,6
Auden,M,783,659,124
Audery,F,10,0,10
Audi,M,5,5,0
Audie,U,2224,1349,875
Audine,F,5,0,5
Audley,M,27,27,0
Audon,M,10,10,0
Audra,F,20583,6,20577
Audre,F,5,0,5
Audrea,F,263,0,263
Audreana,F,5,0,5
Audreanna,F,48,0,48
Audree,F,1417,0,1417
Audreena,F,15,0,15
Audrena,F,5,0,5
Audrey,F,295087,572,294515
Audreyana,F,6,0,6
Audreyanna,F,10,0,10
Audri,F,259,0,259
Audria,F,37,0,37
Audriana,F,3448,0,3448
Audrianna,F,2911,0,2911
Audric,M,39,39,0
Audrie,F,1188,0,1188
Audrielle,F,13,0,13
Audrina,F,7377,0,7377
Audrinna,F,67,0,67
Audris,F,13,0,13
Audry,F,963,36,927
Audryana,F,5,0,5
Audryna,F,53,0,53
Audwin,M,5,5,0
Audy,M,6,6,0
Augie,M,69,69,0
August,M,53870,50628,3242
Augusta,F,5643,206,5437
Augustas,M,5,5,0
Auguste,M,17,17,0
Augusten,M,6,6,0
Augustin,M,1918,1918,0
Augustina,F,612,0,612
Augustine,M,11799,10726,1073
Augustino,M,21,21,0
Augusto,M,479,479,0
Augustus,M,13592,13592,0
Aujanae,F,12,0,12
Aukai,M,23,23,0
Aulani,F,368,0,368
Aulii,F,5,0,5
Aulora,F,11,0,11
Aum,M,10,10,0
Auna,F,10,0,10
Aundra,M,30,30,0
Aundre,M,149,149,0
Aundrea,F,1887,0,1887
Aundria,F,51,0,51
Aune,F,129,0,129
Aunesti,F,5,0,5
Aungelique,F,10,0,10
Aunika,F,16,0,16
Aunna,F,15,0,15
Aura,F,1854,0,1854
Aurash,M,6,6,0
Aurea,F,276,0,276
Aurelia,F,10467,0,10467
Aurelian,M,5,5,0
Aureliano,M,157,157,0
Aurelie,F,26,0,26
Aurelio,M,5529,5529,0
Aurelius,M,352,352,0
Auri,F,208,0,208
Auria,F,307,0,307
Auriana,F,53,0,53
Aurianna,F,44,0,44
Auriel,F,43,0,43
Auriella,F,112,0,112
Aurielle,F,168,0,168
Aurion,F,5,0,5
Aurohom,M,5,5,0
Auron,M,40,40,0
Aurora,F,80905,21,80884
Aurorah,F,11,0,11
Aurore,F,175,0,175
Aurther,M,5,5,0
Ausencio,M,29,29,0
Ausitn,M,7,7,0
Austen,M,5848,5601,247
Austin,M,429252,426419,2833
Auston,M,1272,1272,0
Austreberto,M,5,5,0
Austyn,F,5982,3167,2815
Austynn,F,5,0,5
Auther,M,933,933,0
Autherine,F,8,0,8
Author,M,768,768,0
Authur,M,458,458,0
Autie,F,5,0,5
Autrey,M,11,11,0
Autry,M,164,159,5
Autum,F,1100,0,1100
Autumn,F,138456,24,138432
Autymn,F,5,0,5
Autzen,M,6,6,0
Ava,F,322160,50,322110
Avacyn,F,15,0,15
Avagrace,F,57,0,57
Avah,F,5573,0,5573
Avaiyah,F,5,0,5
Avalee,F,493,0,493
Avaleen,F,5,0,5
Avaleigh,F,354,0,354
Avalene,F,6,0,6
Avalina,F,74,0,74
Avaline,F,30,0,30
Avalon,F,1696,0,1696
Avalyn,F,2324,0,2324
Avalynn,F,3016,0,3016
Avamarie,F,418,0,418
Avan,M,263,263,0
Avana,F,47,0,47
Avaneesh,M,15,15,0
Avanell,F,94,0,94
Avanelle,F,45,0,45
Avangeline,F,47,0,47
Avani,F,2351,0,2351
Avanna,F,16,0,16
Avanni,F,17,0,17
Avant,M,111,111,0
Avante,M,126,126,0
Avantika,F,35,0,35
Avaree,F,41,0,41
Avari,F,64,0,64
Avarie,F,508,0,508
Avarose,F,119,0,119
Avary,F,490,0,490
Avaya,F,612,0,612
Avayah,F,1121,0,1121
Ave,F,26,0,26
Avea,F,5,0,5
Aveah,F,155,0,155
Avedis,M,20,20,0
Aveer,M,167,167,0
Aveera,F,5,0,5
Avelardo,M,25,25,0
Avelina,F,469,0,469
Aveline,F,473,0,473
Avelino,M,158,158,0
Avelyn,F,234,0,234
Avelynn,F,27,0,27
Aven,U,1728,1151,577
Avenir,M,141,141,0
Aveon,M,10,10,0
Averee,F,197,0,197
Averey,F,34,0,34
Averi,F,5751,0,5751
Averie,F,11284,5,11279
Averlee,F,5,0,5
Averleigh,F,21,0,21
Averly,F,146,0,146
Avery,F,216823,59774,157049
Averyrose,F,5,0,5
Avet,M,5,5,0
Avetis,M,34,34,0
Avett,M,177,177,0
Aveya,F,26,0,26
Aveyah,F,67,0,67
Avi,M,3993,3874,119
Avia,F,464,0,464
Aviah,F,22,0,22
Avian,M,654,649,5
Aviana,F,6783,0,6783
Avianah,F,24,0,24
Aviance,F,22,0,22
Avianna,F,7329,0,7329
Aviannah,F,33,0,33
Avie,F,178,0,178
Aviel,M,447,447,0
Aviella,F,16,0,16
Avielle,F,95,0,95
Avigail,F,1156,0,1156
Avigayil,F,286,0,286
Avigdor,M,311,311,0
Avik,M,70,70,0
Avika,F,179,0,179
Avila,F,165,0,165
Avilene,F,10,0,10
Avin,M,174,174,0
Avina,F,66,0,66
Avinash,M,306,306,0
Avion,M,1263,1244,19
Aviona,F,5,0,5
Avionna,F,100,0,100
Avir,M,90,90,0
Avira,F,56,0,56
Aviraj,M,122,122,0
Avis,F,12301,5,12296
Avisha,F,6,0,6
Avishai,M,5,5,0
Avishek,M,5,5,0
Avitaj,M,8,8,0
Avital,F,350,0,350
Aviv,M,197,181,16
Aviva,F,1865,0,1865
Aviya,F,15,0,15
Aviyah,F,31,0,31
Avleen,F,159,0,159
Avneet,F,223,0,223
Avner,M,16,16,0
Avni,F,595,0,595
Avnoor,F,90,0,90
Avo,F,26,5,21
Avon,M,130,125,5
Avonell,F,10,0,10
Avonelle,F,32,0,32
Avonlea,F,329,0,329
Avonte,M,22,22,0
Avory,F,33,0,33
Avraham,M,3670,3670,0
Avrahom,M,11,11,0
Avraj,M,19,19,0
Avram,M,59,59,0
Avree,F,48,0,48
Avreen,F,11,0,11
Avri,F,15,0,15
Avriana,F,7,0,7
Avrie,F,146,0,146
Avrielle,F,5,0,5
Avril,F,1640,0,1640
Avroham,M,10,10,0
Avrohom,M,2836,2836,0
Avrum,M,367,367,0
Avrumi,M,71,71,0
Avrumy,M,29,29,0
Avry,F,44,11,33
Avy,F,29,0,29
Avya,F,7,0,7
Avyaan,M,1285,1285,0
Avyan,M,616,616,0
Avyana,F,40,0,40
Avyanna,F,602,0,602
Avyay,M,39,39,0
Avyn,F,12,0,12
Avyukt,M,130,130,0
Avyukth,M,99,99,0
Awa,F,293,0,293
Awab,M,10,10,0
Awais,M,12,12,0
Awet,M,5,5,0
Awilda,F,1232,0,1232
Aws,M,18,18,0
Axcel,M,54,54,0
Axel,M,61418,61418,0
Axell,M,274,274,0
Axelle,F,5,0,5
Axiel,M,36,36,0
Axl,M,2776,2776,0
Axle,M,684,684,0
Axton,M,4236,4236,0
Axtyn,M,14,14,0
Axxel,M,6,6,0
Axyl,M,25,25,0
Axzel,M,5,5,0
Aya,F,5492,0,5492
Ayaan,M,6854,6854,0
Ayaana,F,5,0,5
Ayaansh,M,201,201,0
Ayaat,F,23,0,23
Ayaaz,M,5,5,0
Ayad,M,10,10,0
Ayah,F,3059,0,3059
Ayaka,F,39,0,39
Ayako,F,303,0,303
Ayala,F,468,0,468
Ayame,F,21,0,21
Ayan,M,2848,2638,210
Ayana,F,9513,0,9513
Ayanah,F,34,0,34
Ayane,F,24,0,24
Ayani,F,35,0,35
Ayanna,F,13852,0,13852
Ayannah,F,61,0,61
Ayano,F,5,0,5
Ayansh,M,540,540,0
Ayari,F,121,0,121
Ayasha,F,5,0,5
Ayat,F,741,0,741
Ayaz,M,44,44,0
Ayce,M,246,246,0
Aycen,M,71,71,0
Ayda,F,340,0,340
Aydan,M,4603,4593,10
Ayde,F,68,0,68
Aydee,F,11,0,11
Aydeen,M,5,5,0
Ayden,M,86729,85562,1167
Aydenn,M,305,305,0
Aydin,M,4909,4909,0
Aydon,M,87,87,0
Aydrian,M,17,17,0
Aydyn,M,5,5,0
Ayeden,M,5,5,0
Ayelen,F,241,0,241
Ayelene,F,10,0,10
Ayelet,F,342,0,342
Ayerim,F,5,0,5
Ayesha,F,4306,0,4306
Ayeza,F,31,0,31
Ayham,M,74,74,0
Ayiana,F,112,0,112
Ayianna,F,5,0,5
Ayinde,M,21,21,0
Ayisha,F,189,0,189
Ayla,F,30055,0,30055
Aylaa,F,5,0,5
Aylah,F,901,0,901
Aylan,M,227,227,0
Aylana,F,5,0,5
Aylani,F,745,0,745
Aylanie,F,10,0,10
Aylanni,F,12,0,12
Aylee,F,37,0,37
Ayleen,F,5491,0,5491
Aylen,F,488,0,488
Aylene,F,167,0,167
Aylet,F,5,0,5
Ayleth,F,5,0,5
Aylin,F,14043,0,14043
Ayline,F,151,0,151
Aylinn,F,86,0,86
Aylla,F,67,0,67
Aylssa,F,5,0,5
Ayman,M,1296,1296,0
Aymar,F,113,0,113
Ayme,F,41,0,41
Aymee,F,64,0,64
Aymen,M,23,23,0
Aynara,F,5,0,5
Ayodeji,M,6,6,0
Ayodele,M,22,17,5
Ayomi,F,5,0,5
Ayomide,U,240,166,74
Ayomikun,M,13,13,0
Ayonna,F,118,0,118
Ayoub,M,212,212,0
Ayra,F,1139,0,1139
Ayrah,F,5,0,5
Ayram,F,6,0,6
Ayriana,F,5,0,5
Ayrianna,F,10,0,10
Ayrton,M,162,162,0
Ayse,F,16,0,16
Aysel,F,186,0,186
Aysen,M,16,16,0
Aysha,F,1136,0,1136
Ayshia,F,7,0,7
Aysia,F,815,0,815
Ayslinn,F,6,0,6
Ayson,M,78,78,0
Ayssa,F,58,0,58
Aytana,F,37,0,37
Ayub,M,800,800,0
Ayumi,F,144,0,144
Ayush,M,1085,1085,0
Ayushi,F,48,0,48
Ayuub,M,16,16,0
Ayva,F,2506,0,2506
Ayvah,F,798,0,798
Ayven,M,371,360,11
Ayyan,M,18,18,0
Ayyub,M,41,41,0
Ayza,F,10,0,10
Ayzal,F,252,0,252
Ayzel,F,113,0,113
Aza,F,5,0,5
Azaad,M,14,14,0
Azaan,M,566,566,0
Azad,M,41,41,0
Azadeh,F,17,0,17
Azael,M,2184,2184,0
Azai,M,597,597,0
Azaiah,M,646,646,0
Azaias,M,5,5,0
Azair,M,14,14,0
Azaire,M,66,66,0
Azalea,F,7796,0,7796
Azaleah,F,173,0,173
Azalee,F,584,0,584
Azaleya,F,5,0,5
Azalia,F,804,0,804
Azaliah,F,55,0,55
Azalie,F,5,0,5
Azalynn,F,12,0,12
Azan,M,98,98,0
Azara,F,147,0,147
Azarah,F,13,0,13
Azari,F,875,183,692
Azaria,F,5326,0,5326
Azariah,F,9098,3852,5246
Azarias,M,45,45,0
Azarie,F,5,0,5
Azariel,M,11,11,0
Azariya,F,10,0,10
Azariyah,F,238,0,238
Azaryah,M,5,5,0
Azavion,M,5,5,0
Azaya,F,6,0,6
Azayla,F,33,0,33
Azaylah,F,5,0,5
Azaylia,F,15,0,15
Azaylie,F,7,0,7
Azazel,M,77,77,0
Azeem,M,56,56,0
Azeez,M,5,5,0
Azekiel,M,52,52,0
Azel,M,47,47,0
Azelea,F,5,0,5
Azelia,F,56,0,56
Azelie,F,16,0,16
Azell,M,6,6,0
Azeneth,F,897,0,897
Azhane,F,10,0,10
Azhani,F,5,0,5
Azhar,F,5,0,5
Azia,F,257,0,257
Aziah,M,292,235,57
Aziel,M,4727,4727,0
Azilee,F,135,0,135
Azim,M,47,47,0
Azimjon,M,5,5,0
Azion,M,11,11,0
Azir,M,80,80,0
Azita,F,5,0,5
Aziya,F,45,0,45
Aziyah,F,673,0,673
Aziz,M,522,522,0
Aziza,F,600,0,600
Azka,F,5,0,5
Azlaan,M,35,35,0
Azlan,M,417,417,0
Azlyn,F,88,0,88
Azlynn,F,247,0,247
Azora,F,56,0,56
Azra,F,304,0,304
Azrael,M,1601,1583,18
Azreal,M,12,12,0
Azriel,M,1877,1853,24
Azriella,F,5,0,5
Azrielle,F,16,0,16
Aztlan,M,6,6,0
Azucena,F,2514,0,2514
Azul,F,3410,72,3338
Azula,F,181,0,181
Azumi,F,5,0,5
Azura,F,172,0,172
Azure,F,211,5,206
Azuri,F,428,0,428
Azusena,F,136,0,136
Azylah,F,5,0,5
Azyria,F,6,0,6
Azzie,F,224,0,224
Azzurra,F,5,0,5
Baani,F,74,0,74
Baaz,M,13,13,0
Babacar,M,17,17,0
Babak,M,52,52,0
Babatunde,M,20,20,0
Babe,F,5,0,5
Babette,F,1361,0,1361
Baby,F,8884,4696,4188
Babyboy,M,1280,1280,0
Babygirl,F,1127,6,1121
Bacilia,F,5,0,5
Bacilio,M,27,27,0
Baden,M,27,27,0
Bader,M,10,10,0
Badia,F,10,0,10
Baelyn,F,5,0,5
Bahar,F,96,0,96
Bahe,M,20,20,0
Bahja,F,17,0,17
Baila,F,2759,0,2759
Bailea,F,5,0,5
Bailee,F,14299,0,14299
Bailei,F,5,0,5
Baileigh,F,974,0,974
Bailey,F,124526,17582,106944
Bailie,F,370,0,370
Baillie,F,30,0,30
Baily,F,279,44,235
Bairon,M,24,24,0
Bakari,M,187,187,0
Bakary,M,21,21,0
Baker,M,4119,3950,169
Balam,M,12,12,0
Balbina,F,16,0,16
Baldemar,M,1687,1687,0
Baldomero,M,593,593,0
Baldwin,M,26,26,0
Baleigh,F,720,0,720
Balentin,M,6,6,0
Baleria,F,127,0,127
Baley,F,5,0,5
Balian,M,19,19,0
Balinda,F,11,0,11
Ballard,M,351,351,0
Baltasar,M,10,10,0
Baltazar,M,1538,1538,0
Balthazar,M,5,5,0
Bama,F,105,0,105
Bambi,F,3094,0,3094
Bambina,F,5,0,5
Bane,M,225,225,0
Baneen,F,11,0,11
Banesa,F,177,0,177
Banessa,F,57,0,57
Bani,F,55,0,55
Banks,M,3358,3262,96
Bankston,M,12,12,0
Banner,M,96,96,0
Banx,M,55,55,0
Banyan,M,44,44,0
Bao,F,562,175,387
Barack,M,58,58,0
Barak,M,57,57,0
Baraka,M,5,5,0
Baran,F,6,0,6
Barb,F,3167,0,3167
Barbara,F,1427205,1571,1425634
Barbaraann,F,235,0,235
Barbarajean,F,5,0,5
Barbarann,F,28,0,28
Barbarella,F,5,0,5
Barbarita,F,36,0,36
Barbette,F,6,0,6
Barbi,F,26,0,26
Barbie,F,1600,0,1600
Barbra,F,4020,0,4020
Barclay,M,5,5,0
Bard,M,6,6,0
Bardo,M,5,5,0
Bareen,F,7,0,7
Bari,F,631,0,631
Barin,F,5,0,5
Barkat,F,5,0,5
Barkim,M,6,6,0
Barkon,M,6,6,0
Barkot,M,10,10,0
Barnabas,M,5,5,0
Barnaby,M,11,11,0
Barnard,M,5,5,0
Barnet,M,62,62,0
Barnett,M,188,188,0
Barney,M,10861,10861,0
Barnie,M,34,34,0
Baron,M,2961,2961,0
Barre,M,5,5,0
Barret,M,112,112,0
Barrett,M,25055,25034,21
Barri,F,48,0,48
Barrie,F,730,211,519
Barrington,M,258,258,0
Barron,M,1730,1730,0
Barry,M,177585,177554,31
Bart,M,12771,12771,0
Bartek,M,20,20,0
Barth,M,5,5,0
Bartholomew,M,1318,1318,0
Bartley,M,91,91,0
Bartlomiej,M,41,41,0
Bartolo,M,126,126,0
Bartolomeo,M,6,6,0
Barton,M,4650,4650,0
Bartosz,M,90,90,0
Bartow,M,25,25,0
Baruc,M,6,6,0
Baruch,M,1188,1188,0
Bas,F,5,0,5
Bascom,M,82,82,0
Basel,M,5,5,0
Basem,M,5,5,0
Basha,F,6,0,6
Bashar,M,37,37,0
Basheer,M,5,5,0
Bashir,M,169,169,0
Bashirah,F,5,0,5
Bashy,F,10,0,10
Basia,F,12,0,12
Basil,M,7287,7277,10
Basilia,F,71,0,71
Basilio,M,802,802,0
Basilisa,F,10,0,10
Basir,M,25,25,0
Basma,F,11,0,11
Bassam,M,30,30,0
Bassel,M,5,5,0
Bassheva,F,39,0,39
Bassy,F,67,0,67
Bastian,M,1187,1187,0
Bastien,M,6,6,0
Bastion,M,11,11,0
Basya,F,725,0,725
Bathsheba,F,5,0,5
Batool,F,10,0,10
Batoul,F,165,0,165
Batsheva,F,1639,0,1639
Batu,M,5,5,0
Batya,F,303,0,303
Baudelia,F,27,0,27
Baudelio,M,82,82,0
Bauer,M,88,88,0
Bawi,M,72,67,5
Baxter,M,868,868,0
Baxton,M,5,5,0
Bay,F,70,0,70
Baya,F,20,0,20
Bayan,F,319,5,314
Bayard,M,51,51,0
Bayardo,M,5,5,0
Bayla,F,123,0,123
Bayle,F,5,0,5
Baylea,F,18,0,18
Baylee,F,20028,70,19958
Baylei,F,20,0,20
Bayleigh,F,3458,0,3458
Baylen,M,235,235,0
Bayler,F,31,15,16
Bayley,F,590,46,544
Bayli,F,185,0,185
Baylie,F,1733,0,1733
Baylin,F,5,0,5
Baylon,M,10,10,0
Baylor,U,8035,5951,2084
Bayne,M,43,43,0
Bayron,M,758,758,0
Bayyinah,F,5,0,5
Bb,M,31,31,0
Bea,F,221,0,221
Beadie,F,31,0,31
Beanna,F,5,0,5
Bear,M,1842,1842,0
Bearett,M,10,10,0
Beata,F,133,0,133
Beatrice,F,164524,30,164494
Beatris,F,541,0,541
Beatrix,F,2126,0,2126
Beatriz,F,15366,10,15356
Beau,M,53779,53618,161
Beauden,M,115,115,0
Beauford,M,103,103,0
Beaufort,M,10,10,0
Beaulah,F,594,0,594
Beaumont,M,10,10,0
Beauregard,M,38,38,0
Beautiful,F,289,0,289
Beauton,F,5,0,5
Beauty,F,27,0,27
Beaux,M,1157,1147,10
Bebe,F,202,0,202
Becca,F,997,0,997
Beck,M,1896,1896,0
Beckam,M,249,249,0
Beckem,M,6,6,0
Becker,M,43,43,0
Becket,M,20,20,0
Beckett,M,24070,23702,368
Beckey,F,25,0,25
Beckham,M,15160,15130,30
Becki,F,827,0,827
Beckie,F,774,0,774
Beckley,F,5,0,5
Becky,F,83406,0,83406
Beddie,F,5,0,5
Bedelia,F,5,0,5
Bedford,M,147,147,0
Bedie,F,5,0,5
Bee,M,366,349,17
Beecher,M,253,253,0
Behr,M,5,5,0
Behruz,M,6,6,0
Beija,F,6,0,6
Beila,F,26,0,26
Beily,F,6,0,6
Bejamin,M,29,29,0
Bejan,M,6,6,0
Bekim,M,22,22,0
Bela,F,126,5,121
Belal,M,72,72,0
Belanna,F,5,0,5
Belem,F,55,0,55
Belen,F,9357,16,9341
Belia,F,1457,0,1457
Belicia,F,128,0,128
Belina,F,6,0,6
Belinda,F,68994,0,68994
Belisario,M,5,5,0
Belkis,F,61,0,61
Belky,F,27,0,27
Belkys,F,10,0,10
Bell,F,217,0,217
Bella,F,75458,0,75458
Belladonna,F,18,0,18
Bellah,F,73,0,73
Bellamarie,F,36,0,36
Bellami,F,59,0,59
Bellamie,F,21,0,21
Bellamy,F,4085,1833,2252
Bellanie,F,5,0,5
Bellarose,F,378,0,378
Bellatrix,F,12,0,12
Belle,F,7158,0,7158
Bellina,F,5,0,5
Belma,F,25,0,25
Belmira,F,34,0,34
Belton,M,300,300,0
Belva,F,3964,0,3964
Belvia,F,11,0,11
Belvin,M,11,11,0
Belynda,F,69,0,69
Ben,M,71137,71114,23
Bena,F,32,0,32
Benaiah,M,823,823,0
Benancia,F,5,0,5
Benancio,M,75,75,0
Benard,M,226,226,0
Benay,F,11,0,11
Benedetta,F,107,0,107
Benedetto,M,252,252,0
Benedict,M,5350,5350,0
Benedicto,M,5,5,0
Benelli,F,5,0,5
Benetta,F,6,0,6
Benford,M,5,5,0
Benicia,F,11,0,11
Benicio,M,2884,2884,0
Benigna,F,5,0,5
Benigno,M,706,706,0
Benilde,F,17,0,17
Benino,M,37,37,0
Benita,F,9677,0,9677
Benito,M,11233,11228,5
Benjaman,M,60,60,0
Benjamen,M,671,671,0
Benjamin,M,792649,792177,472
Benjamine,M,40,40,0
Benjaminjoseph,M,5,5,0
Benji,M,603,603,0
Benjie,M,98,98,0
Benjiman,M,530,530,0
Benjy,M,5,5,0
Bennet,M,282,282,0
Bennett,M,56209,55489,720
Bennie,M,53385,45897,7488
Benno,M,5,5,0
Benny,M,42658,42653,5
Bennye,F,10,0,10
Benoit,M,15,15,0
Bensen,M,5,5,0
Benson,M,8253,8253,0
Bensyn,M,5,5,0
Bentlee,M,3569,3353,216
Bentleigh,F,67,0,67
Bentley,M,56144,54244,1900
Bentlie,F,10,5,5
Bently,M,1533,1533,0
Bento,M,6,6,0
Benton,M,4411,4411,0
Bentura,M,22,22,0
Bentzion,M,268,268,0
Bentzy,M,6,6,0
Benuel,M,740,740,0
Benyamin,M,223,223,0
Benzion,M,826,826,0
Berania,F,20,0,20
Berdena,F,7,0,7
Berdia,F,17,0,17
Berdie,F,62,0,62
Berdina,F,6,0,6
Berdine,F,10,0,10
Berel,M,105,105,0
Beren,F,6,0,6
Berenice,F,6330,5,6325
Berenis,F,63,0,63
Berenise,F,299,0,299
Bereniz,F,10,0,10
Berenize,F,19,0,19
Bergen,F,41,24,17
Beril,M,5,5,0
Berish,M,165,165,0
Berit,F,72,0,72
Berkeley,F,669,17,652
Berklee,F,338,0,338
Berkleigh,F,130,0,130
Berkley,F,3900,300,3600
Berl,M,200,200,0
Berlin,F,948,209,739
Berlinda,F,120,0,120
Berline,F,26,0,26
Berlyn,F,304,0,304
Berlynn,F,66,0,66
Berma,F,6,0,6
Berna,F,67,0,67
Bernabe,M,853,853,0
Bernadean,F,5,0,5
Bernadet,F,9,0,9
Bernadette,F,48734,0,48734
Bernadine,F,17678,0,17678
Bernard,M,189445,189403,42
Bernarda,F,89,0,89
Bernardette,F,6,0,6
Bernardina,F,5,0,5
Bernardine,F,1104,0,1104
Bernardino,M,696,696,0
Bernardita,F,7,0,7
Bernardo,M,8222,8222,0
Bernece,F,5,0,5
Berneda,F,39,0,39
Berneice,F,1248,0,1248
Bernell,M,250,217,33
Bernelle,F,5,0,5
Bernerd,M,5,5,0
Bernessia,F,6,0,6
Bernestine,F,60,0,60
Berneta,F,10,0,10
Bernetha,F,116,0,116
Bernetta,F,376,0,376
Bernette,F,25,0,25
Bernhard,M,269,269,0
Bernhardt,M,20,20,0
Bernice,F,165378,1764,163614
Bernie,M,4555,4486,69
Berniece,F,6826,0,6826
Bernina,F,24,0,24
Bernis,M,5,5,0
Bernita,F,1504,0,1504
Bernyce,F,29,0,29
Beronica,F,451,0,451
Berry,M,1982,1977,5
Bert,M,23609,23609,0
Berta,F,3573,0,3573
Bertha,F,137043,20,137023
Berthal,M,5,5,0
Berthe,F,6,0,6
Bertice,F,5,0,5
Bertie,F,7447,6,7441
Bertil,M,79,79,0
Bertin,M,20,20,0
Bertina,F,15,0,15
Bertis,M,22,22,0
Berton,M,134,134,0
Bertram,M,3977,3977,0
Bertrand,M,1443,1443,0
Berwyn,M,15,15,0
Beryl,F,6090,529,5561
Beryle,F,5,0,5
Besim,M,6,6,0
Besnik,M,17,17,0
Bess,F,878,0,878
Bessie,F,102986,5,102981
Bessy,F,19,0,19
Betania,F,24,0,24
Beth,F,154981,15,154966
Bethaney,F,16,0,16
Bethani,F,77,0,77
Bethania,F,5,0,5
Bethanie,F,1261,0,1261
Bethann,F,1465,0,1465
Bethanne,F,395,0,395
Bethanny,F,13,0,13
Bethany,F,97829,0,97829
Bethel,F,1657,156,1501
Bethenny,F,18,0,18
Betheny,F,5,0,5
Bethlehem,F,10,0,10
Bethsaida,F,37,0,37
Bethsy,F,8,0,8
Bethzaida,F,71,0,71
Bethzi,F,7,0,7
Bethzy,F,276,0,276
Betina,F,57,0,57
Beto,M,5,5,0
Betsabe,F,413,0,413
Betsaida,F,226,0,226
Betsey,F,442,0,442
Betsy,F,43355,0,43355
Bette,F,32114,0,32114
Betti,F,30,0,30
Bettie,F,31615,0,31615
Bettina,F,3239,0,3239
Betty,F,986896,1573,985323
Bettyann,F,349,0,349
Bettye,F,20804,0,20804
Bettyjane,F,268,0,268
Bettyjean,F,6,0,6
Bettylou,F,339,0,339
Betzabe,F,34,0,34
Betzabel,F,5,0,5
Betzabeth,F,101,0,101
Betzaida,F,661,0,661
Betzaira,F,26,0,26
Betzalel,M,162,162,0
Betzayda,F,29,0,29
Betzayra,F,7,0,7
Betzi,F,8,0,8
Betzy,F,458,0,458
Beula,F,75,0,75
Beulah,F,51235,0,51235
Beuna,F,10,0,10
Bev,F,414,0,414
Bevan,M,5,5,0
Beverlee,F,598,0,598
Beverley,F,9933,78,9855
Beverly,F,376266,1744,374522
Beverlyn,F,62,0,62
Bevin,F,63,0,63
Bexlee,F,124,0,124
Bexleigh,F,48,0,48
Bexley,F,2256,12,2244
Beya,F,21,0,21
Beyonce,F,1311,0,1311
Beyounce,F,5,0,5
Bg,F,30,0,30
Bhargav,M,16,16,0
Bhavik,M,5,5,0
Bhavin,M,5,5,0
Bhavya,F,19,0,19
Biagio,M,285,285,0
Biana,F,5,0,5
Bianca,F,73779,44,73735
Bianey,F,259,0,259
Biani,F,5,0,5
Bianka,F,1223,0,1223
Bibb,M,33,33,0
Bibi,F,220,0,220
Bibiana,F,588,0,588
Bibianna,F,5,0,5
Bich,F,23,0,23
Bidwell,M,16,16,0
Bienvenido,M,166,166,0
Biff,M,5,5,0
Bige,M,17,17,0
Bijal,F,5,0,5
Bijan,M,366,366,0
Bijon,M,10,10,0
Bijou,F,17,0,17
Biju,M,5,5,0
Bilal,M,3866,3866,0
Bilan,F,5,0,5
Bilbo,M,120,120,0
Bill,M,154331,154321,10
Billal,M,15,15,0
Billee,F,17,0,17
Billey,M,32,32,0
Billi,F,228,0,228
Billie,F,124971,27605,97366
Billiejean,F,5,0,5
Billiejo,F,417,0,417
Billion,M,5,5,0
Billy,M,382885,380548,2337
Billye,F,2076,11,2065
Billyjoe,M,7,7,0
Bilma,F,5,0,5
Bilol,M,18,18,0
Bina,F,187,0,187
Bindi,F,18,0,18
Binh,M,114,109,5
Binnie,F,11,0,11
Binta,F,128,0,128
Bintou,F,236,0,236
Binyamin,M,530,530,0
Binyomin,M,895,895,0
Binyumin,M,13,13,0
Bionca,F,113,0,113
Birchel,M,6,6,0
Birda,F,11,0,11
Birdell,F,17,0,17
Birdia,F,55,0,55
Birdie,F,6821,0,6821
Birgit,F,23,0,23
Biridiana,F,270,0,270
Birl,M,5,5,0
Birt,M,5,5,0
Birtha,F,765,0,765
Birtie,F,67,0,67
Bisente,M,5,5,0
Bishop,M,3313,3313,0
Bisma,F,22,0,22
Bita,F,17,0,17
Biviana,F,63,0,63
Bixby,M,5,5,0
Bj,M,46,46,0
Bjorn,M,2505,2505,0
Blade,M,579,579,0
Bladen,M,170,170,0
Bladimir,M,512,512,0
Blain,M,224,224,0
Blaine,M,27056,26995,61
Blair,F,26581,9395,17186
Blaire,F,4333,0,4333
Blaise,M,5244,5185,59
Blaize,M,550,532,18
Blake,M,196405,181096,15309
Blakelee,F,446,0,446
Blakeleigh,F,429,0,429
Blakeley,F,239,5,234
Blakely,F,16183,69,16114
Blakelyn,F,551,0,551
Blakelynn,F,389,0,389
Blakleigh,F,5,0,5
Blakley,F,93,0,93
Blanca,F,22528,43,22485
Blanch,F,2451,0,2451
Blanchard,M,18,18,0
Blanche,F,55137,0,55137
Blanchie,F,406,0,406
Blane,M,1282,1282,0
Blannie,F,45,0,45
Blanton,M,20,20,0
Blas,M,1803,1803,0
Blasa,F,123,0,123
Blase,M,53,53,0
Blayde,M,5,5,0
Blayden,M,82,82,0
Blayke,F,809,26,783
Blayklee,F,5,0,5
Blayne,M,1484,1466,18
Blayze,M,206,206,0
Blaze,M,5677,5666,11
Blease,M,171,171,0
Blen,F,11,0,11
Blenda,F,123,0,123
Bleona,F,5,0,5
Bless,M,68,58,10
Blessence,F,5,0,5
Blessin,F,23,0,23
Blessing,F,2596,20,2576
Blessyn,F,447,0,447
Bleu,U,73,52,21
Blia,F,41,0,41
Blima,F,1297,0,1297
Blimi,F,88,0,88
Blimie,F,276,0,276
Blimy,F,528,0,528
Bliss,F,392,0,392
Blodwyn,F,5,0,5
Blondell,F,631,0,631
Blondena,F,11,0,11
Blondie,F,51,0,51
Blondine,F,18,0,18
Bloneva,F,6,0,6
Blong,M,117,117,0
Blonnie,F,113,0,113
Bloom,F,38,0,38
Blossie,F,5,0,5
Blossom,F,984,0,984
Blouncie,M,8,8,0
Blu,U,82,57,25
Blue,U,202,136,66
Bluma,F,177,0,177
Blyss,F,5,0,5
Blythe,F,1806,0,1806
Bo,M,10723,10623,100
Boaz,M,1567,1567,0
Bob,M,88273,88273,0
Bobak,M,22,22,0
Boban,M,5,5,0
Bobbe,F,26,0,26
Bobbette,F,31,0,31
Bobbi,F,20104,0,20104
Bobbie,F,98975,15052,83923
Bobbiejo,F,176,0,176
Bobbijo,F,330,0,330
Bobby,M,318069,311639,6430
Bobbye,F,2087,5,2082
Bobbyjo,F,6,0,6
Bobette,F,274,0,274
Bobi,F,5,0,5
Bobie,M,27,27,0
Boby,M,11,11,0
Bode,M,2855,2855,0
Bodee,M,42,42,0
Boden,M,2850,2850,0
Bodey,M,11,11,0
Bodhi,M,10964,10823,141
Bodi,M,160,160,0
Bodie,M,4633,4633,0
Bodin,M,11,11,0
Boe,M,26,26,0
Bogdan,M,103,103,0
Bohdan,M,132,132,0
Bohdi,M,83,83,0
Boleslaus,M,52,52,0
Boleslaw,M,93,93,0
Bolivar,M,41,41,0
Bond,M,5,5,0
Boni,F,6,0,6
Bonifacia,F,5,0,5
Bonifacio,M,700,700,0
Bonita,F,33864,0,33864
Bonna,F,125,0,125
Bonnell,F,11,0,11
Bonni,F,243,0,243
Bonnie,F,321914,1531,320383
Bonnielee,F,5,0,5
Bonnita,F,18,0,18
Bonny,F,2942,5,2937
Bonnye,F,5,0,5
Booker,M,7809,7809,0
Bookert,M,5,5,0
Boomer,M,5,5,0
Boone,M,3713,3713,0
Bora,F,42,15,27
Borach,M,14,14,0
Borden,M,5,5,0
Borghild,F,103,0,103
Boris,M,1860,1860,0
Borna,M,12,12,0
Boruch,M,841,841,0
Bosco,M,128,128,0
Bossie,M,5,5,0
Boston,M,8132,7940,192
Bostyn,F,200,0,200
Boubacar,M,206,206,0
Bowden,M,5,5,0
Bowen,M,8872,8861,11
Bowie,U,1625,1120,505
Bowman,M,49,49,0
Boy,M,296,296,0
Boyce,M,2893,2893,0
Boyd,M,21191,21191,0
Bracha,F,1851,0,1851
Brack,M,5,5,0
Bracken,M,154,154,0
Brad,M,80117,80117,0
Bradan,M,5,5,0
Bradd,M,27,27,0
Braddock,M,44,44,0
Braden,M,43428,43411,17
Bradey,M,28,28,0
Bradford,M,26657,26657,0
Bradi,F,5,0,5
Bradie,F,15,0,15
Bradin,M,21,21,0
Bradlee,M,975,942,33
Bradleigh,F,12,0,12
Bradley,M,308793,308625,168
Bradly,M,5806,5806,0
Bradon,M,505,505,0
Brady,M,91020,90795,225
Bradyn,M,3159,3159,0
Braedan,M,201,201,0
Braeden,M,12018,12013,5
Braedon,M,2398,2398,0
Braedyn,M,997,992,5
Braelan,M,6,6,0
Braelee,F,13,0,13
Braeleigh,F,22,0,22
Braelen,M,19,19,0
Braelin,M,5,5,0
Braelon,M,77,77,0
Braelyn,F,9846,519,9327
Braelynn,F,8190,0,8190
Braeson,M,6,6,0
Braheem,M,145,145,0
Brahim,M,10,10,0
Brahin,M,5,5,0
Braiden,M,6038,6038,0
Braidon,M,16,16,0
Braidyn,M,48,48,0
Braijon,M,5,5,0
Brailee,F,62,0,62
Braileigh,F,5,0,5
Brailey,F,291,0,291
Brailyn,F,178,21,157
Brailynn,F,144,0,144
Brain,M,2542,2542,0
Braleigh,F,90,0,90
Bralen,M,17,17,0
Brallan,M,94,94,0
Bralyn,M,97,92,5
Bralynn,F,20,0,20
Bram,M,128,128,0
Branae,F,5,0,5
Brance,M,16,16,0
Branch,M,128,128,0
Branda,F,51,0,51
Brandalyn,F,45,0,45
Brandan,M,3166,3166,0
Brande,F,298,0,298
Brandee,F,3231,0,3231
Brandel,F,6,0,6
Branden,M,25144,25144,0
Brandi,F,99984,26,99958
Brandice,F,205,0,205
Brandie,F,13665,0,13665
Brandilyn,F,26,0,26
Brandin,M,1020,1020,0
Brandis,F,123,0,123
Brando,M,1013,1013,0
Brandom,M,25,25,0
Brandon,M,768336,766043,2293
Brandt,M,2527,2527,0
Brandy,F,104898,520,104378
Brandye,F,86,0,86
Brandyn,M,2611,2606,5
Braniya,F,6,0,6
Branko,M,5,5,0
Brannan,M,5,5,0
Branndon,M,5,5,0
Brannen,M,20,20,0
Brannon,M,2333,2333,0
Bransen,M,65,65,0
Branson,M,5623,5623,0
Bransyn,M,34,34,0
Brant,M,5287,5287,0
Brantlee,M,1670,1649,21
Brantleigh,F,8,0,8
Brantley,M,28657,28447,210
Brantly,M,157,157,0
Branton,M,43,43,0
Brany,F,26,0,26
Brasen,M,5,5,0
Brason,M,5,5,0
Braulio,M,3501,3501,0
Braun,M,7,7,0
Brave,M,65,65,0
Braven,M,189,189,0
Bravlio,M,22,22,0
Brax,M,36,36,0
Braxley,M,8,8,0
Braxon,M,16,16,0
Braxston,M,5,5,0
Braxten,M,561,561,0
Braxtin,M,15,15,0
Braxton,M,59213,59174,39
Braxtyn,M,871,871,0
Bray,M,28,28,0
Braya,F,21,0,21
Brayam,M,41,41,0
Brayan,M,14561,14561,0
Brayant,M,63,63,0
Braycen,M,22,22,0
Braydan,M,190,190,0
Braydee,F,5,0,5
Brayden,M,132384,132226,158
Braydin,M,211,211,0
Braydon,M,12745,12745,0
Braydyn,M,10,10,0
Brayla,F,46,0,46
Braylan,M,525,525,0
Braylee,F,5386,0,5386
Braylei,F,5,0,5
Brayleigh,F,1443,0,1443
Braylen,M,11650,11572,78
Braylie,F,99,0,99
Braylin,M,2500,2045,455
Braylon,M,17175,17175,0
Braylyn,F,59,23,36
Braylynn,F,576,0,576
Brayn,M,6,6,0
Braysen,M,51,51,0
Brayson,M,1848,1848,0
Brayton,M,817,817,0
Brazen,M,5,5,0
Brazil,F,49,0,49
Brazos,M,187,177,10
Bre,F,6,0,6
Brea,F,3037,0,3037
Breah,F,26,0,26
Breahna,F,33,0,33
Breaker,M,5,5,0
Brealynn,F,5,0,5
Breana,F,9370,0,9370
Breanah,F,5,0,5
Breanda,F,9,0,9
Breann,F,3720,0,3720
Breanna,F,80841,15,80826
Breannah,F,49,0,49
Breanne,F,8172,0,8172
Breasia,F,523,0,523
Breauna,F,431,0,431
Breaunna,F,33,0,33
Breck,M,559,559,0
Brecken,M,3646,3557,89
Breckin,M,274,274,0
Brecklyn,F,161,0,161
Brecklynn,F,16,0,16
Breckyn,F,270,27,243
Breda,F,5,0,5
Bree,F,5979,0,5979
Breeana,F,648,0,648
Breeann,F,355,0,355
Breeanna,F,1508,0,1508
Breeanne,F,29,0,29
Breelle,F,10,0,10
Breely,F,5,0,5
Breelyn,F,185,0,185
Breelynn,F,36,0,36
Breena,F,89,0,89
Brees,M,41,41,0
Breeze,F,54,0,54
Breezy,F,44,0,44
Brehon,M,7,7,0
Breiana,F,15,0,15
Breianna,F,5,0,5
Breigh,F,7,0,7
Breina,F,5,0,5
Breindel,F,70,0,70
Breindy,F,329,0,329
Breion,F,15,0,15
Brek,M,5,5,0
Breken,M,7,7,0
Brekken,M,104,104,0
Breklyn,F,12,0,12
Breland,M,5,5,0
Breleigh,F,65,0,65
Brelyn,F,5,0,5
Brelynn,F,167,0,167
Bren,M,7,7,0
Brena,F,17,0,17
Brenae,F,41,0,41
Brenan,M,22,22,0
Brenda,F,606225,504,605721
Brendalee,F,5,0,5
Brendan,M,88770,88765,5
Brenden,M,23244,23244,0
Brendin,M,51,51,0
Brendon,M,17001,17001,0
Brendy,F,16,0,16
Brendyn,M,284,284,0
Brenetta,F,10,0,10
Brenham,M,21,21,0
Brenlee,F,89,0,89
Brenleigh,F,71,0,71
Brenley,F,180,0,180
Brenna,F,26171,0,26171
Brennah,F,22,0,22
Brennan,M,30755,30310,445
Brennen,M,6676,6670,6
Brenner,M,115,115,0
Brennley,F,11,0,11
Brennon,M,2036,2036,0
Brennyn,M,5,5,0
Brent,M,136780,136770,10
Brenten,M,20,20,0
Brentlee,M,224,224,0
Brentley,M,2806,2795,11
Brently,M,288,288,0
Brenton,M,11111,11111,0
Brentt,M,5,5,0
Breon,M,963,957,6
Breona,F,899,0,899
Breonna,F,3751,0,3751
Breshey,F,11,0,11
Breslin,F,29,16,13
Breslyn,F,74,0,74
Breslynn,F,5,0,5
Bret,M,26711,26711,0
Brett,M,157907,156934,973
Brettany,F,8,0,8
Brette,F,5,0,5
Bretton,M,30,30,0
Breunna,F,29,0,29
Brevan,M,11,11,0
Brevin,M,185,185,0
Brevyn,M,5,5,0
Brewer,M,195,195,0
Brex,M,5,5,0
Brexlee,F,22,0,22
Brexley,F,87,0,87
Brexton,M,372,372,0
Breya,F,11,0,11
Breyana,F,298,0,298
Breyanna,F,376,0,376
Breyden,M,106,106,0
Breydon,M,48,48,0
Breylon,M,18,18,0
Breyon,M,22,22,0
Breyona,F,16,0,16
Breyonna,F,91,0,91
Brezhane,F,5,0,5
Brezlyn,F,10,0,10
Bria,F,14183,0,14183
Briah,F,10,0,10
Briahna,F,224,0,224
Brian,M,1172477,1170153,2324
Briana,F,94339,25,94314
Brianah,F,24,0,24
Brianca,F,64,0,64
Brianda,F,1345,0,1345
Briane,F,5,0,5
Briani,F,5,0,5
Briann,F,334,0,334
Brianna,F,260905,69,260836
Briannah,F,432,0,432
Brianne,F,18371,0,18371
Brianni,F,6,0,6
Brianny,F,346,0,346
Briant,M,99,99,0
Briante,F,5,0,5
Briany,F,27,0,27
Briar,F,8171,3922,4249
Briarrose,F,5,0,5
Briasia,F,67,0,67
Briauna,F,284,0,284
Briaunna,F,10,0,10
Brice,M,10647,10637,10
Briceida,F,158,0,158
Bricen,M,111,111,0
Briceyda,F,53,0,53
Bricia,F,32,0,32
Brick,M,5,5,0
Bricola,F,5,0,5
Bridger,M,4713,4713,0
Bridget,F,87117,7,87110
Bridgett,F,10199,0,10199
Bridgette,F,20327,0,20327
Bridgit,F,48,0,48
Bridgitt,F,6,0,6
Bridgitte,F,21,0,21
Bridie,F,5,0,5
Bridney,F,21,0,21
Brie,F,902,0,902
Brieana,F,190,0,190
Brieann,F,43,0,43
Brieanna,F,1411,0,1411
Brieanne,F,57,0,57
Briella,F,12524,0,12524
Brielle,F,44322,0,44322
Brien,M,994,994,0
Brienna,F,247,0,247
Brienne,F,313,0,313
Brier,M,5,5,0
Briget,F,10,0,10
Brigette,F,3042,0,3042
Brigg,M,30,30,0
Briggs,M,6170,6170,0
Brigham,M,1504,1504,0
Brighid,F,16,0,16
Brighton,U,2103,1260,843
Brightyn,F,25,0,25
Brigid,F,3430,0,3430
Brigida,F,80,0,80
Brigido,M,98,98,0
Brigit,F,104,0,104
Brigitta,F,16,0,16
Brigitte,F,5811,0,5811
Brihana,F,31,0,31
Brihanna,F,293,0,293
Brilee,F,394,0,394
Brileigh,F,201,0,201
Briley,F,5464,438,5026
Brilyn,F,12,0,12
Brilynn,F,244,0,244
Brina,F,153,0,153
Brinda,F,606,0,606
Briniyah,F,5,0,5
Brinklee,F,5,0,5
Brinkley,F,263,0,263
Brinlee,F,1451,0,1451
Brinleigh,F,152,0,152
Brinley,F,11393,0,11393
Brinn,F,23,0,23
Brinna,F,13,0,13
Brinnley,F,5,0,5
Brinsley,F,5,0,5
Brinson,M,23,23,0
Brinton,M,16,16,0
Brion,M,609,594,15
Briona,F,625,0,625
Brione,F,5,0,5
Brionna,F,3440,0,3440
Brionne,F,112,0,112
Brisa,F,6997,0,6997
Brisamar,F,5,0,5
Briseida,F,1680,0,1680
Briseidy,F,12,0,12
Briseis,F,675,0,675
Briselda,F,25,0,25
Briseyda,F,992,0,992
Brisia,F,84,0,84
Brisley,F,6,0,6
Brison,M,151,151,0
Brissa,F,1818,0,1818
Brissia,F,354,0,354
Bristal,F,5,0,5
Bristol,F,9300,6,9294
Brit,U,15,10,5
Brita,F,124,0,124
Britain,M,67,52,15
Britainy,F,5,0,5
Britani,F,323,0,323
Britania,F,6,0,6
Britanie,F,45,0,45
Britanny,F,133,0,133
Britany,F,4694,0,4694
Brithanny,F,5,0,5
Brithany,F,262,0,262
Brithney,F,11,0,11
Britini,F,13,0,13
British,F,19,0,19
Britlyn,F,5,0,5
Britne,F,10,0,10
Britnee,F,570,0,570
Britney,F,33449,14,33435
Britni,F,2924,0,2924
Britnie,F,241,0,241
Britny,F,930,0,930
Britt,F,2716,1564,1152
Britta,F,1336,0,1336
Brittainy,F,90,0,90
Brittan,F,77,29,48
Brittane,F,18,0,18
Brittanee,F,143,0,143
Brittaney,F,2198,0,2198
Brittani,F,10361,8,10353
Brittania,F,48,0,48
Brittanie,F,3373,0,3373
Brittanny,F,32,0,32
Brittany,F,359037,410,358627
Brittanya,F,11,0,11
Brittanyann,F,5,0,5
Britten,F,10,5,5
Britteny,F,531,0,531
Brittiany,F,171,0,171
Brittiney,F,40,0,40
Brittini,F,183,0,183
Brittiny,F,98,0,98
Brittnay,F,726,0,726
Brittne,F,20,0,20
Brittnee,F,1669,0,1669
Brittnei,F,12,0,12
Brittney,F,80573,45,80528
Brittni,F,4814,0,4814
Brittnie,F,1183,0,1183
Brittny,F,2253,0,2253
Britton,M,2960,2646,314
Brittyn,F,37,0,37
Britzy,F,6,0,6
Briunna,F,6,0,6
Brix,M,25,25,0
Brixlee,F,20,0,20
Brixley,F,71,0,71
Brixton,M,3048,2983,65
Brixtyn,F,5,0,5
Briyah,F,5,0,5
Briyana,F,123,0,123
Briyanna,F,76,0,76
Briza,F,656,0,656
Brizeida,F,69,0,69
Brizeyda,F,23,0,23
Brizia,F,5,0,5
Brizza,F,5,0,5
Broadus,M,425,425,0
Broc,M,625,625,0
Brocha,F,663,0,663
Brock,M,39928,39928,0
Brockton,M,46,46,0
Brodee,M,42,42,0
Broden,M,537,537,0
Broderick,M,5592,5592,0
Brodey,M,181,181,0
Brodi,M,40,40,0
Brodie,M,8131,8107,24
Brodrick,M,551,551,0
Brody,M,77042,77037,5
Brodyn,M,5,5,0
Brogan,M,2403,2377,26
Broly,M,80,80,0
Bron,M,5,5,0
Brona,F,10,0,10
Bronco,M,6,6,0
Bronislaus,M,160,160,0
Bronislaw,M,74,74,0
Bronner,M,5,5,0
Bronson,M,6704,6704,0
Bronte,F,191,0,191
Bronwen,F,25,0,25
Bronwyn,F,658,0,658
Bronx,M,1102,1097,5
Brook,F,8156,828,7328
Brooke,F,195125,260,194865
Brookelyn,F,1784,0,1784
Brookelynn,F,1790,0,1790
Brookie,F,39,0,39
Brooklee,F,5,0,5
Brookley,F,5,0,5
Brooklin,F,606,0,606
Brooklyn,F,119890,636,119254
Brooklyne,F,32,0,32
Brooklynn,F,35687,6,35681
Brooklynne,F,661,0,661
Brooks,M,42947,42814,133
Brooksie,F,58,0,58
Brooxie,F,5,0,5
Broughton,M,5,5,0
Broward,M,25,25,0
Browder,M,5,5,0
Brown,M,254,254,0
Brownie,F,179,20,159
Broxton,M,52,52,0
Bruce,M,381747,381717,30
Brucha,F,514,0,514
Bruchie,F,11,0,11
Bruchy,F,341,0,341
Bruin,M,41,41,0
Bruna,F,160,0,160
Brunetta,F,18,0,18
Brunilda,F,727,0,727
Bruno,M,14281,14281,0
Brunson,M,5,5,0
Brya,F,5,0,5
Bryan,M,384564,384195,369
Bryana,F,4180,0,4180
Bryanah,F,5,0,5
Bryanda,F,5,0,5
Bryanna,F,17461,0,17461
Bryannah,F,5,0,5
Bryanne,F,141,0,141
Bryant,M,46559,46559,0
Bryar,M,542,484,58
Bryce,M,119640,118122,1518
Brycen,M,11891,11891,0
Bryceson,M,11,11,0
Bryden,M,624,624,0
Brydon,M,18,18,0
Bryelle,F,16,0,16
Bryen,M,6,6,0
Bryer,M,667,667,0
Bryheem,M,5,5,0
Brylan,M,340,340,0
Brylee,F,9582,21,9561
Brylei,F,12,0,12
Bryleigh,F,3488,0,3488
Brylen,M,58,53,5
Bryler,M,6,6,0
Bryley,F,18,0,18
Brylie,F,951,0,951
Brylon,M,134,134,0
Brylynn,F,45,0,45
Bryn,F,4539,75,4464
Bryna,F,109,0,109
Bryndee,F,5,0,5
Bryndle,F,41,0,41
Bryndon,M,5,5,0
Brynlee,F,18917,0,18917
Brynleigh,F,2672,0,2672
Brynley,F,1909,0,1909
Brynli,F,93,0,93
Brynlie,F,215,0,215
Brynn,F,26037,0,26037
Brynna,F,1231,0,1231
Brynnan,F,5,0,5
Brynne,F,748,0,748
Brynnlee,F,844,0,844
Brynnleigh,F,84,0,84
Brynnley,F,175,0,175
Bryon,M,10768,10768,0
Bryonna,F,107,0,107
Bryony,F,5,0,5
Bryor,M,5,5,0
Brysen,M,2024,2024,0
Bryson,M,76089,76081,8
Bryssa,F,16,0,16
Brystal,F,91,0,91
Brystol,F,464,0,464
Bryston,M,258,258,0
Brysun,M,5,5,0
Brytni,F,5,0,5
Bryton,M,1102,1102,0
Bryttani,F,10,0,10
Bubba,M,107,107,0
Bubber,M,15,15,0
Buck,M,2148,2148,0
Buckley,M,51,51,0
Bucky,M,48,48,0
Bud,M,4335,4335,0
Budd,M,103,103,0
Buddie,M,216,216,0
Buddy,M,17933,17933,0
Buel,M,243,243,0
Buelah,F,95,0,95
Buell,M,68,68,0
Buena,F,80,0,80
Buffi,F,5,0,5
Buffie,F,259,0,259
Bufford,M,10,10,0
Buffy,F,2253,0,2253
Buford,M,8091,8091,0
Bula,F,86,0,86
Bulah,F,1288,0,1288
Bular,F,5,0,5
Bulmaro,M,80,80,0
Buna,F,113,0,113
Bunia,F,5,0,5
Bunnie,F,5,0,5
Bunny,F,224,0,224
Bunyan,M,5,5,0
Burach,M,37,37,0
Burak,M,21,21,0
Burch,M,5,5,0
Burdell,M,5,5,0
Burdette,M,589,589,0
Burech,M,116,116,0
Buren,M,57,57,0
Burgandy,F,6,0,6
Burgess,M,40,40,0
Burhan,M,16,16,0
Burhanuddin,M,99,99,0
Burke,M,488,488,0
Burl,M,4019,4019,0
Burleigh,M,5,5,0
Burley,M,396,396,0
Burlie,M,5,5,0
Burma,F,122,0,122
Burnell,M,796,766,30
Burnet,M,5,5,0
Burnett,M,125,125,0
Burnetta,F,5,0,5
Burnette,F,23,0,23
Burney,M,26,26,0
Burnice,F,654,318,336
Burnie,M,29,29,0
Burnis,M,42,42,0
Burns,M,21,21,0
Burr,M,6,6,0
Burrel,M,6,6,0
Burrell,M,39,39,0
Burris,M,5,5,0
Burt,M,2357,2357,0
Burtis,M,20,20,0
Burton,M,15939,15939,0
Burwell,M,5,5,0
Bushra,F,247,0,247
Buster,M,4735,4735,0
Butch,M,1205,1205,0
Butler,M,72,72,0
Byanca,F,122,0,122
Byanka,F,105,0,105
Byford,M,30,30,0
Bynum,M,63,63,0
Byran,M,117,117,0
Byrd,M,5,5,0
Byrdie,F,12,0,12
Byrl,M,11,11,0
Byron,M,76434,76434,0
Cabell,M,16,16,0
Cabrina,F,5,0,5
Cache,M,489,414,75
Cadance,F,205,0,205
Cadarius,M,87,87,0
Cade,M,30420,30413,7
Cadee,F,28,0,28
Caden,M,68038,67836,202
Cadence,F,21466,671,20795
Cadhla,F,5,0,5
Cadie,F,35,0,35
Cadin,M,95,95,0
Cadon,M,10,10,0
Cady,F,614,0,614
Cadyn,M,258,232,26
Cadynce,F,5,0,5
Caeden,M,825,825,0
Caedmon,M,149,149,0
Caedon,M,21,21,0
Caedyn,M,11,11,0
Cael,M,2312,2312,0
Caelan,M,871,799,72
Caeleb,M,10,10,0
Caelen,M,5,5,0
Caeley,F,26,0,26
Caeli,F,280,0,280
Caelin,U,16,11,5
Caellum,M,5,5,0
Caelum,M,141,141,0
Caelyn,F,1086,0,1086
Caelynn,F,33,0,33
Caera,F,5,0,5
Caesar,M,2424,2424,0
Caeson,M,5,5,0
Cage,M,110,110,0
Cagney,M,8,8,0
Cai,M,475,431,44
Caia,F,269,0,269
Caidan,M,7,7,0
Caiden,M,21421,21378,43
Caidence,F,235,0,235
Caidyn,M,166,145,21
Caila,F,211,0,211
Cailani,F,5,0,5
Caileb,M,5,5,0
Cailee,F,344,0,344
Caileigh,F,152,0,152
Cailey,F,2001,0,2001
Cailin,F,1864,0,1864
Caillou,M,24,24,0
Cailyn,F,3736,0,3736
Cailynn,F,175,0,175
Cain,M,4697,4697,0
Cainan,M,22,22,0
Caine,M,463,463,0
Cainen,M,34,34,0
Caio,M,172,172,0
Caira,F,45,0,45
Cairo,M,6705,6587,118
Caisen,M,62,62,0
Caisley,F,5,0,5
Caison,M,283,283,0
Caisyn,M,5,5,0
Caitlan,F,234,0,234
Caitlen,F,22,0,22
Caitlin,F,110383,34,110349
Caitlyn,F,51161,10,51151
Caitlynn,F,3145,0,3145
Caius,M,853,853,0
Caiya,F,6,0,6
Cal,M,2894,2894,0
Calab,M,6,6,0
Calamity,F,5,0,5
Calan,M,49,49,0
Calandra,F,576,0,576
Calani,F,68,0,68
Calayah,F,12,0,12
Calder,M,578,578,0
Caldonia,F,77,0,77
Caldwell,M,37,37,0
Cale,M,5320,5320,0
Caleah,F,87,0,87
Caleb,M,310389,310336,53
Calee,F,6,0,6
Caleigh,F,3856,0,3856
Calen,M,502,502,0
Caley,F,774,0,774
Cali,F,20212,48,20164
Calia,F,212,0,212
Caliah,F,26,0,26
Calian,M,52,52,0
Caliana,F,197,0,197
Calianna,F,10,0,10
Calib,M,5,5,0
Caliber,M,6,6,0
Calie,F,208,0,208
California,F,57,0,57
Calihan,M,17,17,0
Calil,M,5,5,0
Calin,M,54,54,0
Calina,F,79,0,79
Caliph,M,8,8,0
Calirose,F,10,0,10
Calise,F,10,0,10
Calisi,F,6,0,6
Calissa,F,103,0,103
Calista,F,4396,0,4396
Calistro,M,16,16,0
Calix,M,128,128,0
Calixto,M,47,47,0
Caliyah,F,853,0,853
Calla,F,1385,0,1385
Callahan,M,2438,2370,68
Callan,M,6551,6432,119
Callaway,F,105,52,53
Callee,F,42,0,42
Calleen,F,17,0,17
Calleigh,F,1082,0,1082
Callen,M,7008,6997,11
Calletana,F,6,0,6
Calley,F,42,0,42
Calli,F,1803,0,1803
Callia,F,52,0,52
Callie,F,57356,32,57324
Calliope,F,3717,0,3717
Callista,F,663,0,663
Calloway,M,45,45,0
Callum,M,9368,9368,0
Cally,F,157,0,157
Callyn,F,29,0,29
Calmer,M,6,6,0
Calob,M,46,46,0
Calogera,F,6,0,6
Calogero,M,101,101,0
Calonia,F,5,0,5
Calton,M,5,5,0
Calub,M,6,6,0
Caludia,F,5,0,5
Calum,M,1597,1597,0
Calvert,M,88,88,0
Calvin,M,210297,210275,22
Calyn,F,37,0,37
Calynn,F,11,0,11
Calypso,F,37,0,37
Calysta,F,61,0,61
Cam,M,576,564,12
Camara,F,21,0,21
Camari,U,836,594,242
Camaria,F,15,0,15
Camarion,M,108,108,0
Camaron,M,10,10,0
Camauri,M,5,5,0
Cambree,F,1052,0,1052
Cambri,F,128,0,128
Cambria,F,3815,0,3815
Cambrie,F,929,0,929
Cambron,M,5,5,0
Cambry,F,137,0,137
Camden,M,55938,54049,1889
Camdin,M,10,10,0
Camdon,M,73,73,0
Camdyn,U,3912,2510,1402
Camela,F,28,0,28
Camelia,F,586,0,586
Camella,F,10,0,10
Camellia,F,750,0,750
Cameo,F,211,0,211
Cameran,F,501,109,392
Cameren,M,299,299,0
Camerin,M,26,26,0
Camerina,F,5,0,5
Camerino,M,5,5,0
Cameron,M,328481,300398,28083
Cameryn,F,1366,48,1318
Camesha,F,22,0,22
Cami,F,2267,0,2267
Camiah,F,5,0,5
Camie,F,207,0,207
Camielle,F,5,0,5
Camil,M,5,5,0
Camila,F,108181,0,108181
Camilah,F,98,0,98
Camile,F,68,5,63
Camilia,F,18,0,18
Camilla,F,21810,0,21810
Camille,F,68424,385,68039
Camillia,F,61,0,61
Camillo,M,147,147,0
Camilo,M,6046,6046,0
Camily,F,6,0,6
Camisha,F,219,0,219
Camiya,F,49,0,49
Camiyah,F,161,0,161
Cammi,F,5,0,5
Cammie,F,762,0,762
Cammy,F,146,0,146
Camora,F,36,0,36
Campbell,F,8115,2882,5233
Camreigh,F,33,0,33
Camren,M,4903,4860,43
Camri,F,17,0,17
Camrie,F,10,0,10
Camrin,M,183,178,5
Camron,M,12465,12447,18
Camry,F,276,0,276
Camryn,F,31596,2970,28626
Camrynn,F,34,0,34
Camya,F,106,0,106
Camyla,F,18,0,18
Can,M,78,78,0
Cana,F,15,0,15
Canaan,M,3504,3499,5
Canary,F,55,0,55
Candace,F,81913,9,81904
Candance,F,461,0,461
Candee,F,56,0,56
Candelaria,F,1338,0,1338
Candelario,M,1570,1570,0
Candi,F,4864,0,4864
Candice,F,65048,9,65039
Candida,F,1435,0,1435
Candido,M,719,719,0
Candie,F,869,0,869
Candis,F,2349,0,2349
Candise,F,163,0,163
Candiss,F,11,0,11
Candita,F,6,0,6
Candler,M,17,17,0
Candra,F,300,0,300
Candy,F,25130,0,25130
Candyce,F,923,0,923
Cane,M,16,16,0
Canek,M,12,12,0
Canelo,M,10,10,0
Canio,M,5,5,0
Caniya,F,11,0,11
Caniyah,F,5,0,5
Cannie,F,6,0,6
Cannon,M,8632,8632,0
Canon,M,1045,1045,0
Cante,F,5,0,5
Canton,M,33,33,0
Canuto,M,19,19,0
Canyon,M,1768,1768,0
Caoimhe,F,26,0,26
Capers,M,34,34,0
Capitola,F,21,0,21
Capone,M,6,6,0
Capri,F,3294,0,3294
Caprice,F,1184,5,1179
Captain,M,25,25,0
Captola,F,11,0,11
Cara,F,48740,6,48734
Carah,F,12,0,12
Caralee,F,10,0,10
Caraline,F,92,0,92
Caralyn,F,35,0,35
Cardarius,M,10,10,0
Cardell,M,332,332,0
Carden,M,6,6,0
Carder,M,10,10,0
Cardin,M,21,21,0
Carely,F,15,0,15
Caren,F,6474,0,6474
Caress,F,26,0,26
Caressa,F,209,0,209
Caresse,F,37,0,37
Caretha,F,5,0,5
Carey,F,21439,12245,9194
Cari,F,9877,0,9877
Cariann,F,5,0,5
Carianne,F,6,0,6
Caricia,F,6,0,6
Caridad,F,1126,0,1126
Carie,F,2279,0,2279
Carime,F,5,0,5
Carin,F,2250,23,2227
Carina,F,13260,5,13255
Carine,F,20,0,20
Carinna,F,5,0,5
Carinne,F,6,0,6
Caris,F,235,0,235
Carisa,F,1148,0,1148
Carisia,F,5,0,5
Carisma,F,80,0,80
Carissa,F,25715,0,25715
Carita,F,5,0,5
Carizma,F,5,0,5
Carl,M,480137,479815,322
Carla,F,146534,6,146528
Carlean,F,32,0,32
Carlee,F,9984,0,9984
Carleen,F,2842,0,2842
Carleigh,F,4208,0,4208
Carlena,F,31,0,31
Carlene,F,10252,0,10252
Carlens,M,23,23,0
Carles,M,23,23,0
Carlesha,F,5,0,5
Carless,M,5,5,0
Carlester,M,10,10,0
Carletha,F,10,0,10
Carleton,M,1493,1493,0
Carletta,F,648,0,648
Carlette,F,134,0,134
Carley,F,14062,0,14062
Carli,F,6244,0,6244
Carlie,F,12164,256,11908
Carlin,F,302,168,134
Carlina,F,55,0,55
Carline,F,142,0,142
Carlis,M,46,46,0
Carlisa,F,51,0,51
Carlisha,F,66,0,66
Carlisle,M,218,207,11
Carliss,F,12,0,12
Carlissa,F,5,0,5
Carlita,F,35,0,35
Carlito,M,212,212,0
Carlitos,M,34,34,0
Carlo,M,11431,11431,0
Carlos,M,298758,298011,747
Carlosdaniel,M,18,18,0
Carlosmanuel,M,10,10,0
Carlota,F,1185,0,1185
Carlotta,F,2455,0,2455
Carloyn,F,5,0,5
Carlson,M,10,10,0
Carlton,M,43712,43707,5
Carly,F,64471,5,64466
Carlye,F,23,0,23
Carlyle,M,896,896,0
Carlyn,F,685,0,685
Carlynn,F,6,0,6
Carlyon,F,23,0,23
Carma,F,1083,0,1083
Carman,F,285,61,224
Carmel,F,3682,151,3531
Carmela,F,19064,0,19064
Carmelia,F,36,0,36
Carmelina,F,276,0,276
Carmelita,F,3048,0,3048
Carmelite,F,32,0,32
Carmella,F,15516,0,15516
Carmello,M,813,813,0
Carmelo,M,9804,9804,0
Carmen,F,149824,13583,136241
Carmencita,F,17,0,17
Carmesa,F,8,0,8
Carmie,F,6,0,6
Carmin,F,54,11,43
Carmina,F,397,0,397
Carmine,M,11305,11285,20
Carmino,M,79,79,0
Carmon,U,163,109,54
Carmya,F,5,0,5
Carmyn,F,144,0,144
Carnation,F,5,0,5
Carnell,M,1424,1404,20
Carney,M,10,10,0
Caro,F,5,0,5
Carol,F,817899,5343,812556
Carola,F,43,0,43
Carolann,F,3632,0,3632
Carolanne,F,148,0,148
Carole,F,107446,18,107428
Caroleann,F,5,0,5
Carolee,F,1897,0,1897
Carolena,F,13,0,13
Carolene,F,16,0,16
Carolin,F,43,0,43
Carolina,F,41466,25,41441
Caroline,F,230479,44,230435
Caroll,F,152,20,132
Carollee,F,9,0,9
Carols,M,13,13,0
Carolyn,F,550313,114,550199
Carolyna,F,10,0,10
Carolyne,F,577,0,577
Carolynn,F,2390,0,2390
Carolynne,F,48,0,48
Caron,F,1340,161,1179
Carra,F,15,0,15
Carrel,M,10,10,0
Carrell,M,22,22,0
Carri,F,1736,0,1736
Carriann,F,5,0,5
Carrianne,F,5,0,5
Carrick,M,5,5,0
Carrie,F,223174,10,223164
Carrieann,F,70,0,70
Carrieanne,F,5,0,5
Carrigan,F,178,0,178
Carrin,F,5,0,5
Carrina,F,5,0,5
Carrington,F,1692,385,1307
Carrisa,F,43,0,43
Carrissa,F,130,0,130
Carrol,U,5193,3549,1644
Carroll,M,33280,30821,2459
Carrolyn,F,6,0,6
Carron,F,5,0,5
Carry,F,44,0,44
Carsen,M,2384,2297,87
Carson,M,128023,122418,5605
Carsten,M,503,503,0
Carston,M,19,19,0
Carsyn,F,3328,732,2596
Cartel,M,5,5,0
Carter,M,196559,189629,6930
Cartez,M,10,10,0
Carthel,M,38,38,0
Cartier,M,1328,1316,12
Carvel,M,5,5,0
Carver,M,948,948,0
Carville,M,5,5,0
Carvin,M,5,5,0
Cary,M,22027,19866,2161
Caryl,F,3880,0,3880
Caryle,F,5,0,5
Carylon,F,68,0,68
Caryn,F,9154,0,9154
Carys,F,1100,0,1100
Casady,F,5,0,5
Casandra,F,12486,0,12486
Casara,F,17,0,17
Casarah,F,5,0,5
Casaundra,F,25,0,25
Case,M,7457,7457,0
Casee,F,5,0,5
Casen,M,4850,4850,0
Casey,U,186576,111318,75258
Cash,M,23642,23642,0
Cashel,M,41,41,0
Cashius,M,22,22,0
Cashlynn,F,5,0,5
Cashmere,U,129,76,53
Cashton,M,1495,1495,0
Casi,F,108,0,108
Casie,F,2750,0,2750
Casilda,F,5,0,5
Casimer,M,1203,1203,0
Casimera,F,5,0,5
Casimir,M,3122,3122,0
Casimira,F,133,0,133
Casimiro,M,472,472,0
Casin,M,5,5,0
Casmer,M,89,89,0
Casmere,M,40,40,0
Casmir,M,31,31,0
Casmira,F,6,0,6
Cason,M,9248,9248,0
Casondra,F,111,0,111
Caspar,M,28,28,0
Casper,M,1788,1788,0
Caspian,M,2198,2198,0
Cass,M,106,106,0
Cassadee,F,32,0,32
Cassady,F,128,0,128
Cassand,F,5,0,5
Cassandr,F,152,0,152
Cassandra,F,167706,12,167694
Cassandre,F,95,0,95
Cassara,F,5,0,5
Cassaundra,F,696,0,696
Cassey,F,380,0,380
Cassi,F,586,0,586
Cassia,F,411,0,411
Cassian,M,1244,1244,0
Cassidee,F,36,0,36
Cassidi,F,70,0,70
Cassidie,F,6,0,6
Cassidy,F,59398,1204,58194
Cassie,F,39949,6,39943
Cassiel,M,81,81,0
Cassity,F,11,0,11
Cassius,M,6082,6082,0
Cassondr,F,8,0,8
Cassondra,F,2327,0,2327
Cassy,F,373,0,373
Castiel,M,2614,2614,0
Castin,M,5,5,0
Caston,M,41,41,0
Castor,M,5,5,0
Castulo,M,39,39,0
Casyn,M,40,40,0
Catalaya,F,201,0,201
Cataldo,M,39,39,0
Catalea,F,17,0,17
Cataleah,F,6,0,6
Cataleia,F,27,0,27
Cataleya,F,8902,0,8902
Cataleyah,F,23,0,23
Catalia,F,29,0,29
Catalina,F,25645,6,25639
Catalino,M,10,10,0
Catalyna,F,22,0,22
Catarina,F,2005,0,2005
Catarino,M,1097,1097,0
Catcher,M,5,5,0
Cate,F,632,0,632
Cateleya,F,10,0,10
Catello,M,5,5,0
Catelyn,F,625,0,625
Catelynn,F,95,0,95
Catena,F,6,0,6
Catera,F,156,0,156
Caterin,F,18,0,18
Caterina,F,1248,0,1248
Cathaleya,F,5,0,5
Cathalina,F,26,0,26
Catharine,F,5726,0,5726
Cathe,F,15,0,15
Catherin,F,157,0,157
Catherina,F,47,0,47
Catherine,F,619861,179,619682
Cathern,F,18,0,18
Catheryn,F,57,0,57
Cathey,F,1225,0,1225
Cathi,F,1069,0,1069
Cathie,F,3610,0,3610
Cathleen,F,25273,0,25273
Cathlene,F,95,0,95
Cathrine,F,2979,0,2979
Cathryn,F,9764,0,9764
Cathy,F,167446,0,167446
Catia,F,6,0,6
Catie,F,41,0,41
Catina,F,3291,0,3291
Catiria,F,5,0,5
Catlin,F,217,37,180
Catlyn,F,21,0,21
Cato,M,19,19,0
Catrena,F,5,0,5
Catrice,F,119,0,119
Catrina,F,7466,0,7466
Catriona,F,27,0,27
Cattaleya,F,327,0,327
Cattie,F,5,0,5
Cattleya,F,1018,0,1018
Cauy,M,26,26,0
Cavan,M,280,280,0
Cavani,M,6,6,0
Caven,M,5,5,0
Cavin,M,70,70,0
Cayce,F,216,5,211
Caycee,F,5,0,5
Cayci,F,15,0,15
Caydan,M,5,5,0
Cayde,M,707,707,0
Caydee,F,10,0,10
Cayden,M,39464,38656,808
Caydence,F,2358,0,2358
Caydin,M,6,6,0
Caydon,M,45,45,0
Cayenne,F,15,0,15
Cayetana,F,36,0,36
Cayetano,M,182,182,0
Cayla,F,8854,0,8854
Caylah,F,6,0,6
Caylani,F,5,0,5
Cayleb,M,184,184,0
Caylee,F,7771,0,7771
Cayleigh,F,784,0,784
Caylen,F,59,0,59
Cayley,F,182,0,182
Caylie,F,359,0,359
Caylin,F,938,0,938
Caylyn,F,5,0,5
Caylynn,F,10,0,10
Cayman,M,112,112,0
Caysen,M,1103,1103,0
Cayson,M,4733,4733,0
Ceaira,F,66,0,66
Ceana,F,6,0,6
Ceanna,F,33,0,33
Ceara,F,374,0,374
Ceasar,M,1487,1487,0
Ceaser,M,61,61,0
Cebert,M,7,7,0
Cece,F,6,0,6
Ceceilia,F,5,0,5
Cecelia,F,48891,0,48891
Cecelie,F,5,0,5
Cecely,F,6,0,6
Cecil,M,99619,96623,2996
Cecila,F,14,0,14
Cecile,F,12919,0,12919
Cecilee,F,5,0,5
Cecilia,F,98249,19,98230
Cecilie,F,6,0,6
Cecilio,M,1317,1317,0
Cecille,F,37,0,37
Cecillia,F,5,0,5
Cecily,F,4316,0,4316
Cecy,F,5,0,5
Cedar,M,1232,1004,228
Cedarius,M,5,5,0
Cedell,M,5,5,0
Cederick,M,10,10,0
Cedric,M,37031,37031,0
Cedrick,M,4217,4217,0
Cedrina,F,5,0,5
Ceejay,M,5,5,0
Ceferino,M,6,6,0
Ceil,F,144,0,144
Ceira,F,5,0,5
Ceirra,F,10,0,10
Cele,F,15,0,15
Celedonio,M,21,21,0
Celena,F,1984,0,1984
Celene,F,666,0,666
Celenia,F,29,0,29
Celest,F,378,0,378
Celesta,F,38,0,38
Celeste,F,56650,0,56650
Celestia,F,55,0,55
Celestial,F,10,0,10
Celestina,F,923,0,923
Celestine,F,5550,16,5534
Celestino,M,1231,1231,0
Celia,F,43997,0,43997
Celica,F,30,0,30
Celicia,F,10,0,10
Celida,F,5,0,5
Celina,F,11567,0,11567
Celinda,F,236,0,236
Celine,F,12200,0,12200
Celines,F,57,0,57
Celisa,F,6,0,6
Celisse,F,51,0,51
Celsey,F,11,0,11
Celso,M,1066,1066,0
Celyna,F,5,0,5
Cendy,F,63,0,63
Cennet,F,110,0,110
Centhia,F,5,0,5
Ceola,F,935,0,935
Cephas,M,16,16,0
Cephus,M,72,72,0
Cera,F,274,0,274
Cerena,F,32,0,32
Cerenity,F,358,0,358
Cerina,F,98,0,98
Cerise,F,21,0,21
Cerissa,F,53,0,53
Cerrone,M,7,7,0
Cervando,M,16,16,0
Cesar,M,74921,74828,93
Cesare,M,43,43,0
Cesareo,M,16,16,0
Cesaria,F,5,0,5
Cesario,M,448,448,0
Cesia,F,581,0,581
Cesilia,F,323,0,323
Ceslie,F,6,0,6
Cevyn,F,10,5,5
Ceyda,F,10,0,10
Ceylin,F,10,0,10
Cezar,M,164,164,0
Cha,M,101,101,0
Chabeli,F,35,0,35
Chabely,F,10,0,10
Chace,M,3078,3078,0
Chad,M,238236,238084,152
Chadd,M,875,875,0
Chaddrick,M,29,29,0
Chadley,M,11,11,0
Chadrick,M,968,968,0
Chadwick,M,10401,10401,0
Chael,M,63,63,0
Chaffee,M,5,5,0
Chai,M,66,55,11
Chaim,M,10200,10195,5
Chaise,M,71,61,10
Chaitanya,M,5,5,0
Chaitra,F,28,0,28
Chaka,F,393,38,355
Chalee,F,6,0,6
Chalisa,F,5,0,5
Chalise,F,5,0,5
Chalmer,M,426,426,0
Chalmers,M,146,146,0
Chalon,F,5,0,5
Chamisa,F,8,0,8
Champ,M,101,101,0
Champagne,F,100,0,100
Champion,M,155,155,0
Chan,U,140,98,42
Chana,F,11219,0,11219
Chanae,F,70,0,70
Chanah,F,21,0,21
Chananya,M,36,36,0
Chance,M,51315,51155,160
Chancellor,M,875,875,0
Chancelor,M,54,54,0
Chancey,M,40,40,0
Chancy,M,6,6,0
Chanda,F,4011,0,4011
Chandara,M,6,6,0
Chandi,F,10,0,10
Chandler,M,40272,32273,7999
Chandni,F,77,0,77
Chandra,F,14624,0,14624
Chandrika,F,5,0,5
Chane,F,16,0,16
Chanee,F,6,0,6
Chanel,F,15931,26,15905
Chanele,F,5,0,5
Chanell,F,1133,0,1133
Chanelle,F,2784,0,2784
Chaney,F,148,5,143
Chang,M,84,84,0
Chani,F,139,0,139
Chania,F,21,0,21
Chanice,F,132,0,132
Chanie,F,484,0,484
Chaniece,F,11,0,11
Chanika,F,11,0,11
Chanin,F,49,0,49
Chanina,M,5,5,0
Chaniqua,F,5,0,5
Chanise,F,17,0,17
Chaniya,F,92,0,92
Chaniyah,F,20,0,20
Chanler,M,5,5,0
Channa,F,51,0,51
Channel,F,475,0,475
Channell,F,17,0,17
Channelle,F,18,0,18
Channie,F,5,0,5
Channing,U,5890,4051,1839
Channon,F,56,0,56
Channy,F,5,0,5
Chanoch,M,23,23,0
Chanse,M,51,51,0
Chanta,F,53,0,53
Chantae,F,31,0,31
Chantal,F,5630,0,5630
Chantale,F,24,0,24
Chantalle,F,17,0,17
Chantay,F,185,0,185
Chante,F,2077,0,2077
Chantee,F,5,0,5
Chantel,F,12170,0,12170
Chantele,F,5,0,5
Chantell,F,1538,0,1538
Chantelle,F,3927,6,3921
Chanteria,F,6,0,6
Chantha,M,6,6,0
Chantil,F,5,0,5
Chantra,M,5,5,0
Chantrell,F,11,0,11
Chantz,M,55,55,0
Chantzy,F,6,0,6
Chany,F,763,0,763
Chao,M,48,48,0
Chapel,F,11,6,5
Chapman,M,30,30,0
Chappell,M,10,10,0
Chaquille,M,6,6,0
Chaquita,F,92,0,92
Chara,F,35,0,35
Charae,F,5,0,5
Charbel,M,218,218,0
Charda,F,6,0,6
Chardae,F,142,0,142
Charday,F,18,0,18
Charde,F,156,0,156
Chardonnay,F,83,0,83
Charelle,F,10,0,10
Charene,F,5,0,5
Chari,F,137,0,137
Charice,F,33,0,33
Charis,F,1339,0,1339
Charisa,F,5,0,5
Charise,F,750,0,750
Charisma,F,1740,0,1740
Charissa,F,2264,0,2264
Charisse,F,3012,0,3012
Charita,F,229,0,229
Charito,F,6,0,6
Charity,F,29946,0,29946
Charizma,F,6,0,6
Charla,F,4505,0,4505
Charlaine,F,6,0,6
Charlane,F,6,0,6
Charlayne,F,33,0,33
Charlcie,F,103,0,103
Charle,M,10,10,0
Charlea,F,12,0,12
Charlean,F,351,0,351
Charlee,F,15410,0,15410
Charleen,F,3426,0,3426
Charleigh,F,7596,0,7596
Charlen,F,5,0,5
Charlena,F,118,0,118
Charlene,F,129814,0,129814
Charles,M,2310819,2303298,7521
Charlesetta,F,213,0,213
Charlestine,F,17,0,17
Charleston,F,1152,550,602
Charletta,F,35,0,35
Charlette,F,1032,0,1032
Charley,U,21067,12897,8170
Charli,F,8512,0,8512
Charlie,M,185663,153533,32130
Charline,F,2902,0,2902
Charlisa,F,26,0,26
Charlise,F,72,0,72
Charlize,F,4247,0,4247
Charlott,F,16,0,16
Charlotta,F,11,0,11
Charlotte,F,411573,6,411567
Charls,M,10,10,0
Charlsey,F,11,0,11
Charlsie,F,647,0,647
Charlton,M,649,649,0
Charly,F,1060,409,651
Charlye,F,6,0,6
Charlyn,F,144,0,144
Charlyne,F,69,0,69
Charlynn,F,10,0,10
Charm,F,349,0,349
Charma,F,15,0,15
Charmain,F,71,0,71
Charmaine,F,11609,0,11609
Charmane,F,19,0,19
Charmayne,F,249,0,249
Charmian,F,5,0,5
Charmie,F,15,0,15
Charmin,F,63,0,63
Charmine,F,5,0,5
Charmon,F,11,0,11
Charna,F,61,0,61
Charnae,F,52,0,52
Charnele,F,29,0,29
Charnell,F,10,0,10
Charnelle,F,60,0,60
Charnesha,F,5,0,5
Charnette,F,5,0,5
Charnice,F,5,0,5
Charnise,F,6,0,6
Charnissa,F,5,0,5
Charnita,F,32,0,32
Charny,F,24,0,24
Charo,F,16,0,16
Charolette,F,855,0,855
Charon,F,44,0,44
Charrise,F,5,0,5
Charrisse,F,5,0,5
Charron,F,5,0,5
Charvi,F,17,0,17
Charyl,F,46,0,46
Chas,M,352,352,0
Chase,M,177478,175560,1918
Chaselyn,F,6,0,6
Chasen,M,590,590,0
Chasey,F,7,0,7
Chasidy,F,566,0,566
Chasin,M,6,6,0
Chasiti,F,16,0,16
Chasity,F,22322,0,22322
Chaskel,M,47,47,0
Chasmine,F,5,0,5
Chason,M,165,165,0
Chassidy,F,1434,0,1434
Chassity,F,678,0,678
Chastelin,F,11,0,11
Chastelyn,F,96,0,96
Chasten,M,16,16,0
Chastidy,F,6,0,6
Chastity,F,7623,0,7623
Chaston,M,41,41,0
Chasya,F,5,0,5
Chasyn,M,6,6,0
Chatham,M,10,10,0
Chau,F,99,5,94
Chauncey,M,3906,3906,0
Chauncy,M,20,20,0
Chaundra,F,17,0,17
Chaunte,F,21,0,21
Chauntel,F,6,0,6
Chauntelle,F,5,0,5
Chava,F,2608,0,2608
Chavely,F,6,0,6
Chavez,M,58,58,0
Chavi,F,10,0,10
Chavie,F,81,0,81
Chavis,M,115,115,0
Chavon,F,159,0,159
Chavonne,F,83,0,83
Chavy,F,332,0,332
Chay,M,5,5,0
Chaya,F,13152,0,13152
Chayanne,U,109,72,37
Chayce,M,678,678,0
Chayden,M,5,5,0
Chaye,F,11,0,11
Chayim,M,11,11,0
Chayla,F,34,0,34
Chayse,M,833,690,143
Chayson,M,10,10,0
Chayton,M,368,368,0
Chaz,M,7465,7459,6
Chazz,M,226,226,0
Che,M,662,651,11
Chealsea,F,5,0,5
Chedva,F,16,0,16
Chee,U,173,110,63
Cheemeng,M,11,11,0
Cheenou,M,5,5,0
Cheetara,F,13,0,13
Cheick,M,23,23,0
Cheikh,M,102,102,0
Chekesha,F,51,0,51
Chela,F,63,0,63
Chelan,F,5,0,5
Chelbi,F,8,0,8
Chelby,F,31,0,31
Chelcee,F,6,0,6
Chelci,F,14,0,14
Chelcie,F,180,0,180
Chelcy,F,5,0,5
Chelesa,F,5,0,5
Chelle,F,10,0,10
Chelsa,F,166,0,166
Chelsae,F,28,0,28
Chelse,F,114,0,114
Chelsea,F,160662,38,160624
Chelsee,F,564,0,564
Chelsey,F,29643,0,29643
Chelsi,F,2425,0,2425
Chelsia,F,7,0,7
Chelsie,F,11817,0,11817
Chelsy,F,1606,0,1606
Chemise,F,5,0,5
Chen,M,5,5,0
Chenay,F,5,0,5
Chene,M,5,5,0
Chenelle,F,80,0,80
Cheng,M,366,361,5
Chenin,F,5,0,5
Chenique,F,5,0,5
Chenita,F,10,0,10
Chenoa,F,193,0,193
Chequita,F,5,0,5
Cher,F,614,37,577
Chera,F,8,0,8
Cheramie,F,5,0,5
Cheray,F,5,0,5
Chere,F,199,0,199
Cheree,F,523,0,523
Cherell,F,5,0,5
Cherelle,F,767,0,767
Cherene,F,6,0,6
Cherese,F,81,0,81
Cheri,F,33388,0,33388
Cherice,F,216,0,216
Cherie,F,26217,0,26217
Cherika,F,10,0,10
Cheril,F,5,0,5
Cherilyn,F,628,0,628
Cherisa,F,6,0,6
Cherise,F,2220,0,2220
Cherish,F,8056,0,8056
Cherisse,F,275,0,275
Cherita,F,112,0,112
Cherith,F,5,0,5
Cherl,F,5,0,5
Cherlene,F,6,0,6
Cherline,F,6,0,6
Cherly,F,52,0,52
Cherlyn,F,305,0,305
Chermaine,F,11,0,11
Cherokee,F,954,12,942
Cheron,F,24,0,24
Cheronda,F,5,0,5
Cherrell,F,22,0,22
Cherrelle,F,381,0,381
Cherri,F,1748,0,1748
Cherrie,F,1315,0,1315
Cherrish,F,21,0,21
Cherron,F,10,0,10
Cherry,F,7213,0,7213
Cherryl,F,461,0,461
Chery,F,20,0,20
Cheryal,F,5,0,5
Cheryl,F,436931,40,436891
Cherylann,F,322,0,322
Cheryle,F,3507,0,3507
Cherylene,F,18,0,18
Cheryll,F,1065,0,1065
Cheskal,M,9,9,0
Cheskel,M,474,474,0
Chesky,M,269,269,0
Chesley,M,166,128,38
Chesnee,F,5,0,5
Chesney,F,863,0,863
Chessa,F,5,0,5
Chessie,F,11,0,11
Chester,M,107743,107720,23
Chestine,F,5,0,5
Cheston,M,35,35,0
Chet,M,2177,2177,0
Chetan,M,6,6,0
Chetara,F,5,0,5
Chevelle,F,1424,0,1424
Cheveyo,M,5,5,0
Chevon,F,134,0,134
Chevonne,F,120,0,120
Chevy,M,1899,1780,119
Cheyann,F,484,0,484
Cheyanna,F,284,0,284
Cheyanne,F,13320,0,13320
Cheyene,F,91,0,91
Cheyenna,F,50,0,50
Cheyenne,F,68790,630,68160
Cheyla,F,5,0,5
Cheyne,M,351,351,0
Cheynne,F,5,0,5
Chezkel,M,16,16,0
Chezky,M,5,5,0
Chi,F,168,59,109
Chia,F,58,23,35
Chiam,M,10,10,0
Chiamaka,F,150,0,150
Chiana,F,5,0,5
Chianne,F,5,0,5
Chianti,F,16,0,16
Chiara,F,3336,0,3336
Chico,M,63,63,0
Chidera,F,109,17,92
Chidi,M,6,6,0
Chidinma,F,17,0,17
Chidozie,M,5,5,0
Chidubem,M,61,61,0
Chief,M,5,5,0
Chieko,F,226,0,226
Chiffon,F,48,0,48
Chihiro,F,6,0,6
Chika,F,21,0,21
Chikaima,F,10,0,10
Chikamso,F,5,0,5
Child,U,130,77,53
Childnotnamed,F,6,0,6
Chima,M,10,10,0
Chimamanda,F,189,0,189
Chimene,F,33,0,33
Chimere,F,432,0,432
China,F,2296,0,2296
Chinedu,M,6,6,0
Chinita,F,12,0,12
Chinmay,M,6,6,0
Chinyere,F,21,0,21
Chioma,F,215,0,215
Chip,M,1186,1186,0
Chipper,M,5,5,0
Chiquita,F,4483,6,4477
Chirag,M,117,117,0
Chirstina,F,21,0,21
Chirstopher,M,187,187,0
Chisa,F,44,0,44
Chisom,F,77,6,71
Chistian,M,76,76,0
Chistina,F,43,0,43
Chistopher,M,302,302,0
Chivonne,F,10,0,10
Chiyeko,F,70,0,70
Chiyo,F,28,0,28
Chiyoko,F,461,0,461
Chiyono,F,12,0,12
Chizara,F,73,0,73
Chizaram,F,104,0,104
Chizuko,F,83,0,83
Chloe,F,236985,57,236928
Chloee,F,541,0,541
Chloey,F,204,0,204
Chloie,F,305,0,305
Chloris,F,10,0,10
Choice,M,10,10,0
Chole,F,574,0,574
Chon,M,33,33,0
Chong,F,261,142,119
Chonita,F,10,0,10
Chosen,M,1024,901,123
Chosyn,F,39,19,20
Choua,F,272,14,258
Choyce,F,26,0,26
Chozen,M,392,373,19
Chozyn,M,40,40,0
Chris,M,161181,141121,20060
Chrisangel,M,5,5,0
Chrisann,F,15,0,15
Chriselda,F,133,0,133
Chrisette,F,94,0,94
Chrishawn,M,21,21,0
Chrishon,M,10,10,0
Chrishun,M,5,5,0
Chrisie,F,5,0,5
Chrislyn,F,61,0,61
Chrislynn,F,56,0,56
Chrisopher,M,69,69,0
Chrisotpher,M,14,14,0
Chriss,M,5,5,0
Chrissa,F,5,0,5
Chrissie,F,99,0,99
Chrissy,F,2186,0,2186
Christ,M,1298,1298,0
Christa,F,29286,0,29286
Christabel,F,84,0,84
Christabella,F,10,0,10
Christabelle,F,11,0,11
Christain,M,552,541,11
Christal,F,6604,0,6604
Christan,F,570,299,271
Christapher,M,23,23,0
Christe,F,5,0,5
Christeen,F,888,0,888
Christel,F,1460,0,1460
Christell,F,29,0,29
Christella,F,35,0,35
Christelle,F,262,0,262
Christen,F,8992,355,8637
Christena,F,153,0,153
Christene,F,2323,0,2323
Christepher,M,5,5,0
Christi,F,18292,0,18292
Christia,M,90,80,10
Christiaan,M,78,78,0
Christian,M,458746,441832,16914
Christiana,F,7284,0,7284
Christiane,F,546,0,546
Christianjames,M,32,32,0
Christianna,F,952,0,952
Christianne,F,252,0,252
Christiano,M,198,198,0
Christianpaul,M,5,5,0
Christie,F,42351,40,42311
Christien,M,87,87,0
Christin,F,8645,49,8596
Christina,F,473473,807,472666
Christinamarie,F,10,0,10
Christine,F,576664,359,576305
Christinejoy,F,10,0,10
Christinia,F,113,0,113
Christion,M,358,358,0
Christipher,M,36,36,0
Christle,F,10,0,10
Christna,F,5,0,5
Christo,M,89,89,0
Christobal,M,156,156,0
Christofer,M,1473,1473,0
Christoffer,M,44,44,0
Christoher,M,187,187,0
Christohper,M,42,42,0
Christol,F,5,0,5
Christon,M,91,91,0
Christop,M,1082,1082,0
Christoper,M,1098,1098,0
Christoph,M,77,77,0
Christophe,M,2398,2398,0
Christopher,M,2062772,2056007,6765
Christophere,M,5,5,0
Christophor,M,12,12,0
Christophr,M,38,38,0
Christos,M,1236,1236,0
Christpher,M,219,219,0
Christropher,M,5,5,0
Christy,F,95781,186,95595
Christyana,F,6,0,6
Christyn,F,61,0,61
Christyna,F,12,0,12
Christyne,F,6,0,6
Chritian,M,5,5,0
Chritopher,M,11,11,0
Chryl,F,5,0,5
Chrys,F,5,0,5
Chrysta,F,27,0,27
Chrystal,F,11882,0,11882
Chrystian,M,128,128,0
Chrystie,F,41,0,41
Chrystina,F,61,0,61
Chrystle,F,7,0,7
Chrystopher,M,5,5,0
Chua,F,12,0,12
Chuck,M,14610,14610,0
Chuckie,M,34,34,0
Chucky,M,53,53,0
Chue,M,203,203,0
Chukwudi,M,5,5,0
Chukwuebuka,M,5,5,0
Chukwuemeka,M,56,56,0
Chumy,F,34,0,34
Chun,F,12,0,12
Chuna,M,5,5,0
Chung,M,13,13,0
Chuong,M,10,10,0
Chyann,F,100,0,100
Chyanna,F,6,0,6
Chyanne,F,1365,0,1365
Chyenne,F,422,0,422
Chyla,F,18,0,18
Chyler,F,16,0,16
Chyna,F,4260,0,4260
Chynna,F,1127,0,1127
Chyrl,F,6,0,6
Cian,M,1906,1906,0
Ciana,F,1018,0,1018
Ciani,F,347,0,347
Cianna,F,1358,0,1358
Cianni,F,196,0,196
Ciara,F,32768,5,32763
Ciarah,F,21,0,21
Ciaran,M,756,756,0
Ciarra,F,1762,0,1762
Cicely,F,928,0,928
Cicero,M,277,277,0
Cici,F,7,0,7
Cicily,F,12,0,12
Ciclali,F,7,0,7
Ciclaly,F,11,0,11
Cidalia,F,5,0,5
Cidney,F,93,0,93
Cieara,F,36,0,36
Ciel,F,101,42,59
Ciela,F,20,0,20
Cielita,F,5,0,5
Ciella,F,10,0,10
Cielle,F,20,0,20
Cielo,F,2872,16,2856
Ciena,F,76,0,76
Cienna,F,1422,0,1422
Ciera,F,9724,0,9724
Cierra,F,25912,17,25895
Cierrah,F,26,0,26
Cigi,F,5,0,5
Ciji,F,337,0,337
Cilia,F,6,0,6
Cilicia,F,5,0,5
Cillian,M,1963,1963,0
Cimani,F,19,0,19
Cina,F,6,0,6
Cinamon,F,6,0,6
Cincere,M,43,43,0
Cinch,M,5,5,0
Cinda,F,2358,0,2358
Cinde,F,6,0,6
Cindee,F,155,0,155
Cinderella,F,18,0,18
Cindi,F,5229,0,5229
Cindia,F,41,0,41
Cindie,F,262,0,262
Cindra,F,82,0,82
Cindy,F,254483,139,254344
Cing,F,242,0,242
Cinnamon,F,698,0,698
Cinque,M,6,6,0
Cinthia,F,3715,0,3715
Cinthya,F,959,0,959
Cintia,F,358,0,358
Cinzia,F,5,0,5
Cipriana,F,107,0,107
Cipriano,M,1285,1285,0
Cira,F,21,0,21
Circe,F,38,0,38
Cire,M,5,5,0
Ciria,F,6,0,6
Cirildo,M,14,14,0
Cirilla,F,117,0,117
Cirilo,M,383,383,0
Ciro,M,1073,1073,0
Cisco,M,204,204,0
Citlali,F,3175,0,3175
Citlalic,F,37,0,37
Citlalli,F,1673,0,1673
Citlally,F,289,0,289
Citlaly,F,1977,0,1977
Cj,M,208,208,0
Cladie,F,6,0,6
Claiborne,M,182,182,0
Clair,M,9439,8873,566
Claira,F,962,0,962
Claire,F,198937,714,198223
Clairissa,F,5,0,5
Clance,M,26,26,0
Clancy,M,48,48,0
Clanton,M,5,5,0
Clara,F,224027,0,224027
Clarabel,F,15,0,15
Clarabell,F,26,0,26
Clarabelle,F,483,0,483
Claramae,F,5,0,5
Clarance,M,1536,1536,0
Clardie,M,6,6,0
Clare,F,25909,1432,24477
Clarence,M,266124,266046,78
Clarene,F,15,0,15
Claretha,F,360,0,360
Claretta,F,26,0,26
Claribel,F,1176,0,1176
Clarice,F,18508,0,18508
Clarie,F,10,0,10
Clariece,F,15,0,15
Clarinda,F,6,0,6
Clarine,F,318,0,318
Claris,F,31,0,31
Clarisa,F,1577,0,1577
Clarise,F,27,0,27
Clarissa,F,34458,0,34458
Clarisse,F,289,0,289
Clarita,F,40,0,40
Clarity,F,190,0,190
Claritza,F,74,0,74
Clarivel,F,10,0,10
Clariza,F,29,0,29
Clark,M,42917,42912,5
Clarke,F,857,369,488
Clarnce,M,81,81,0
Claron,M,15,15,0
Clarrisa,F,12,0,12
Clarrissa,F,10,0,10
Clary,M,37,31,6
Claryssa,F,28,0,28
Classie,F,330,0,330
Clata,F,6,0,6
Clatie,F,5,0,5
Claud,M,6212,6212,0
Claude,M,76540,76530,10
Claudean,F,5,0,5
Claudell,M,48,48,0
Claudene,F,10,0,10
Claudette,F,15598,0,15598
Claudia,F,121696,233,121463
Claudie,F,3360,1478,1882
Claudina,F,23,0,23
Claudine,F,7254,0,7254
Claudio,M,3435,3430,5
Claudis,M,5,5,0
Claudius,M,16,16,0
Claudy,M,10,10,0
Clausell,M,5,5,0
Claxton,M,5,5,0
Clay,M,33860,33860,0
Clayborn,M,12,12,0
Clayburn,M,5,5,0
Clayten,M,5,5,0
Clayton,M,132414,132395,19
Clea,F,28,0,28
Clearance,M,21,21,0
Clearence,M,222,222,0
Clearnce,M,16,16,0
Cleason,M,5,5,0
Cleaster,M,5,5,0
Cleatus,M,41,41,0
Cleave,M,6,6,0
Clebert,M,6,6,0
Cleburn,M,15,15,0
Cleburne,M,26,26,0
Cleda,F,355,0,355
Cledith,F,31,10,21
Clela,F,10,0,10
Cleland,M,5,5,0
Clelia,F,19,0,19
Clell,M,157,157,0
Clella,F,56,0,56
Clellie,F,6,0,6
Clem,M,943,943,0
Clemence,F,31,15,16
Clemencia,F,172,0,172
Clemens,M,452,452,0
Clement,M,8225,8225,0
Clemente,M,2251,2251,0
Clementina,F,447,0,447
Clementine,F,7981,0,7981
Clements,M,20,20,0
Clemmie,F,981,122,859
Clemon,M,140,140,0
Clemson,M,7,7,0
Clenard,M,8,8,0
Clendon,M,11,11,0
Clenton,M,44,44,0
Cleo,F,31788,7443,24345
Cleofas,M,82,77,5
Cleola,F,124,0,124
Cleon,M,394,394,0
Cleona,F,18,0,18
Cleone,F,215,0,215
Cleopatra,F,258,0,258
Cleophas,M,58,58,0
Cleophus,M,560,560,0
Cleora,F,189,0,189
Cleotha,M,355,323,32
Cleother,M,5,5,0
Cleotilde,F,92,0,92
Cleotis,M,5,5,0
Cleta,F,2006,0,2006
Clete,M,5,5,0
Cletis,M,287,287,0
Cleto,M,33,33,0
Cletus,M,4240,4234,6
Cleva,F,10,0,10
Cleve,M,834,834,0
Cleveland,M,16739,16739,0
Cleven,M,29,29,0
Clevie,F,5,0,5
Clide,M,69,64,5
Cliff,M,4380,4380,0
Cliffie,F,12,0,12
Clifford,M,177199,176761,438
Cliffton,M,198,198,0
Clifton,M,63044,63044,0
Climmie,F,33,12,21
Cline,M,15,15,0
Clint,M,27543,27543,0
Clinton,M,91254,91254,0
Clio,F,113,0,113
Clister,F,5,0,5
Clive,M,607,607,0
Clo,F,5,0,5
Cloda,F,5,0,5
Clodagh,F,6,0,6
Cloe,F,2036,0,2036
Cloey,F,816,0,816
Cloie,F,118,0,118
Clois,M,174,157,17
Cloma,F,12,0,12
Clora,F,187,0,187
Clorinda,F,359,0,359
Clorine,F,5,0,5
Clorissa,F,13,0,13
Cloteal,F,133,0,133
Clotee,F,64,0,64
Clotene,F,5,0,5
Clothilde,F,67,0,67
Clotiel,F,10,0,10
Clotilda,F,15,0,15
Clotilde,F,180,0,180
Clotile,F,20,0,20
Clotine,F,16,0,16
Cloud,M,76,76,0
Clova,F,6,0,6
Clover,F,2329,0,2329
Clovis,M,1069,978,91
Clowie,F,5,0,5
Cloyce,M,159,159,0
Cloyd,M,905,905,0
Cluster,M,5,5,0
Clyda,F,5,0,5
Clyde,M,130633,129149,1484
Clydell,M,10,10,0
Clydene,F,24,0,24
Clydette,F,6,0,6
Clydia,F,15,0,15
Clydie,F,91,0,91
Clytee,F,87,0,87
Clytie,F,5,0,5
Coalton,M,7,7,0
Coast,M,80,80,0
Cobain,M,7,7,0
Cobe,M,94,94,0
Cobey,M,50,50,0
Cobi,M,78,72,6
Cobie,F,15,5,10
Coby,M,6280,6275,5
Coco,F,738,0,738
Coda,M,76,76,0
Codey,M,1640,1640,0
Codi,F,1815,587,1228
Codie,U,1522,1138,384
Cody,M,289788,287255,2533
Coen,M,2931,2931,0
Cohen,M,18873,18847,26
Cola,F,5,0,5
Colbert,M,11,11,0
Colbey,M,16,16,0
Colbi,F,21,0,21
Colbie,F,1855,0,1855
Colby,M,52066,50522,1544
Colden,M,211,211,0
Cole,M,147278,147263,15
Coleen,F,8278,0,8278
Coleman,M,11762,11762,0
Colen,M,5,5,0
Colene,F,145,0,145
Coleson,M,1152,1152,0
Coleta,F,12,0,12
Coleton,M,1342,1342,0
Coletta,F,742,0,742
Colette,F,21161,0,21161
Coley,M,258,258,0
Colie,M,256,256,0
Colin,M,128118,128089,29
Colinda,F,5,0,5
Colleen,F,159247,5,159242
Collen,U,24,18,6
Collene,F,11,0,11
Colletta,F,15,0,15
Collette,F,3057,0,3057
Collie,M,171,171,0
Collier,M,473,419,54
Collin,M,76951,76943,8
Collins,F,8148,389,7759
Collis,M,81,81,0
Collyn,M,54,49,5
Collyns,F,139,0,139
Colm,M,18,18,0
Colman,M,5,5,0
Colon,M,441,436,5
Colonel,M,76,76,0
Colsen,M,114,114,0
Colson,M,6299,6299,0
Colston,M,397,397,0
Colt,M,23408,23408,0
Coltan,M,37,37,0
Colten,M,14349,14349,0
Colter,M,4585,4585,0
Coltin,M,872,872,0
Colton,M,143694,143684,10
Coltrane,M,24,24,0
Coltyn,M,425,425,0
Columba,F,5,0,5
Columbia,F,136,0,136
Columbus,M,4054,4054,0
Colvin,M,16,16,0
Colyn,M,24,24,0
Comer,M,268,268,0
Comfort,F,5,0,5
Cona,F,5,0,5
Conall,M,38,38,0
Conan,M,401,401,0
Conard,M,33,33,0
Concepcion,F,4334,421,3913
Concepsion,F,16,0,16
Conception,F,225,0,225
Concetta,F,11634,0,11634
Concettina,F,46,0,46
Concetto,M,6,6,0
Concha,F,1199,0,1199
Conchetta,F,98,0,98
Conchita,F,207,0,207
Condol,F,5,0,5
Conferina,F,5,0,5
Confesor,M,5,5,0
Congetta,F,121,0,121
Coni,F,10,0,10
Conlan,M,50,50,0
Conlee,F,6,0,6
Conley,M,1119,1055,64
Connell,M,74,74,0
Conner,M,54621,54462,159
Conni,F,105,0,105
Connie,F,265996,3921,262075
Connor,M,229240,228675,565
Conny,F,5,0,5
Connye,F,5,0,5
Cono,M,75,75,0
Conola,F,5,0,5
Conor,M,24385,24385,0
Conrad,M,30670,30670,0
Conrada,F,11,0,11
Conrado,M,1288,1288,0
Consepcion,F,114,6,108
Constanc,F,8,0,8
Constance,F,133220,10,133210
Constancia,F,11,0,11
Constant,M,10,10,0
Constantina,F,46,0,46
Constantine,M,3326,3326,0
Constantino,M,279,279,0
Constantinos,M,149,149,0
Constanza,F,471,0,471
Consuela,F,563,0,563
Consuella,F,103,0,103
Consuelo,F,13994,39,13955
Conswella,F,15,0,15
Contessa,F,353,0,353
Contina,F,291,0,291
Contrell,M,5,5,0
Conway,M,297,297,0
Cookie,F,38,0,38
Coolidge,M,153,153,0
Coopar,M,13,13,0
Cooper,M,109317,108334,983
Copeland,M,216,211,5
Copelyn,F,10,0,10
Copelynn,F,10,0,10
Copper,U,18,13,5
Cor,M,6,6,0
Cora,F,111753,0,111753
Corah,F,5,0,5
Coraima,F,395,0,395
Coral,F,5176,0,5176
Coralee,F,226,0,226
Coraleigh,F,8,0,8
Coralie,F,563,0,563
Coraline,F,5256,0,5256
Coralyn,F,95,0,95
Coralynn,F,97,0,97
Corando,M,5,5,0
Corayma,F,24,0,24
Corazon,F,5,0,5
Corban,M,1724,1724,0
Corben,M,307,307,0
Corbet,M,5,5,0
Corbett,M,145,145,0
Corbin,M,37154,37139,15
Corbit,M,6,6,0
Corby,M,149,130,19
Corbyn,M,1334,1328,6
Cord,M,295,295,0
Cordae,M,127,127,0
Cordale,M,44,44,0
Cordario,M,5,5,0
Cordarious,M,13,13,0
Cordarius,M,525,525,0
Cordaro,M,172,172,0
Cordarrius,M,23,23,0
Cordarro,M,7,7,0
Cordarryl,M,44,44,0
Cordaryl,M,34,34,0
Corday,M,5,5,0
Corde,M,177,177,0
Cordel,M,12,12,0
Cordelia,F,5464,0,5464
Cordell,M,5903,5903,0
Cordella,F,10,0,10
Cordelro,M,5,5,0
Cordera,M,15,15,0
Corderius,M,5,5,0
Cordero,M,1005,1005,0
Corderro,M,58,58,0
Cordia,F,111,0,111
Cordie,F,376,0,376
Cordney,M,15,15,0
Corean,F,120,0,120
Coreen,F,663,0,663
Coreena,F,6,0,6
Corena,F,114,0,114
Corene,F,1580,0,1580
Coretha,F,28,0,28
Coretta,F,905,0,905
Corey,M,188833,182536,6297
Cori,F,8506,48,8458
Corie,F,1349,21,1328
Corielle,F,6,0,6
Corin,F,403,39,364
Corina,F,11833,0,11833
Corine,F,9652,0,9652
Corinn,F,40,0,40
Corinna,F,3617,0,3617
Corinne,F,41227,0,41227
Corinthia,F,32,0,32
Corinthian,M,31,31,0
Corion,M,6,6,0
Corissa,F,471,0,471
Corita,F,11,0,11
Corky,M,37,37,0
Corley,F,15,0,15
Corlis,F,59,0,59
Corliss,F,1134,16,1118
Cormac,M,1852,1852,0
Corneall,M,5,5,0
Corneisha,F,5,0,5
Cornel,M,96,96,0
Cornelia,F,13906,0,13906
Cornelio,M,618,618,0
Cornelious,M,264,259,5
Cornelius,M,29432,29427,5
Cornell,M,7269,7269,0
Cornesha,F,15,0,15
Cornie,M,11,11,0
Corra,F,15,0,15
Corrado,M,17,17,0
Correna,F,5,0,5
Correne,F,5,0,5
Correy,M,66,66,0
Corri,F,15,0,15
Corrie,F,4237,59,4178
Corrin,F,522,0,522
Corrina,F,2668,0,2668
Corrine,F,14290,0,14290
Corrinna,F,7,0,7
Corrinne,F,136,0,136
Corry,M,529,524,5
Corryn,F,40,0,40
Cort,M,202,202,0
Cortavious,M,23,23,0
Cortavius,M,5,5,0
Cortez,M,7867,7867,0
Cortina,F,23,0,23
Cortland,M,179,179,0
Cortlen,M,5,5,0
Cortlyn,F,20,0,20
Cortnee,F,32,0,32
Cortney,F,16520,1504,15016
Cortni,F,60,0,60
Cortnie,F,107,0,107
Corvette,F,5,0,5
Corvin,M,67,67,0
Corwin,M,671,671,0
Cory,M,128523,124729,3794
Coryn,F,52,0,52
Corynn,F,37,0,37
Cosby,M,6,6,0
Cosette,F,1096,0,1096
Cosima,F,43,0,43
Cosimo,M,248,248,0
Cosme,M,647,647,0
Cosmo,M,1137,1137,0
Costas,M,11,11,0
Costella,F,11,0,11
Cote,M,5,5,0
Cotina,F,144,0,144
Cotton,M,25,25,0
Coty,M,4042,3989,53
Coua,F,5,0,5
Coulson,M,28,28,0
Coulter,M,36,36,0
Coumba,F,27,0,27
Courney,F,5,0,5
Courtenay,F,127,0,127
Courteney,F,315,0,315
Courtland,M,874,874,0
Courtlyn,F,150,0,150
Courtlynn,F,17,0,17
Courtnee,F,323,0,323
Courtney,F,274088,18327,255761
Courtni,F,104,0,104
Courtnie,F,668,0,668
Courtny,F,11,0,11
Cova,F,38,0,38
Cove,M,367,301,66
Covey,M,19,19,0
Cowen,M,5,5,0
Coy,M,12001,11968,33
Coyote,M,5,5,0
Coyt,M,10,10,0
Coyte,M,5,5,0
Cozetta,F,22,0,22
Cozette,F,123,0,123
Craig,M,296285,296240,45
Cranford,M,12,12,0
Craven,M,111,111,0
Crawford,M,1312,1312,0
Creasie,F,6,0,6
Crecencio,M,62,62,0
Credell,M,5,5,0
Cree,U,437,309,128
Creed,M,2688,2688,0
Creede,M,5,5,0
Creedence,M,16,16,0
Creek,M,51,51,0
Creighton,M,472,472,0
Creola,F,578,0,578
Creon,M,5,5,0
Crescencio,M,23,23,0
Cresencia,F,35,0,35
Cresenciano,M,5,5,0
Cresencio,M,345,345,0
Crespin,M,129,129,0
Cressie,F,7,0,7
Cresta,F,6,0,6
Crestina,F,5,0,5
Crew,M,8893,8893,0
Crews,M,5,5,0
Crimson,F,435,128,307
Cris,U,1138,854,284
Crisanta,F,5,0,5
Crisanto,M,27,27,0
Criselda,F,1252,0,1252
Crisoforo,M,15,15,0
Crisol,F,28,0,28
Crispin,M,495,495,0
Criss,M,72,72,0
Crissa,F,5,0,5
Crissie,F,5,0,5
Crissy,F,1192,0,1192
Crist,M,72,72,0
Crista,F,1772,0,1772
Cristabel,F,15,0,15
Cristal,F,12838,15,12823
Cristalle,F,5,0,5
Cristan,M,11,11,0
Cristel,F,174,0,174
Cristela,F,317,0,317
Cristella,F,5,0,5
Cristen,F,922,0,922
Cristhian,M,544,544,0
Cristi,F,1214,0,1214
Cristian,M,67420,66859,561
Cristiana,F,131,0,131
Cristiano,M,2513,2513,0
Cristie,F,548,0,548
Cristin,F,2277,0,2277
Cristina,F,48748,98,48650
Cristine,F,1914,0,1914
Cristino,M,10,10,0
Cristo,M,619,619,0
Cristobal,M,5715,5715,0
Cristofer,M,2777,2777,0
Cristopher,M,8684,8684,0
Cristoval,M,96,96,0
Cristy,F,5349,0,5349
Cristyn,F,5,0,5
Crit,M,42,42,0
Crixus,M,5,5,0
Crockett,M,34,34,0
Croix,M,292,292,0
Crosby,M,3964,3934,30
Crosley,U,43,29,14
Cross,M,320,320,0
Cru,M,492,492,0
Crucita,F,11,0,11
Crue,M,1061,1061,0
Cruise,M,26,26,0
Cruz,M,29191,26325,2866
Cruze,M,110,110,0
Cruzita,F,24,0,24
Cruzito,M,55,55,0
Crysta,F,461,0,461
Crystal,F,328085,315,327770
Crystalann,F,10,0,10
Crystale,F,21,0,21
Crystalee,F,5,0,5
Crystall,F,20,0,20
Crystalmarie,F,5,0,5
Crystalyn,F,47,0,47
Crystel,F,55,0,55
Crystelle,F,5,0,5
Crystian,M,43,43,0
Crystina,F,73,0,73
Crystle,F,348,0,348
Cuahutemoc,M,39,39,0
Cuauhtemoc,M,694,694,0
Cuba,F,22,0,22
Cubia,F,5,0,5
Cuca,F,106,0,106
Cuitlahuac,M,10,10,0
Cullen,M,12216,12216,0
Cuma,F,5,0,5
Cumi,F,17,0,17
Cung,M,5,5,0
Cuong,M,202,202,0
Curlee,M,23,23,0
Curley,M,1067,1046,21
Curlie,F,27,0,27
Curran,M,125,125,0
Curren,M,284,284,0
Curry,M,82,82,0
Curt,M,12650,12650,0
Curtis,M,254843,254583,260
Curtisha,F,15,0,15
Curtiss,M,1163,1163,0
Curvin,M,163,163,0
Custer,M,5,5,0
Custodio,M,5,5,0
Cutberto,M,5,5,0
Cutina,F,5,0,5
Cutler,M,97,97,0
Cutter,M,670,670,0
Cy,M,907,907,0
Cyaire,M,5,5,0
Cyan,F,282,10,272
Cyana,F,5,0,5
Cyani,F,10,0,10
Cyann,F,12,0,12
Cyanne,F,16,0,16
Cybele,F,21,0,21
Cybil,F,32,0,32
Cyd,F,42,0,42
Cydnee,F,96,0,96
Cydney,F,2466,0,2466
Cydni,F,22,0,22
Cydnie,F,5,0,5
Cyerra,F,22,0,22
Cyla,F,11,0,11
Cylas,M,90,90,0
Cyle,M,523,523,0
Cylee,F,5,0,5
Cyler,M,29,29,0
Cylinda,F,7,0,7
Cylis,M,6,6,0
Cylus,M,136,136,0
Cymone,F,15,0,15
Cyncere,M,22,22,0
Cynde,F,9,0,9
Cyndee,F,113,0,113
Cyndi,F,1556,0,1556
Cyndia,F,5,0,5
Cyndie,F,82,0,82
Cyndle,F,5,0,5
Cyndy,F,323,0,323
Cynia,F,10,0,10
Cyniah,F,12,0,12
Cynne,F,5,0,5
Cyntha,F,5,0,5
Cynthia,F,707141,593,706548
Cynthya,F,6,0,6
Cyntia,F,63,0,63
Cyntrell,F,5,0,5
Cypress,F,515,282,233
Cyra,F,92,0,92
Cyre,F,23,0,23
Cyrena,F,46,0,46
Cyrene,F,10,0,10
Cyriah,F,5,0,5
Cyril,M,6606,6606,0
Cyrilla,F,13,0,13
Cyrille,M,5,5,0
Cyrine,F,7,0,7
Cyrstal,F,263,0,263
Cyrus,M,19688,19688,0
Cystal,F,7,0,7
Cythia,F,5,0,5
Cytlaly,F,6,0,6
Cyxx,M,7,7,0
Czarina,F,47,0,47
Da,M,42,42,0
Daana,F,7,0,7
Dabid,M,12,12,0
Dabin,M,5,5,0
Dabney,M,11,11,0
Dabria,F,5,0,5
Dacari,M,20,20,0
Dace,M,11,11,0
Dacey,F,26,0,26
Dacia,F,533,0,533
Dacian,M,5,5,0
Dacie,F,5,0,5
Dacoda,M,23,23,0
Dacorian,M,7,7,0
Dacota,M,15,15,0
Dacotah,M,5,5,0
Dade,M,96,96,0
Dadrian,M,116,116,0
Daegan,M,71,71,0
Daeja,F,158,0,158
Daejah,F,16,0,16
Daejon,M,21,21,0
Daekwon,M,43,43,0
Dael,M,175,175,0
Daelen,M,5,5,0
Daelin,M,6,6,0
Daelon,M,11,11,0
Daelyn,F,439,57,382
Daelynn,F,125,0,125
Daemian,M,6,6,0
Daemon,M,299,299,0
Daena,F,108,0,108
Daenerys,F,614,0,614
Daequan,M,190,190,0
Daer,M,5,5,0
Daesha,F,64,0,64
Daeshaun,M,5,5,0
Daeshawn,M,89,89,0
Daevion,M,31,31,0
Daevon,M,178,178,0
Daffne,F,17,0,17
Daffney,F,5,0,5
Dafina,F,34,0,34
Dafne,F,2031,0,2031
Dafnee,F,5,0,5
Dafney,F,6,0,6
Dagan,M,70,70,0
Dagger,M,5,5,0
Dagmar,F,147,0,147
Dagmawi,M,5,5,0
Dagny,F,222,0,222
Dago,M,5,5,0
Dagoberto,M,1044,1044,0
Daguan,M,5,5,0
Dahiana,F,29,0,29
Dahlia,F,13883,0,13883
Dahlila,F,54,0,54
Dahmir,M,69,69,0
Dai,M,5,5,0
Daiana,F,336,0,336
Daichi,M,16,16,0
Daicy,F,12,0,12
Daiden,M,6,6,0
Daiel,M,31,31,0
Daielle,F,5,0,5
Daija,F,1949,0,1949
Daijah,F,1348,0,1348
Daijanae,F,5,0,5
Daijon,M,75,75,0
Dail,M,10,10,0
Daila,F,184,0,184
Dailani,F,24,0,24
Dailany,F,42,0,42
Dailen,M,11,11,0
Dailin,F,5,0,5
Dailon,M,5,5,0
Daily,F,5,0,5
Dailyn,F,798,0,798
Dailynn,F,10,0,10
Daimian,M,11,11,0
Daimien,M,5,5,0
Daimon,M,5,5,0
Dain,M,222,222,0
Daina,F,525,0,525
Daiquan,M,191,191,0
Daira,F,527,0,527
Daire,M,26,26,0
Dairon,M,5,5,0
Daisey,F,360,0,360
Daisha,F,2676,0,2676
Daishawn,M,35,35,0
Daisi,F,18,0,18
Daisia,F,32,0,32
Daisie,F,60,0,60
Daissy,F,32,0,32
Daisuke,M,12,12,0
Daisy,F,128622,159,128463
Daivd,M,116,116,0
Daivon,M,65,65,0
Daizhane,F,5,0,5
Daizy,F,208,0,208
Daja,F,1354,0,1354
Dajae,F,10,0,10
Dajah,F,1148,0,1148
Dajana,F,5,0,5
Dajanae,F,219,0,219
Dajanay,F,10,0,10
Dajanique,F,5,0,5
Dajia,F,56,0,56
Dajohn,M,6,6,0
Dajon,M,590,590,0
Dajour,M,157,157,0
Dajuan,M,1742,1742,0
Dak,M,22,22,0
Dakai,M,6,6,0
Dakarai,M,269,269,0
Dakari,M,2511,2511,0
Dakayla,F,39,0,39
Dakeem,M,5,5,0
Dakhari,M,48,48,0
Dakoda,M,1395,1340,55
Dakota,U,127851,89855,37996
Dakotah,U,1818,1285,533
Daksh,M,202,202,0
Daksha,F,5,0,5
Dal,M,5,5,0
Dala,F,6,0,6
Dalal,F,5,0,5
Dalan,M,21,21,0
Dalana,F,11,0,11
Dalaney,F,26,0,26
Dalani,F,129,0,129
Dalari,F,5,0,5
Dalarie,F,5,0,5
Dalary,F,2174,0,2174
Dalayah,F,5,0,5
Dalayza,F,86,0,86
Dale,M,291824,274006,17818
Daleah,F,11,0,11
Daleisa,F,6,0,6
Daleiza,F,27,0,27
Dalen,M,297,297,0
Dalena,F,113,0,113
Dalene,F,207,0,207
Dalessandro,M,12,12,0
Dalet,F,6,0,6
Daleth,F,64,0,64
Dalett,F,367,0,367
Dalette,F,5,0,5
Dalexa,F,35,0,35
Daley,F,16,0,16
Daleysa,F,310,0,310
Daleyssa,F,42,0,42
Daleyza,F,10795,0,10795
Dalia,F,11042,0,11042
Daliah,F,252,0,252
Dalida,F,18,0,18
Dalila,F,3781,0,3781
Dalilah,F,3367,0,3367
Dalina,F,38,0,38
Dalinda,F,82,0,82
Dalis,F,18,0,18
Dalisa,F,10,0,10
Dalisha,F,11,0,11
Dalissa,F,11,0,11
Daliyah,F,295,0,295
Dallan,M,143,143,0
Dallana,F,155,0,155
Dallanara,F,5,0,5
Dallas,M,74317,63744,10573
Dallen,M,270,270,0
Dallie,F,15,0,15
Dallin,M,3780,3780,0
Dallis,F,66,5,61
Dallon,M,109,109,0
Dally,F,18,0,18
Dallyn,M,10,10,0
Dalon,M,29,29,0
Dalonte,M,23,23,0
Dalphine,F,23,0,23
Dalton,M,80081,80057,24
Dalvin,M,651,651,0
Dalya,F,29,0,29
Dalyla,F,94,0,94
Dalylah,F,115,0,115
Dalyn,M,71,71,0
Damacio,M,30,30,0
Damain,M,5,5,0
Damali,F,65,0,65
Daman,M,23,23,0
Damani,M,1174,1124,50
Damany,M,11,11,0
Damar,M,77,77,0
Damara,F,60,0,60
Damarco,M,118,118,0
Damarcus,M,1696,1696,0
Damarea,M,42,42,0
Damari,M,4000,3930,70
Damaria,F,32,12,20
Damarian,M,24,24,0
Damario,M,182,182,0
Damarion,M,3747,3747,0
Damaris,F,9759,10,9749
Damarius,M,344,344,0
Damariz,F,112,0,112
Damarrion,M,10,10,0
Damary,F,60,0,60
Damarys,F,64,0,64
Damaso,M,10,10,0
Damauri,M,17,17,0
Damaya,F,25,0,25
Damein,M,45,45,0
Dameion,M,59,59,0
Dameir,M,15,15,0
Damel,M,10,10,0
Damen,M,517,517,0
Dameon,M,1877,1877,0
Damere,M,10,10,0
Dameyune,M,8,8,0
Damia,F,111,0,111
Damiah,F,5,0,5
Damian,M,100709,100704,5
Damiana,F,74,0,74
Damiano,M,10,10,0
Damien,M,60945,60939,6
Damier,M,33,33,0
Damika,F,5,0,5
Damilola,F,5,0,5
Damin,M,11,11,0
Damion,M,14073,14073,0
Damir,M,1892,1892,0
Damiri,M,10,10,0
Damisha,F,5,0,5
Damita,F,308,0,308
Damiya,F,153,0,153
Damiyah,F,382,0,382
Damon,M,63553,63546,7
Damond,M,560,560,0
Damone,M,202,202,0
Damoni,M,626,616,10
Damonica,F,6,0,6
Damonie,M,10,10,0
Damonta,M,5,5,0
Damontae,M,27,27,0
Damonte,M,491,491,0
Damya,F,583,0,583
Damyah,F,15,0,15
Damyan,M,45,45,0
Damyla,F,8,0,8
Dan,M,98365,98360,5
Dana,F,238378,48731,189647
Danae,F,4256,0,4256
Danah,F,31,0,31
Danai,F,8,0,8
Danaisha,F,10,0,10
Danaja,F,5,0,5
Danajah,F,10,0,10
Danaly,F,10,0,10
Danamarie,F,11,0,11
Danasia,F,538,0,538
Danay,F,64,0,64
Danaya,F,59,0,59
Danaysha,F,5,0,5
Dandra,F,62,0,62
Dandre,M,5415,5415,0
Dandrea,F,55,0,55
Dane,M,28818,28818,0
Danee,F,27,0,27
Daneen,F,407,0,407
Daneil,M,129,129,0
Daneille,F,17,0,17
Daneisha,F,59,0,59
Danell,F,161,5,156
Danella,F,17,0,17
Danelle,F,4213,0,4213
Danelly,F,171,0,171
Danely,F,168,0,168
Danera,F,5,0,5
Danesha,F,372,0,372
Daneshia,F,6,0,6
Danessa,F,28,0,28
Danett,F,13,0,13
Danetta,F,40,0,40
Danette,F,7724,0,7724
Dang,M,72,72,0
Dangelo,M,6760,6760,0
Danh,M,6,6,0
Dani,F,5943,125,5818
Dania,F,6103,0,6103
Daniah,F,35,0,35
Danial,M,4508,4508,0
Danica,F,12994,0,12994
Danice,F,16,0,16
Danie,M,11,11,0
Daniel,M,1954317,1949849,4468
Daniela,F,64469,37,64432
Daniele,F,1708,131,1577
Danieljohn,M,5,5,0
Danieljr,M,6,6,0
Daniell,F,652,15,637
Daniella,F,30262,0,30262
Danielle,F,369481,629,368852
Daniesha,F,5,0,5
Daniil,M,68,68,0
Danika,F,7657,0,7657
Danille,F,37,0,37
Danilo,M,2635,2635,0
Danilynn,F,10,0,10
Danine,F,34,0,34
Daniqua,F,21,0,21
Danise,F,69,0,69
Danish,M,30,30,0
Danisha,F,949,0,949
Danissa,F,10,0,10
Danita,F,5014,0,5014
Danitra,F,20,0,20
Danity,F,30,0,30
Danitza,F,575,0,575
Daniya,F,701,0,701
Daniyah,F,719,0,719
Daniyal,M,226,226,0
Dann,F,536,223,313
Danna,F,18694,0,18694
Dannae,F,5,0,5
Dannah,F,23,0,23
Danne,F,41,0,41
Dannell,F,11,0,11
Dannelle,F,22,0,22
Danner,M,37,37,0
Dannette,F,538,0,538
Danney,M,12,12,0
Danni,F,460,0,460
Dannia,F,115,0,115
Dannica,F,11,0,11
Dannie,M,5886,5517,369
Danniel,M,542,542,0
Danniela,F,22,0,22
Dannielle,F,1871,0,1871
Dannielynn,F,5,0,5
Dannika,F,55,0,55
Dannon,M,5,5,0
Danny,M,283328,283146,182
Dannya,F,6,0,6
Dannye,M,5,5,0
Dansby,M,61,61,0
Dantae,M,18,18,0
Dantavious,M,5,5,0
Dante,M,46327,46327,0
Danthony,M,486,486,0
Dantonio,M,10,10,0
Dantrel,M,5,5,0
Dantrell,M,165,165,0
Danuta,F,5,0,5
Danute,F,5,0,5
Dany,M,281,266,15
Danya,F,1278,0,1278
Danyael,M,6,6,0
Danyal,M,86,86,0
Danyale,F,103,5,98
Danyel,F,767,38,729
Danyela,F,5,0,5
Danyell,F,909,11,898
Danyella,F,18,0,18
Danyelle,F,3182,0,3182
Danyka,F,6,0,6
Danyla,F,110,0,110
Danylah,F,10,0,10
Danylo,M,7,7,0
Danzel,M,157,157,0
Dao,M,44,34,10
Daoud,M,6,6,0
Daouda,M,16,16,0
Daphane,F,5,0,5
Daphanie,F,5,0,5
Daphene,F,5,0,5
Daphine,F,210,0,210
Daphna,F,43,0,43
Daphne,F,35396,0,35396
Daphnee,F,13,0,13
Daphney,F,311,0,311
Daphnie,F,98,0,98
Daquan,M,6537,6537,0
Daquana,F,11,0,11
Daquane,M,5,5,0
Daquann,M,6,6,0
Daquarius,M,12,12,0
Daquavious,M,10,10,0
Daquon,M,107,107,0
Daqwan,M,10,10,0
Dara,F,9455,242,9213
Darah,F,53,0,53
Daran,M,10,10,0
Darbi,F,30,0,30
Darbie,F,5,0,5
Darby,F,4971,414,4557
Darcel,F,348,0,348
Darcell,F,35,0,35
Darcey,F,336,0,336
Darci,F,3680,0,3680
Darcie,F,2728,0,2728
Darcus,F,5,0,5
Darcy,F,19099,409,18690
Dardan,M,18,18,0
Dardanella,F,6,0,6
Dareen,F,5,0,5
Darek,M,131,131,0
Darel,M,115,115,0
Darell,M,1463,1463,0
Darely,F,108,0,108
Daren,M,7158,7158,0
Darenda,F,5,0,5
Dareon,M,12,12,0
Darey,M,339,339,0
Dargan,M,6,6,0
Dari,F,6,0,6
Daria,F,5403,0,5403
Dariah,F,47,0,47
Darian,U,18515,13812,4703
Dariana,F,2630,0,2630
Darianna,F,447,0,447
Darianny,F,37,0,37
Daric,M,5,5,0
Darice,F,210,0,210
Darick,M,74,74,0
Dariel,M,5484,5468,16
Dariela,F,435,0,435
Dariella,F,10,0,10
Darielle,F,93,0,93
Darielys,F,15,0,15
Darien,M,8488,7907,581
Darienne,F,21,0,21
Darik,M,5,5,0
Darikson,M,5,5,0
Darilyn,F,6,0,6
Darin,M,29667,29660,7
Darina,F,147,0,147
Dario,M,8258,8258,0
Darion,M,5004,4893,111
Darionna,F,5,0,5
Darious,M,358,358,0
Daris,U,29,19,10
Darissa,F,6,0,6
Darith,M,5,5,0
Daritza,F,8,0,8
Darius,M,50151,50146,5
Dariush,M,11,11,0
Dariusz,M,34,34,0
Dariya,F,11,0,11
Dariyah,F,173,0,173
Darl,M,515,510,5
Darla,F,39243,0,39243
Darlah,F,13,0,13
Darlean,F,81,0,81
Darleen,F,5180,0,5180
Darlena,F,202,0,202
Darlene,F,200997,5,200992
Darleth,F,31,0,31
Darlett,F,13,0,13
Darlette,F,11,0,11
Darlin,F,169,0,169
Darline,F,2015,0,2015
Darling,F,181,0,181
Darlis,F,25,0,25
Darlyn,F,563,0,563
Darlyne,F,318,0,318
Darlynn,F,33,0,33
Darlys,F,54,0,54
Darneisha,F,10,0,10
Darnel,M,131,131,0
Darnell,M,25401,24767,634
Darnella,F,31,0,31
Darnelle,U,15,10,5
Darnesha,F,38,0,38
Darnetta,F,6,0,6
Darnisha,F,218,0,218
Darnley,M,5,5,0
Darol,M,5,5,0
Darold,M,1402,1402,0
Darolyn,F,5,0,5
Daron,M,4416,4416,0
Darrah,F,11,0,11
Darral,M,6,6,0
Darran,M,35,35,0
Darrel,M,25298,25298,0
Darrell,M,156290,156270,20
Darren,M,101829,101811,18
Darrian,M,1790,1445,345
Darrick,M,5217,5217,0
Darrie,M,5,5,0
Darriel,F,10,5,5
Darrielle,F,7,0,7
Darrien,M,1395,1376,19
Darrin,M,26717,26717,0
Darrion,M,2497,2497,0
Darrious,M,20,20,0
Darris,M,207,207,0
Darrius,M,5663,5663,0
Darrly,M,5,5,0
Darrol,M,5,5,0
Darrold,M,11,11,0
Darron,M,3275,3275,0
Darrow,M,11,11,0
Darry,M,231,231,0
Darryl,M,88819,88722,97
Darryle,M,184,184,0
Darryll,M,142,142,0
Darryn,M,205,205,0
Darsh,M,315,315,0
Darshan,M,26,26,0
Darshawn,M,7,7,0
Dartagnan,M,111,111,0
Dartha,F,16,0,16
Darthy,F,16,0,16
Daruis,M,5,5,0
Darvell,M,25,25,0
Darvin,M,492,492,0
Darwin,M,20411,20411,0
Darwyn,M,41,41,0
Darya,F,375,0,375
Daryan,M,43,37,6
Daryana,F,23,0,23
Daryel,M,5,5,0
Daryl,M,61025,59058,1967
Daryle,M,525,525,0
Daryll,M,205,205,0
Daryn,U,398,301,97
Dasan,M,24,24,0
Dasani,F,436,48,388
Dasean,M,325,325,0
Dash,M,2828,2828,0
Dasha,F,1875,0,1875
Dashae,F,5,0,5
Dashan,M,5,5,0
Dashanae,F,5,0,5
Dashanique,F,5,0,5
Dashanti,F,29,0,29
Dashaun,M,1417,1417,0
Dashawn,M,7015,6955,60
Dashawna,F,21,0,21
Dashay,F,33,0,33
Dashel,M,74,74,0
Dashia,F,92,0,92
Dashiel,M,39,39,0
Dashiell,M,1440,1440,0
Dashley,F,17,0,17
Dashon,M,397,397,0
Dashun,M,15,15,0
Dasia,F,3951,0,3951
Dasie,F,5,0,5
Dasmine,F,5,0,5
Dason,M,16,16,0
Dastan,M,34,34,0
Dat,M,102,102,0
Datha,F,5,0,5
Dathan,M,129,129,0
Daud,M,5,5,0
Daulton,M,593,593,0
Daun,F,39,0,39
Daunte,M,397,397,0
Dava,F,85,0,85
Davanee,F,5,0,5
Davante,M,454,454,0
Davarion,M,10,10,0
Davaris,M,10,10,0
Davarius,M,10,10,0
Davaughn,M,77,77,0
Dave,M,56218,56218,0
Daveion,M,67,67,0
Davell,M,11,11,0
Davelyn,F,6,0,6
Daven,M,577,577,0
Daveon,M,1428,1428,0
Davette,F,11,0,11
Davey,M,687,682,5
Daveyon,M,5,5,0
Davi,M,1052,1042,10
Davia,F,38,0,38
Davian,M,4626,4620,6
Daviana,F,73,0,73
Davianna,F,96,0,96
David,M,3646760,3638586,8174
Davida,F,1158,0,1158
Davide,M,58,58,0
Davidmichael,M,5,5,0
Davidson,M,142,142,0
Davie,M,703,654,49
Daviel,M,26,26,0
Davien,M,352,352,0
Davier,M,5,5,0
Davin,M,7091,7091,0
Davina,F,7351,0,7351
Davinah,F,5,0,5
Davinchi,M,7,7,0
Davinci,M,16,16,0
Davinder,M,5,5,0
Davion,M,11304,11299,5
Daviona,F,10,0,10
Davione,M,6,6,0
Davionna,F,38,0,38
Davionne,M,5,5,0
Davis,M,25970,25928,42
Davisha,F,11,0,11
Davit,M,113,113,0
Davita,F,28,0,28
Davon,M,11188,11183,5
Davona,F,7,0,7
Davone,M,41,41,0
Davonn,M,5,5,0
Davonna,F,94,0,94
Davonne,M,26,21,5
Davonta,M,444,444,0
Davontae,M,400,400,0
Davontay,M,44,44,0
Davonte,M,3140,3140,0
Davy,M,568,542,26
Davyn,M,43,43,0
Dawan,M,44,44,0
Dawana,F,15,0,15
Dawanna,F,10,0,10
Dawayne,M,126,126,0
Dawens,M,12,12,0
Dawid,M,191,191,0
Dawit,M,21,21,0
Dawn,F,285845,132,285713
Dawna,F,3181,0,3181
Dawne,F,946,0,946
Dawnell,F,34,0,34
Dawnelle,F,39,0,39
Dawnette,F,75,0,75
Dawnielle,F,36,0,36
Dawnmarie,F,279,0,279
Dawnn,F,5,0,5
Dawon,M,5,5,0
Dawood,M,30,30,0
Dawoud,M,5,5,0
Dawsen,M,11,11,0
Dawson,M,45214,44935,279
Dawsyn,F,325,5,320
Dawt,F,23,0,23
Dawud,M,171,171,0
Dax,M,8817,8817,0
Daxon,M,469,469,0
Daxten,M,29,29,0
Daxtin,M,5,5,0
Daxton,M,12162,12162,0
Daxtyn,M,170,170,0
Daxx,M,11,11,0
Daya,F,67,0,67
Dayami,F,624,0,624
Dayamy,F,9,0,9
Dayan,U,66,40,26
Dayana,F,13182,0,13182
Dayanara,F,5487,0,5487
Dayani,F,155,0,155
Dayanira,F,60,0,60
Dayanna,F,2452,0,2452
Dayannara,F,21,0,21
Dayanne,F,10,0,10
Dayatra,F,16,0,16
Daycee,F,5,0,5
Dayden,M,7,7,0
Dayelin,F,11,0,11
Dayja,F,68,0,68
Dayjah,F,10,0,10
Dayla,F,387,0,387
Daylan,M,1124,1124,0
Daylani,F,40,0,40
Dayle,F,444,23,421
Daylee,F,5,0,5
Dayleen,F,129,0,129
Daylen,M,2277,2272,5
Daylene,F,43,0,43
Daylin,F,1251,481,770
Daylon,M,1498,1498,0
Daylyn,M,6,6,0
Daymian,M,89,89,0
Daymien,M,30,30,0
Daymon,M,105,105,0
Daymond,M,10,10,0
Dayna,F,10648,0,10648
Dayne,M,1136,1136,0
Dayon,M,76,76,0
Dayona,F,6,0,6
Dayonna,F,123,0,123
Dayquan,M,207,207,0
Dayra,F,621,0,621
Dayrin,F,29,0,29
Dayro,M,5,5,0
Dayron,M,172,172,0
Daysha,F,802,0,802
Dayshaun,M,25,25,0
Dayshawn,M,371,371,0
Dayshia,F,5,0,5
Daysi,F,765,0,765
Daysia,F,80,0,80
Dayson,M,65,65,0
Daysy,F,74,0,74
Dayton,M,10317,10307,10
Daytona,F,5,0,5
Dayveon,M,15,15,0
Dayvian,M,5,5,0
Dayvion,M,81,81,0
Dayvon,M,466,466,0
Dazhane,F,13,0,13
Dazia,F,15,0,15
Daziah,F,6,0,6
De,M,318,250,68
Dea,F,133,0,133
Deacon,M,9189,9189,0
Deadra,F,103,0,103
Deadrian,M,17,17,0
Deadrick,M,55,55,0
Deagan,M,223,223,0
Deaglan,M,35,35,0
Deaira,F,43,0,43
Deaire,M,16,16,0
Deairra,F,7,0,7
Deajah,F,17,0,17
Deakon,M,6,6,0
Dealva,F,27,0,27
Deamber,F,10,0,10
Deamonte,M,5,5,0
Dean,M,184589,183909,680
Deana,F,19494,0,19494
Deandra,F,2805,92,2713
Deandre,M,27182,27167,15
Deandrea,F,839,62,777
Deandria,F,52,0,52
Deane,M,407,381,26
Deangela,F,81,0,81
Deangelo,M,9868,9868,0
Deanie,F,25,0,25
Deann,F,7304,0,7304
Deanna,F,131966,6,131960
Deanndra,F,5,0,5
Deanne,F,11429,0,11429
Deante,M,1327,1327,0
Deanthony,M,1833,1833,0
Deari,F,22,0,22
Dearia,F,5,0,5
Dearis,M,10,10,0
Dearius,M,10,10,0
Dearl,M,15,15,0
Dearra,F,64,0,64
Deashia,F,5,0,5
Deasia,F,3772,0,3772
Deatra,F,20,0,20
Deatrice,F,63,0,63
Deaundra,F,10,0,10
Deaundre,M,154,154,0
Deaven,M,72,72,0
Deavion,F,69,11,58
Deb,F,1058,0,1058
Debanhi,F,542,0,542
Debanhy,F,11,0,11
Debany,F,51,0,51
Debara,F,5,0,5
Debbe,F,5,0,5
Debbi,F,1654,0,1654
Debbie,F,184911,20,184891
Debborah,F,52,0,52
Debbra,F,2039,0,2039
Debby,F,7593,0,7593
Debbye,F,5,0,5
Debera,F,314,0,314
Deberah,F,13,0,13
Debhora,F,7,0,7
Debi,F,2463,0,2463
Debie,F,46,0,46
Debora,F,27272,0,27272
Deborah,F,738673,393,738280
Deboraha,F,16,0,16
Deborahann,F,15,0,15
Deborha,F,275,0,275
Deborra,F,21,0,21
Deborrah,F,236,0,236
Debra,F,548059,244,547815
Debraann,F,27,0,27
Debrah,F,2587,0,2587
Debralee,F,5,0,5
Debroah,F,382,0,382
Deby,F,16,0,16
Decarlo,M,21,21,0
Decarlos,M,145,145,0
December,F,93,0,93
Deckard,M,11,11,0
Decker,M,1480,1480,0
Decklan,M,38,38,0
Decklyn,U,17,12,5
Declan,M,52172,52150,22
Declyn,M,10,10,0
Decorian,M,47,47,0
Dede,F,409,0,409
Dedra,F,2351,0,2351
Dedria,F,26,0,26
Dedric,M,677,677,0
Dedrick,M,2569,2569,0
Dee,F,15048,3102,11946
Deeana,F,15,0,15
Deeann,F,1024,0,1024
Deeanna,F,282,0,282
Deeanne,F,26,0,26
Deedee,F,1495,0,1495
Deedra,F,423,0,423
Deegan,M,2050,2050,0
Deeksha,F,17,0,17
Deema,F,32,0,32
Deen,M,328,328,0
Deena,F,9743,0,9743
Deep,M,60,60,0
Deepa,F,19,0,19
Deepak,M,70,70,0
Deepika,F,22,0,22
Deethya,F,5,0,5
Deetta,F,30,0,30
Deette,F,31,0,31
Deetya,F,33,0,33
Deeya,F,10,0,10
Defne,F,128,0,128
Deforest,M,87,87,0
Degan,M,58,58,0
Dehlani,F,11,0,11
Deicy,F,30,0,30
Deidra,F,7328,0,7328
Deidre,F,11598,0,11598
Deigo,M,16,16,0
Deija,F,78,0,78
Deijah,F,5,0,5
Deilani,F,18,0,18
Deilany,F,27,0,27
Deion,M,3880,3880,0
Deiondre,M,35,35,0
Deionte,M,22,22,0
Deirdra,F,112,0,112
Deirdre,F,13472,0,13472
Deise,F,5,0,5
Deisi,F,260,0,260
Deissy,F,5,0,5
Deisy,F,1930,0,1930
Deitra,F,87,0,87
Deja,F,14147,0,14147
Dejah,F,1864,0,1864
Dejan,M,23,23,0
Dejana,F,5,0,5
Dejanae,F,389,0,389
Dejanay,F,5,0,5
Dejane,F,5,0,5
Dejanee,F,35,0,35
Dejanique,F,16,0,16
Dejanira,F,6,0,6
Dejaun,M,5,5,0
Dejia,F,11,0,11
Dejohn,M,27,27,0
Dejon,M,1185,1185,0
Dejour,M,5,5,0
Dejuan,M,3352,3352,0
Dekari,M,60,60,0
Deke,M,5,5,0
Dekendrick,M,6,6,0
Dekker,M,37,37,0
Deklan,M,1225,1225,0
Deklin,M,42,42,0
Deklyn,M,104,104,0
Dekota,M,38,38,0
Del,M,1317,1317,0
Delaila,F,55,0,55
Delailah,F,24,0,24
Delaina,F,176,0,176
Delaine,F,325,8,317
Delainey,F,501,0,501
Delana,F,1061,0,1061
Delane,F,25,5,20
Delaney,F,41469,29,41440
Delani,F,596,0,596
Delanie,F,2696,0,2696
Delano,M,2013,2008,5
Delante,M,202,202,0
Delany,F,465,0,465
Delara,F,34,0,34
Delayla,F,57,0,57
Delaylah,F,5,0,5
Delayna,F,47,0,47
Delayne,F,5,0,5
Delaynie,F,5,0,5
Delayza,F,101,0,101
Delbert,M,41376,41376,0
Delbra,F,42,0,42
Delcenia,F,6,0,6
Delcia,F,5,0,5
Delcie,F,228,0,228
Delcina,F,6,0,6
Delecia,F,10,0,10
Delena,F,173,0,173
Delene,F,44,0,44
Deleon,M,62,62,0
Deleyza,F,5,0,5
Delfa,F,5,0,5
Delfin,M,10,10,0
Delfina,F,2536,0,2536
Delfinia,F,20,0,20
Delfino,M,1284,1284,0
Delford,M,10,10,0
Delia,F,25708,5,25703
Deliah,F,11,0,11
Deliana,F,5,0,5
Delicia,F,807,0,807
Delila,F,790,0,790
Delilah,F,52905,0,52905
Delina,F,246,0,246
Delinah,F,5,0,5
Delinda,F,601,0,601
Delisa,F,1372,0,1372
Delise,F,5,0,5
Delisha,F,83,0,83
Delissa,F,17,0,17
Dell,U,1054,655,399
Della,F,47949,0,47949
Dellanira,F,7,0,7
Dellar,F,20,0,20
Dellie,F,5,0,5
Delma,F,5028,432,4596
Delmar,M,9503,9503,0
Delmas,M,656,656,0
Delmer,M,4339,4339,0
Delmi,F,27,0,27
Delmira,F,21,0,21
Delmont,M,53,53,0
Delmos,M,7,7,0
Delmus,M,6,6,0
Delmy,F,206,0,206
Delno,M,5,5,0
Delois,F,6794,0,6794
Deloise,F,851,0,851
Deloma,F,6,0,6
Delon,M,145,145,0
Delone,F,6,0,6
Delonta,M,103,103,0
Delontae,M,5,5,0
Delontay,M,5,5,0
Delonte,M,764,764,0
Delora,F,266,0,266
Deloras,F,17,0,17
Delorean,M,41,41,0
Delores,F,114246,0,114246
Deloria,F,7,0,7
Delories,F,204,0,204
Deloris,F,31776,0,31776
Delorise,F,250,0,250
Delorse,F,44,0,44
Delos,M,142,142,0
Deloy,M,81,81,0
Delpha,F,387,0,387
Delphia,F,1593,0,1593
Delphie,F,7,0,7
Delphina,F,61,0,61
Delphine,F,5879,5,5874
Delrico,M,12,12,0
Delrose,F,17,0,17
Delroy,M,328,328,0
Delsa,F,6,0,6
Delshawn,M,10,10,0
Delsie,F,148,0,148
Delta,F,862,0,862
Delton,M,1385,1385,0
Deluca,M,30,30,0
Deluvina,F,11,0,11
Delvecchio,M,28,28,0
Delvin,M,1778,1778,0
Delvon,M,238,238,0
Delvonte,M,10,10,0
Delwin,M,110,110,0
Delwyn,M,10,10,0
Delyla,F,139,0,139
Delylah,F,650,0,650
Delynn,F,101,0,101
Delzora,F,23,0,23
Dema,F,5,0,5
Demani,M,59,54,5
Demar,M,102,102,0
Demarco,M,3462,3462,0
Demarcus,M,11706,11706,0
Demarea,M,32,32,0
Demari,M,1639,1633,6
Demaria,F,15,0,15
Demarian,M,5,5,0
Demarie,F,6,0,6
Demario,M,4585,4585,0
Demarion,M,2461,2461,0
Demarious,M,20,20,0
Demaris,F,36,10,26
Demarius,M,695,695,0
Demarko,M,72,72,0
Demarkus,M,306,306,0
Demarques,M,5,5,0
Demarquez,M,7,7,0
Demarquis,M,39,39,0
Demarrio,M,6,6,0
Demarrion,M,5,5,0
Demauri,M,18,18,0
Demeka,F,10,0,10
Demetra,F,1575,0,1575
Demetre,M,28,28,0
Demetreus,M,5,5,0
Demetri,M,1705,1689,16
Demetria,F,8065,0,8065
Demetrias,M,5,5,0
Demetric,M,769,677,92
Demetrica,F,6,0,6
Demetrice,F,1245,401,844
Demetrick,M,59,59,0
Demetrio,M,1523,1523,0
Demetrios,M,1095,1095,0
Demetrious,M,219,219,0
Demetris,M,1089,880,209
Demetriu,M,9,9,0
Demetrius,M,33728,33150,578
Demetruis,M,45,45,0
Demetrus,M,16,16,0
Demi,F,11562,0,11562
Demia,F,5,0,5
Demian,M,895,895,0
Demiana,F,16,0,16
Demir,M,519,519,0
Demiri,M,16,16,0
Demita,F,5,0,5
Demitra,F,18,0,18
Demitri,M,670,670,0
Demitria,F,25,0,25
Demitrius,M,407,407,0
Demiya,F,5,0,5
Demiyah,F,38,0,38
Demon,M,78,78,0
Demond,M,4101,4101,0
Demondre,M,18,18,0
Demone,M,10,10,0
Demoni,M,35,35,0
Demonica,F,31,0,31
Demont,M,20,20,0
Demonta,M,124,124,0
Demontae,M,65,65,0
Demonte,M,1162,1162,0
Demontray,M,12,12,0
Demontre,M,80,80,0
Demorris,M,17,17,0
Dempsey,M,1038,1011,27
Demri,F,5,0,5
Demya,F,106,0,106
Dena,F,26553,0,26553
Denae,F,582,0,582
Denali,F,474,10,464
Denaly,F,5,0,5
Denard,M,29,29,0
Denarius,M,24,24,0
Denasia,F,152,0,152
Denay,F,30,0,30
Dencil,M,32,32,0
Dene,F,27,0,27
Denean,F,50,0,50
Deneane,F,5,0,5
Denecia,F,7,0,7
Denee,F,88,0,88
Deneen,F,2594,0,2594
Deneene,F,6,0,6
Deneisha,F,15,0,15
Denell,F,25,0,25
Denelle,F,46,0,46
Denene,F,45,0,45
Denese,F,321,0,321
Denesha,F,150,0,150
Deneshia,F,6,0,6
Denetra,F,11,0,11
Denetria,F,5,0,5
Denette,F,89,0,89
Denia,F,186,0,186
Denice,F,7801,0,7801
Deniece,F,105,0,105
Denielle,F,133,0,133
Denika,F,25,0,25
Denilson,M,233,233,0
Denim,M,1630,1347,283
Denine,F,330,0,330
Deniro,M,33,33,0
Denis,M,15813,15655,158
Denisa,F,43,0,43
Denise,F,370467,337,370130
Denisha,F,2558,0,2558
Denishia,F,5,0,5
Denisse,F,5897,0,5897
Denita,F,855,0,855
Deniya,F,39,0,39
Deniyah,F,31,0,31
Deniz,M,480,392,88
Denna,F,408,0,408
Dennice,F,23,0,23
Dennie,M,1046,1041,5
Dennis,M,615697,615319,378
Dennise,F,1583,0,1583
Dennison,M,11,11,0
Denny,M,10628,10623,5
Dennys,M,50,50,0
Deno,M,10,10,0
Denorris,M,15,15,0
Denotra,F,5,0,5
Denson,M,5,5,0
Denton,M,918,918,0
Denver,M,15354,12998,2356
Denyce,F,5,0,5
Denym,F,63,34,29
Denys,F,35,0,35
Denyse,F,216,0,216
Denzel,M,8705,8705,0
Denzell,M,515,515,0
Denzil,M,1661,1661,0
Deo,M,5,5,0
Deola,F,19,0,19
Deolinda,F,147,0,147
Deon,M,12177,11957,220
Deona,F,46,0,46
Deondra,F,320,10,310
Deondre,M,2286,2286,0
Deonna,F,1297,0,1297
Deonne,F,5,0,5
Deonta,M,1245,1245,0
Deontae,M,2117,2117,0
Deontavious,M,10,10,0
Deontay,M,195,195,0
Deonte,M,6469,6469,0
Deontray,M,14,14,0
Deontre,M,123,123,0
Dequan,M,2445,2445,0
Dequante,M,5,5,0
Dequarius,M,23,23,0
Dequavious,M,57,57,0
Dequavius,M,11,11,0
Dequincy,M,87,87,0
Dequon,M,5,5,0
Der,F,78,0,78
Dera,F,15,0,15
Derald,M,376,376,0
Dereck,M,4112,4112,0
Derek,M,235094,235051,43
Derell,M,11,11,0
Derenda,F,17,0,17
Dereon,M,906,752,154
Derian,M,458,458,0
Deric,M,1743,1743,0
Derica,F,56,0,56
Derick,M,16178,16178,0
Dericka,F,6,0,6
Derico,M,11,11,0
Derik,M,2510,2510,0
Derika,F,11,0,11
Derin,M,61,52,9
Derinda,F,12,0,12
Derion,M,231,231,0
Derius,M,17,17,0
Derk,M,19,19,0
Derl,M,29,29,0
Derly,M,10,10,0
Dermot,M,41,41,0
Dermott,M,5,5,0
Deroe,M,5,5,0
Deron,M,3045,3045,0
Deronda,F,5,0,5
Deronte,M,6,6,0
Derreck,M,32,32,0
Derrek,M,737,737,0
Derrel,M,105,105,0
Derrell,M,2479,2479,0
Derreon,M,11,11,0
Derrian,M,42,42,0
Derrianna,F,5,0,5
Derric,M,160,160,0
Derrica,F,33,0,33
Derrick,M,142814,142709,105
Derricka,F,109,0,109
Derrik,M,407,407,0
Derrike,M,5,5,0
Derrill,M,25,25,0
Derrin,M,5,5,0
Derrion,M,420,420,0
Derriona,F,10,0,10
Derrisha,F,5,0,5
Derrius,M,114,114,0
Derron,M,89,89,0
Derry,M,75,75,0
Derryl,M,42,42,0
Derward,M,5,5,0
Derwin,M,1464,1464,0
Derwood,M,67,67,0
Deryck,M,15,15,0
Deryk,M,29,29,0
Deryl,M,274,274,0
Desarae,F,403,0,403
Desaray,F,134,0,134
Desaree,F,70,0,70
Desean,M,2050,2050,0
Deserae,F,298,0,298
Deseray,F,121,0,121
Desere,F,5,0,5
Deseree,F,330,0,330
Deserie,F,501,0,501
Desha,F,27,0,27
Deshanae,F,6,0,6
Deshanna,F,22,0,22
Deshannon,F,6,0,6
Deshante,F,5,0,5
Deshanti,F,5,0,5
Deshaun,M,3564,3559,5
Deshawn,M,13996,13692,304
Deshawna,F,26,0,26
Deshawnda,F,5,0,5
Deshay,F,5,0,5
Deshon,M,870,865,5
Deshonda,F,15,0,15
Deshone,F,10,5,5
Deshonna,F,10,0,10
Deshun,M,356,356,0
Deshundra,F,5,0,5
Desi,M,663,557,106
Desiderio,M,97,97,0
Desirae,F,10329,0,10329
Desiray,F,621,0,621
Desire,F,2826,5,2821
Desirea,F,558,0,558
Desiree,F,80494,0,80494
Desirey,F,50,0,50
Desirie,F,10,0,10
Desmon,M,156,156,0
Desmond,M,34894,34888,6
Desmund,M,5,5,0
Despina,F,361,0,361
Desree,F,36,0,36
Dessa,F,20,0,20
Dessie,F,6201,15,6186
Destan,M,5,5,0
Destanee,F,123,0,123
Destani,F,208,0,208
Destanie,F,479,0,479
Destany,F,1880,0,1880
Desteni,F,10,0,10
Destenie,F,21,0,21
Desteny,F,829,0,829
Destin,M,3791,3727,64
Destine,F,269,0,269
Destinee,F,14760,0,14760
Destiney,F,5905,0,5905
Destini,F,5930,0,5930
Destinie,F,1330,0,1330
Destiny,F,149233,29,149204
Deston,M,5,5,0
Destry,M,169,169,0
Destyn,M,10,10,0
Destyne,F,16,0,16
Destynee,F,96,0,96
Destyni,F,173,0,173
Destynie,F,6,0,6
Detavious,M,5,5,0
Detra,F,776,0,776
Detria,F,5,0,5
Detric,M,10,10,0
Detrice,F,11,0,11
Detrick,M,296,296,0
Detroit,M,5,5,0
Detta,F,11,0,11
Deuce,M,10,10,0
Deundra,F,15,5,10
Deundre,M,21,21,0
Dev,M,1806,1806,0
Deva,F,43,0,43
Deval,M,5,5,0
Devan,M,14179,11071,3108
Devanand,M,5,5,0
Devanee,F,11,0,11
Devani,F,96,0,96
Devanie,F,48,0,48
Devanny,F,78,0,78
Devansh,M,313,313,0
Devanta,M,13,13,0
Devante,M,6722,6722,0
Devany,F,478,0,478
Devaughn,M,884,884,0
Devaun,M,5,5,0
Devean,M,100,100,0
Devell,M,10,10,0
Deven,M,8209,8031,178
Devendra,M,5,5,0
Deveon,M,59,59,0
Devera,F,10,0,10
Devere,M,72,72,0
Devesh,M,11,11,0
Devi,F,95,0,95
Devika,F,68,0,68
Devin,M,168520,153515,15005
Devina,F,425,0,425
Devindra,M,5,5,0
Devine,F,287,144,143
Deviny,F,5,0,5
Devion,M,738,738,0
Devlin,M,1034,1034,0
Devoiry,F,86,0,86
Devon,M,86201,69160,17041
Devona,F,386,0,386
Devonda,F,5,0,5
Devondre,M,11,11,0
Devone,M,78,78,0
Devonn,M,7,7,0
Devonna,F,122,0,122
Devonne,F,61,30,31
Devonta,M,2108,2108,0
Devontae,M,1581,1581,0
Devontay,M,145,145,0
Devonte,M,10017,10017,0
Devontre,M,5,5,0
Devora,F,1577,0,1577
Devorah,F,3342,0,3342
Devoris,M,5,5,0
Devory,F,94,0,94
Devra,F,45,0,45
Devron,M,56,56,0
Devyn,F,11538,4645,6893
Devyne,M,5,5,0
Devynn,F,162,0,162
Dewain,M,11,11,0
Dewaine,M,5,5,0
Dewan,M,5,5,0
Dewana,F,6,0,6
Dewanda,F,46,0,46
Dewanna,F,120,0,120
Deward,M,264,264,0
Dewayne,M,22374,22374,0
Dewell,M,15,15,0
Dewey,M,26814,26809,5
Dewie,M,5,5,0
Dewin,M,5,5,0
Dewitt,M,3182,3182,0
Dex,M,23,23,0
Dexter,M,30711,30705,6
Dexton,M,10,10,0
Deyanara,F,6,0,6
Deyanira,F,1176,0,1176
Deyla,F,11,0,11
Deylani,F,11,0,11
Deyna,F,5,0,5
Deyonta,M,10,10,0
Deyra,F,5,0,5
Deysi,F,804,0,804
Deysy,F,55,0,55
Dez,M,61,61,0
Dezarae,F,285,0,285
Dezaray,F,151,0,151
Dezaree,F,5,0,5
Dezerae,F,29,0,29
Dezeray,F,40,0,40
Dezhane,F,5,0,5
Dezhon,M,5,5,0
Dezi,U,27,17,10
Deziah,F,10,0,10
Dezirae,F,623,0,623
Deziray,F,32,0,32
Dezire,F,116,0,116
Deziree,F,466,0,466
Deziyah,F,20,0,20
Dezmen,M,5,5,0
Dezmon,M,68,68,0
Dezmond,M,1455,1455,0
Dezzie,F,15,0,15
Dhairya,M,5,5,0
Dhalia,F,40,0,40
Dhamar,F,5,0,5
Dhana,F,24,0,24
Dhani,M,26,26,0
Dhanya,F,6,0,6
Dhara,F,84,0,84
Dharma,F,91,0,91
Dheeran,M,6,6,0
Dhilan,M,26,26,0
Dhillon,M,10,10,0
Dhiya,F,10,0,10
Dhriti,F,233,0,233
Dhruv,M,2998,2998,0
Dhruva,M,203,203,0
Dhruvan,M,5,5,0
Dhruvi,F,10,0,10
Dhwani,F,5,0,5
Dhyan,M,33,33,0
Dia,F,413,0,413
Diago,M,88,88,0
Diahann,F,94,0,94
Diala,F,13,0,13
Diallo,M,133,133,0
Diamante,M,78,73,5
Diamantina,F,518,0,518
Diamon,F,42,0,42
Diamond,F,32168,708,31460
Diamonique,F,252,0,252
Diamonte,M,52,52,0
Dian,F,2778,0,2778
Diana,F,363171,377,362794
Diandra,F,885,0,885
Diandre,M,22,22,0
Diane,F,515450,209,515241
Dianelly,F,8,0,8
Dianely,F,5,0,5
Dianelys,F,10,0,10
Dianey,F,16,0,16
Diangelo,M,53,53,0
Diania,F,7,0,7
Diann,F,9935,0,9935
Dianna,F,52332,0,52332
Dianne,F,92349,0,92349
Diannia,F,10,0,10
Diannie,F,10,0,10
Diante,M,349,349,0
Diara,F,24,0,24
Diarra,F,10,5,5
Diasia,F,15,0,15
Diasy,F,10,0,10
Diavian,F,36,0,36
Diavion,F,5,0,5
Dicie,F,105,0,105
Dick,M,25446,25446,0
Dickey,M,118,118,0
Dickie,M,2390,2379,11
Dickson,M,21,21,0
Dicky,M,117,117,0
Didier,M,271,271,0
Diedra,F,452,0,452
Diedre,F,342,0,342
Diego,M,119085,119051,34
Diem,F,80,0,80
Dierdra,F,5,0,5
Dierdre,F,158,0,158
Dierks,M,5,5,0
Dierra,F,19,0,19
Dierre,M,6,6,0
Diesel,M,841,841,0
Dieter,M,117,117,0
Dietra,F,49,0,49
Dietrich,M,139,139,0
Digna,F,105,0,105
Dijon,M,488,488,0
Dilan,M,3725,3725,0
Dilara,F,29,0,29
Dilcia,F,6,0,6
Dilia,F,20,0,20
Dillan,M,5012,4997,15
Dillard,M,1571,1571,0
Dillen,M,40,40,0
Dillian,M,22,22,0
Dillin,M,7,7,0
Dillinger,M,65,65,0
Dillion,M,2021,2021,0
Dillon,M,62719,62592,127
Dilon,M,15,15,0
Dilpreet,U,22,15,7
Dilraj,M,7,7,0
Dilsher,M,5,5,0
Dilynn,F,24,0,24
Dim,F,28,0,28
Dimas,M,753,753,0
Dimitra,F,148,0,148
Dimitri,M,6127,6117,10
Dimitria,F,5,0,5
Dimitrios,M,1157,1157,0
Dimitris,M,22,22,0
Dimitrius,M,72,72,0
Dimitry,M,50,50,0
Dimond,F,11,0,11
Dimple,F,1033,0,1033
Dina,F,27259,0,27259
Dinah,F,6153,0,6153
Dinamarie,F,10,0,10
Dinari,M,11,11,0
Dineen,F,124,0,124
Dinero,M,98,98,0
Dinesh,M,5,5,0
Dinh,M,5,5,0
Dino,M,5876,5876,0
Dinora,F,260,0,260
Dinorah,F,148,0,148
Dio,M,30,30,0
Diogenes,M,26,26,0
Diogo,M,157,157,0
Dion,M,14945,14850,95
Diona,F,139,0,139
Diondra,F,37,0,37
Diondre,M,282,282,0
Dione,F,798,5,793
Dionicia,F,76,0,76
Dionicio,M,1199,1199,0
Dionis,M,7,7,0
Dionisia,F,25,0,25
Dionisio,M,232,232,0
Dionna,F,1612,0,1612
Dionne,F,7370,5,7365
Dionta,M,33,33,0
Diontae,M,78,78,0
Diontay,M,5,5,0
Dionte,M,1661,1661,0
Diony,M,6,6,0
Dior,F,5013,1098,3915
Dioselina,F,10,0,10
Diquan,M,149,149,0
Dirk,M,7155,7155,0
Diron,M,22,22,0
Disa,F,5,0,5
Disaya,F,5,0,5
Disha,F,152,0,152
Dishawn,M,5,5,0
Dishon,M,5,5,0
Ditya,F,5,0,5
Diva,F,23,0,23
Divante,M,6,6,0
Divina,F,414,0,414
Divine,F,1760,734,1026
Divinity,F,215,0,215
Divisha,F,36,0,36
Divit,M,22,22,0
Divya,F,1334,0,1334
Dixie,F,38666,11,38655
Dixon,M,268,268,0
Diya,F,3965,0,3965
Diyan,M,5,5,0
Diyor,M,15,15,0
Diyora,F,18,0,18
Dj,M,10,10,0
Django,M,26,26,0
Djavan,M,5,5,0
Djeneba,F,20,0,20
Djibril,M,35,35,0
Djimon,M,37,37,0
Djuan,M,184,184,0
Djuana,F,206,0,206
Djuna,F,158,0,158
Dlaney,F,5,0,5
Dlisa,F,5,0,5
Dmarco,M,32,32,0
Dmarcus,M,191,191,0
Dmari,M,69,69,0
Dmario,M,11,11,0
Dmarion,M,129,129,0
Dmitri,M,401,401,0
Dmitriy,M,126,126,0
Dmitry,M,56,56,0
Dmonte,M,5,5,0
Dmorea,M,10,10,0
Dmya,F,5,0,5
Dniyah,F,10,0,10
Dnyla,F,5,0,5
Doak,M,5,5,0
Doba,F,6,0,6
Doc,M,79,79,0
Docia,F,34,0,34
Dock,M,2294,2294,0
Doctor,M,35,35,0
Dodd,M,10,10,0
Dodge,M,15,15,0
Dodger,M,5,5,0
Dodi,F,22,0,22
Dodie,F,283,0,283
Dody,F,15,0,15
Doha,F,6,0,6
Doil,M,5,5,0
Dois,M,5,5,0
Dola,F,10,0,10
Dolan,M,60,60,0
Dollie,F,12109,0,12109
Dolly,F,13888,0,13888
Dolores,F,206769,565,206204
Dolorez,F,5,0,5
Doloris,F,562,0,562
Dolph,M,6,6,0
Dolphus,M,101,101,0
Dom,M,33,33,0
Domani,M,78,78,0
Domanic,M,163,163,0
Domanick,M,74,74,0
Domanique,F,21,5,16
Domenic,M,8291,8291,0
Domenica,F,1755,0,1755
Domenick,M,3474,3474,0
Domenico,M,1932,1932,0
Domenik,M,5,5,0
Domenique,F,96,0,96
Domer,M,5,5,0
Dominador,M,5,5,0
Dominga,F,2797,5,2792
Domingo,M,11073,11057,16
Domingos,M,17,17,0
Domingue,F,5,0,5
Dominic,M,183456,183205,251
Dominica,F,485,0,485
Dominick,M,62295,62290,5
Dominico,M,5,5,0
Dominigue,F,20,0,20
Dominik,M,7945,7940,5
Dominika,F,102,0,102
Dominion,M,6,6,0
Dominiqu,F,15,0,15
Dominiqua,F,5,0,5
Dominique,F,68759,20880,47879
Domino,F,5,0,5
Dominque,F,3806,1204,2602
Dominyk,M,5,5,0
Domitila,F,109,0,109
Domnick,M,23,23,0
Domonic,M,739,739,0
Domonick,M,47,47,0
Domonique,F,4448,718,3730
Don,M,162018,161997,21
Dona,F,13671,0,13671
Donabelle,F,7,0,7
Donaciana,F,5,0,5
Donaciano,M,134,134,0
Donal,M,947,947,0
Donald,M,1408118,1406051,2067
Donaldo,M,36,36,0
Donalee,F,12,0,12
Donasia,F,7,0,7
Donat,M,58,58,0
Donata,F,17,0,17
Donatella,F,27,0,27
Donatello,M,116,116,0
Donathan,M,5,5,0
Donato,M,1333,1333,0
Donavan,M,4780,4780,0
Donaven,M,281,281,0
Donavin,M,850,850,0
Donavon,M,1946,1946,0
Donavyn,M,44,44,0
Dondi,M,114,97,17
Dondra,F,37,0,37
Dondre,M,713,713,0
Doneisha,F,22,0,22
Donelda,F,103,0,103
Donell,M,1925,1907,18
Donella,F,68,0,68
Donelle,F,93,10,83
Donesha,F,40,0,40
Donetta,F,268,0,268
Donette,F,67,0,67
Dong,M,59,59,0
Doni,F,39,0,39
Donia,F,56,0,56
Donica,F,41,0,41
Donice,F,10,0,10
Donie,F,17,0,17
Donielle,F,632,0,632
Donika,F,5,0,5
Donis,F,18,0,18
Donisha,F,354,0,354
Donita,F,2386,0,2386
Donivan,M,41,41,0
Doniyor,M,8,8,0
Donley,M,5,5,0
Donn,M,3632,3632,0
Donna,F,827455,353,827102
Donnabelle,F,178,0,178
Donnajean,F,22,0,22
Donnald,M,5,5,0
Donnalee,F,125,0,125
Donnamae,F,70,0,70
Donnamarie,F,606,0,606
Donnel,M,18,18,0
Donnell,M,10926,10882,44
Donnetta,F,118,0,118
Donnette,F,82,0,82
Donnia,F,10,0,10
Donnie,M,60589,56496,4093
Donnis,F,132,25,107
Donnisha,F,35,0,35
Donnita,F,20,0,20
Donnovan,M,52,52,0
Donny,M,9140,9140,0
Donold,M,6,6,0
Donovan,M,56247,56247,0
Donoven,M,5,5,0
Donovin,M,123,123,0
Donovon,M,5,5,0
Donta,M,1969,1969,0
Dontae,M,3685,3685,0
Dontarius,M,32,32,0
Dontavious,M,1231,1231,0
Dontavis,M,50,50,0
Dontavius,M,451,451,0
Dontay,M,738,738,0
Dontaye,M,5,5,0
Donte,M,13369,13369,0
Donterrius,M,5,5,0
Dontez,M,296,296,0
Dontravious,M,25,25,0
Dontre,M,10,10,0
Dontreal,M,6,6,0
Dontrell,M,1213,1213,0
Dontrez,M,7,7,0
Donya,F,592,0,592
Donyae,M,15,15,0
Donyale,F,80,0,80
Donye,M,5,5,0
Donyell,M,15,15,0
Donyelle,F,16,0,16
Donzel,M,5,5,0
Donzell,M,89,82,7
Donzella,F,21,0,21
Dora,F,77379,16,77363
Dorace,F,6,0,6
Doran,M,165,165,0
Dorance,M,6,6,0
Dorathea,F,36,0,36
Dorathy,F,285,0,285
Dorca,F,10,0,10
Dorcas,F,2548,0,2548
Dore,F,5,0,5
Doreatha,F,220,0,220
Doree,F,33,0,33
Doreen,F,42517,0,42517
Doreena,F,5,0,5
Doreene,F,5,0,5
Dorelia,F,5,0,5
Dorena,F,20,0,20
Dorenda,F,10,0,10
Dorene,F,4727,0,4727
Doretha,F,6238,0,6238
Dorethea,F,76,0,76
Doretta,F,422,0,422
Dori,F,2487,0,2487
Doria,F,76,0,76
Dorian,M,21794,19967,1827
Doriann,F,10,0,10
Dorianne,F,27,0,27
Dorice,F,21,0,21
Dorie,F,266,0,266
Dorien,M,305,305,0
Dorina,F,113,0,113
Dorinda,F,2087,0,2087
Dorine,F,574,0,574
Dorion,M,10,10,0
Doris,F,449907,1291,448616
Dorise,F,5,0,5
Dorismar,F,20,0,20
Doristine,F,15,0,15
Dorita,F,27,0,27
Dorla,F,276,0,276
Dorma,F,91,0,91
Dorman,M,370,370,0
Doron,M,49,49,0
Dorota,F,5,0,5
Dorotea,F,28,0,28
Doroteo,M,303,303,0
Dorotha,F,2976,0,2976
Dorothe,F,62,0,62
Dorothea,F,26743,0,26743
Dorothee,F,6,0,6
Dorothey,F,43,0,43
Dorothie,F,54,0,54
Dorothy,F,1057634,1306,1056328
Dorothyann,F,6,0,6
Dorr,M,12,12,0
Dorrace,F,24,0,24
Dorraine,F,27,0,27
Dorrance,M,5,5,0
Dorri,F,5,0,5
Dorrie,F,109,0,109
Dorris,F,5603,798,4805
Dorsa,F,10,0,10
Dorse,M,12,12,0
Dorsel,M,15,15,0
Dorsey,M,2089,2068,21
Dorsie,F,41,20,21
Dortha,F,4710,0,4710
Dorthea,F,277,0,277
Dorthey,F,275,0,275
Dorthie,F,13,0,13
Dorthy,F,16751,0,16751
Dorwin,M,23,23,0
Dory,F,58,0,58
Dosha,F,11,0,11
Doshia,F,58,0,58
Doshie,F,38,0,38
Dossie,F,20,10,10
Dot,F,167,0,167
Dottie,F,5568,0,5568
Dotty,F,216,0,216
Doua,U,16,11,5
Doug,M,19919,19919,0
Douglas,M,556047,555973,74
Douglass,M,1968,1968,0
Dov,M,2699,2699,0
Dovber,M,20,20,0
Dove,F,106,0,106
Dover,M,6,6,0
Dovid,M,2537,2537,0
Dovie,F,4362,0,4362
Dow,M,5,5,0
Doy,M,105,105,0
Doyal,M,216,216,0
Doyce,M,317,304,13
Doyel,M,5,5,0
Doyle,M,26671,26671,0
Doylene,F,5,0,5
Doyne,M,151,151,0
Doyt,M,5,5,0
Dozier,M,36,36,0
Dquan,M,11,11,0
Draco,M,427,427,0
Draden,M,5,5,0
Dragan,M,22,22,0
Dragon,M,21,21,0
Draiden,M,5,5,0
Draizy,F,47,0,47
Drake,M,33536,33536,0
Drako,M,41,41,0
Draper,M,41,41,0
Draven,M,5901,5901,0
Dravin,M,15,15,0
Draxie,F,24,0,24
Draxler,M,6,6,0
Draya,F,339,0,339
Drayce,M,5,5,0
Drayden,M,895,895,0
Drayke,M,11,11,0
Draylon,M,43,43,0
Drayson,M,17,17,0
Drayton,M,404,404,0
Drayven,M,12,12,0
Dre,M,88,88,0
Drea,F,95,0,95
Dream,F,5345,88,5257
Dreama,F,1765,0,1765
Dreanna,F,5,0,5
Dreddy,M,7,7,0
Drelon,M,5,5,0
Drelyn,M,5,5,0
Drelynn,M,5,5,0
Drema,F,1822,0,1822
Drena,F,25,0,25
Drenda,F,61,0,61
Drequan,M,78,78,0
Dresden,M,211,211,0
Dreshawn,M,32,32,0
Dreux,M,26,26,0
Drevon,M,50,50,0
Drew,M,79891,73883,6008
Drexel,M,11,11,0
Dreya,F,10,0,10
Dreyden,M,19,19,0
Drin,M,22,22,0
Drina,F,10,0,10
Drinda,F,5,0,5
Drita,F,10,0,10
Dru,U,690,483,207
Drucilla,F,723,0,723
Drue,U,102,61,41
Drusilla,F,314,0,314
Dryden,M,17,17,0
Dshawn,M,10,10,0
Dua,F,553,0,553
Duaa,F,111,0,111
Duaine,M,64,64,0
Duan,M,11,11,0
Duane,M,111028,111013,15
Duard,M,28,28,0
Dub,M,5,5,0
Dublin,M,27,27,0
Duc,M,96,96,0
Dudley,M,6972,6972,0
Duff,M,12,12,0
Duffy,M,5,5,0
Duglas,M,5,5,0
Duilio,M,5,5,0
Dujuan,M,256,256,0
Duke,M,6306,6306,0
Dulce,F,17660,0,17660
Dulcemaria,F,266,0,266
Dulcey,F,5,0,5
Dulcie,F,39,0,39
Dulcinea,F,26,0,26
Dulse,F,65,0,65
Duncan,M,14915,14915,0
Dung,U,253,166,87
Dunia,F,45,0,45
Dunte,M,6,6,0
Dunya,F,72,0,72
Duong,M,12,12,0
Dupree,M,102,102,0
Duquan,M,10,10,0
Dura,F,29,0,29
Duran,M,163,163,0
Durand,M,10,10,0
Durant,M,6,6,0
Durante,M,10,10,0
Durell,M,325,325,0
Duriel,M,11,11,0
Duron,M,15,15,0
Durrell,M,411,411,0
Durward,M,719,719,0
Durwin,M,5,5,0
Durwood,M,1003,1003,0
Dushawn,M,20,20,0
Dustan,M,199,199,0
Dusten,M,180,180,0
Dusti,F,378,0,378
Dustie,F,84,0,84
Dustin,M,206211,205853,358
Duston,M,149,149,0
Dusty,M,9216,7122,2094
Dustyn,M,685,685,0
Dutch,M,177,177,0
Dutton,M,621,621,0
Duval,M,34,34,0
Duvan,M,12,12,0
Duvid,M,140,140,0
Duward,M,10,10,0
Duwayne,M,1412,1412,0
Duy,M,280,280,0
Duyen,F,10,0,10
Dvante,M,11,11,0
Dvid,M,5,5,0
Dvonte,M,45,45,0
Dvora,F,35,0,35
Dwain,M,3787,3787,0
Dwaine,M,1277,1277,0
Dwan,F,298,86,212
Dwana,F,126,0,126
Dwanda,F,11,0,11
Dwane,M,601,601,0
Dwanna,F,15,0,15
Dwayne,M,72658,72658,0
Dwight,M,73311,73311,0
Dwyane,M,172,172,0
Dyami,M,5,5,0
Dyamond,F,339,0,339
Dyan,F,548,0,548
Dyana,F,440,0,440
Dyanara,F,5,0,5
Dyane,F,5,0,5
Dyani,F,312,0,312
Dyann,F,63,0,63
Dyanna,F,329,0,329
Dyanne,F,59,0,59
Dylan,M,417347,403748,13599
Dyland,M,372,372,0
Dylann,F,196,57,139
Dylen,M,122,122,0
Dylin,M,25,25,0
Dyllan,M,1659,1644,15
Dyllon,M,277,277,0
Dylon,M,2549,2549,0
Dymere,M,10,10,0
Dymir,M,37,37,0
Dymon,F,21,0,21
Dymond,F,850,0,850
Dynasia,F,6,0,6
Dynasti,F,5,0,5
Dynasty,F,898,0,898
Dynesha,F,10,0,10
Dynisha,F,7,0,7
Dynver,F,66,0,66
Dyquan,M,26,26,0
Dyrell,M,6,6,0
Dyron,M,5,5,0
Dyson,M,328,328,0
Eagan,M,10,10,0
Eames,M,5,5,0
Eamon,M,2431,2431,0
Eamonn,M,204,204,0
Ean,M,3942,3942,0
Earl,M,264161,263933,228
Earla,F,67,0,67
Earland,M,7,7,0
Earle,M,6378,6373,5
Earlean,F,1477,0,1477
Earlee,F,11,0,11
Earleen,F,121,0,121
Earlene,F,10990,0,10990
Earley,M,15,15,0
Earlie,U,1404,1020,384
Earline,F,13907,0,13907
Earlis,M,5,5,0
Earlisha,F,5,0,5
Early,M,1846,1841,5
Earma,F,90,0,90
Earnest,M,50495,50418,77
Earnesteen,F,20,0,20
Earnestine,F,14233,0,14233
Earnie,M,81,71,10
Earnstine,F,11,0,11
Earsie,F,5,0,5
Eartha,F,1620,0,1620
Earthalee,F,10,0,10
Earther,F,16,0,16
Earvin,M,88,88,0
Eashan,M,5,5,0
Easley,M,5,5,0
Eason,M,1588,1588,0
Easten,M,37,37,0
Easter,F,2801,0,2801
Eastin,M,26,26,0
Easton,M,71714,71586,128
Eastyn,U,335,245,90
Eathan,M,200,200,0
Eathel,F,42,0,42
Eathen,M,16,16,0
Eather,F,39,0,39
Eavan,F,5,0,5
Ebba,F,26,0,26
Ebbie,U,15,10,5
Ebelia,F,5,0,5
Ebelin,F,71,0,71
Ebelina,F,7,0,7
Eben,M,612,612,0
Ebenezer,M,142,142,0
Eber,M,287,287,0
Eberardo,M,107,107,0
Ebert,M,6,6,0
Ebin,M,15,15,0
Ebon,M,6,6,0
Ebone,F,399,0,399
Ebonee,F,562,0,562
Eboney,F,81,0,81
Eboni,F,4987,0,4987
Ebonie,F,1366,0,1366
Ebonique,F,17,0,17
Ebony,F,36991,60,36931
Ebrahim,M,100,100,0
Ebrima,M,11,11,0
Ebubechukwu,M,11,11,0
Echo,F,1259,16,1243
Ector,M,253,253,0
Ed,M,15451,15451,0
Eda,F,777,0,777
Edahi,M,39,39,0
Edan,M,490,490,0
Edd,M,2432,2432,0
Edda,F,30,0,30
Edder,M,75,75,0
Eddie,M,212813,200608,12205
Eddison,M,23,23,0
Eddrick,M,5,5,0
Eddy,M,8848,8848,0
Eddye,F,5,0,5
Edel,M,44,44,0
Edelia,F,7,0,7
Edeline,F,21,0,21
Edell,F,34,5,29
Edelmira,F,290,0,290
Edelmiro,M,242,242,0
Edelyn,F,54,0,54
Edelynn,F,7,0,7
Eden,F,51787,8102,43685
Eder,M,2005,2005,0
Ederson,M,23,23,0
Edgar,M,143677,143552,125
Edgard,M,557,557,0
Edgardo,M,4519,4519,0
Edgel,M,7,7,0
Edgerrin,M,5,5,0
Edi,M,20,20,0
Edia,F,17,0,17
Ediberto,M,24,24,0
Edica,F,5,0,5
Edid,F,5,0,5
Edie,F,2139,0,2139
Ediel,M,112,112,0
Edilberto,M,191,191,0
Edilia,F,6,0,6
Edilson,M,5,5,0
Edin,M,331,331,0
Edina,F,23,0,23
Edison,M,7629,7629,0
Edit,F,34,0,34
Edith,F,216962,7,216955
Editha,F,5,0,5
Edlin,F,179,5,174
Edlyn,F,119,0,119
Edmae,F,17,0,17
Edmar,M,5,5,0
Edmon,M,53,53,0
Edmond,M,18142,18142,0
Edmonia,F,146,0,146
Edmund,M,43428,43428,0
Edmundo,M,2205,2205,0
Edna,F,226517,15,226502
Ednamae,F,5,0,5
Edner,M,5,5,0
Ednita,F,5,0,5
Edoardo,M,5,5,0
Edolia,F,5,0,5
Edon,M,17,17,0
Edona,F,33,0,33
Edouard,M,16,16,0
Edra,F,90,0,90
Edrees,M,5,5,0
Edrei,M,5,5,0
Edrian,M,10,10,0
Edric,M,414,414,0
Edrick,M,495,495,0
Edrik,M,10,10,0
Edris,U,17,11,6
Edsel,M,1668,1668,0
Edson,M,1860,1860,0
Edu,M,13,13,0
Eduar,M,33,33,0
Eduard,M,349,349,0
Eduarda,F,33,0,33
Eduardo,M,106152,105959,193
Eduardoluis,M,5,5,0
Eduin,M,64,64,0
Edurdo,M,5,5,0
Eduviges,F,5,0,5
Eduvina,F,13,0,13
Edvardo,M,54,54,0
Edvin,M,218,218,0
Edwar,M,6,6,0
Edward,M,1232030,1230302,1728
Edwardjames,M,5,5,0
Edwardo,M,4829,4829,0
Edwena,F,6,0,6
Edwin,M,233581,233483,98
Edwina,F,10808,0,10808
Edwing,M,20,20,0
Edwyn,M,86,86,0
Edy,M,72,72,0
Edyn,F,156,0,156
Edyth,F,265,0,265
Edythe,F,8454,0,8454
Eero,M,8,8,0
Eesa,M,364,364,0
Eesha,F,313,0,313
Eeshan,M,7,7,0
Eevee,F,174,0,174
Eevie,F,5,0,5
Efe,M,30,30,0
Effie,F,21288,0,21288
Efraim,M,1157,1157,0
Efrain,M,15927,15927,0
Efrat,F,10,0,10
Efrata,F,6,0,6
Efrayim,M,5,5,0
Efrem,M,407,407,0
Efren,M,6088,6088,0
Efstathios,M,5,5,0
Eftihia,F,5,0,5
Efton,M,5,5,0
Egan,M,86,86,0
Egbert,M,90,90,0
Ege,M,7,7,0
Egidio,M,5,5,0
Egla,F,5,0,5
Egon,M,5,5,0
Egor,M,12,12,0
Egypt,F,3353,245,3108
Eh,U,158,115,43
Ehab,M,6,6,0
Ehan,M,130,130,0
Ehitan,M,11,11,0
Ehlani,F,495,0,495
Ehren,M,118,118,0
Ehsan,M,29,29,0
Eian,M,642,642,0
Eichi,M,6,6,0
Eidan,M,209,209,0
Eidel,F,8,0,8
Eiden,M,748,748,0
Eider,M,145,145,0
Eiji,M,5,5,0
Eiko,F,79,0,79
Eila,F,552,0,552
Eilah,F,11,0,11
Eilam,M,11,11,0
Eilan,M,11,11,0
Eilani,F,6,0,6
Eilany,F,7,0,7
Eilee,F,6,0,6
Eileen,F,182695,20,182675
Eileene,F,26,0,26
Eilene,F,264,0,264
Eiley,F,5,0,5
Eiliana,F,5,0,5
Eilish,F,15,0,15
Eiliyah,F,22,0,22
Eilleen,F,10,0,10
Eily,F,6,0,6
Eilyn,F,5,0,5
Eimi,F,5,0,5
Eimy,F,436,0,436
Einar,M,214,214,0
Einer,M,11,11,0
Eino,M,384,384,0
Eion,M,15,15,0
Eira,F,167,0,167
Eirene,F,6,0,6
Eiress,F,7,0,7
Eirik,M,5,5,0
Eisa,M,33,33,0
Eisen,M,17,17,0
Eisley,F,1291,0,1291
Eitan,M,1507,1507,0
Eithan,M,2644,2644,0
Eithel,F,6,0,6
Eithen,M,16,16,0
Eito,M,5,5,0
Eivin,M,56,56,0
Eiza,F,852,0,852
Eizik,M,5,5,0
Ej,M,15,15,0
Ekam,M,310,247,63
Ekamveer,M,5,5,0
Ekaterina,F,183,0,183
Ekaterini,F,30,0,30
Ekin,M,22,22,0
Eklavya,M,5,5,0
Eknoor,F,45,0,45
Ekta,F,7,0,7
El,M,10,10,0
Ela,F,1137,0,1137
Elad,M,26,26,0
Eladio,M,746,746,0
Elah,F,44,0,44
Elahi,F,13,0,13
Elahni,F,5,0,5
Elai,M,19,19,0
Elaia,F,23,0,23
Elaina,F,26693,0,26693
Elaine,F,256989,0,256989
Elainna,F,6,0,6
Elam,M,1377,1377,0
Elan,M,1857,1787,70
Elana,F,5294,0,5294
Elane,F,10,0,10
Elani,F,1040,0,1040
Elanie,F,208,0,208
Elanna,F,5,0,5
Elanor,F,246,0,246
Elantra,F,18,0,18
Elany,F,52,0,52
Elara,F,680,0,680
Elaura,F,5,0,5
Elaya,F,39,0,39
Elayah,F,40,0,40
Elayna,F,2934,0,2934
Elaynah,F,6,0,6
Elayne,F,1576,0,1576
Elaysia,F,6,0,6
Elazar,M,272,272,0
Elba,F,1588,0,1588
Elber,M,5,5,0
Elbert,M,26972,26972,0
Elberta,F,93,0,93
Elbia,F,11,0,11
Elbin,M,6,6,0
Elbira,F,10,0,10
Elbridge,M,10,10,0
Elby,M,5,5,0
Elchanan,M,10,10,0
Elchonon,M,162,162,0
Elda,F,4917,0,4917
Eldana,F,194,0,194
Elden,M,1934,1934,0
Elder,M,438,438,0
Eldie,M,5,5,0
Eldin,M,55,55,0
Eldine,F,5,0,5
Eldo,M,50,50,0
Eldon,M,20540,20540,0
Eldor,M,94,94,0
Eldora,F,1344,0,1344
Eldred,M,860,845,15
Eldredge,M,5,5,0
Eldrick,M,5,5,0
Eldridge,M,1985,1985,0
Elea,F,19,0,19
Eleah,F,6,0,6
Eleana,F,412,0,412
Eleanna,F,25,0,25
Eleanor,F,302284,70,302214
Eleanora,F,3709,0,3709
Eleanore,F,14034,0,14034
Elease,F,1779,0,1779
Eleazar,M,3939,3939,0
Elecia,F,5,0,5
Electa,F,15,0,15
Electra,F,27,0,27
Eleen,F,113,0,113
Eleena,F,56,0,56
Eleftheria,F,5,0,5
Eleftherios,M,5,5,0
Eleia,F,42,0,42
Eleina,F,109,0,109
Elek,M,5,5,0
Elektra,F,122,0,122
Elen,F,34,0,34
Elena,F,93596,12,93584
Elene,F,59,0,59
Eleni,F,4076,0,4076
Elenie,F,5,0,5
Elenna,F,33,0,33
Eleno,M,171,171,0
Elenoa,F,5,0,5
Elenor,F,237,0,237
Elenora,F,759,0,759
Elenore,F,452,0,452
Eleny,F,53,0,53
Eleonor,F,52,0,52
Eleonora,F,138,0,138
Eleonore,F,208,0,208
Eleora,F,5,0,5
Elese,F,18,0,18
Elesha,F,5,0,5
Eleuterio,M,216,216,0
Elex,M,5,5,0
Elexa,F,85,0,85
Elexia,F,54,0,54
Elexis,F,1296,0,1296
Elexus,F,501,0,501
Eleyna,F,144,0,144
Elfego,M,11,11,0
Elfida,F,86,0,86
Elfreda,F,16,0,16
Elfrida,F,8,0,8
Elfrieda,F,223,0,223
Elfriede,F,66,0,66
Elga,F,5,0,5
Elgie,F,78,17,61
Elgin,M,737,737,0
Elhadj,M,5,5,0
Elhadji,M,21,21,0
Elham,M,5,5,0
Eli,M,140192,140025,167
Elia,F,5724,58,5666
Eliab,M,276,276,0
Eliabeth,F,5,0,5
Eliah,M,288,243,45
Eliahna,F,10,0,10
Eliahs,M,5,5,0
Eliam,M,1775,1775,0
Elian,M,10289,10284,5
Eliana,F,60097,5,60092
Elianah,F,173,0,173
Eliane,F,47,0,47
Eliani,F,94,0,94
Elianis,F,35,0,35
Elianna,F,9576,0,9576
Eliannah,F,15,0,15
Elianny,F,390,0,390
Eliany,F,247,0,247
Elianys,F,27,0,27
Elias,M,107675,107675,0
Eliasar,M,52,52,0
Eliav,M,10,10,0
Eliaz,M,126,126,0
Eliazar,M,1218,1218,0
Eliazer,M,11,11,0
Eliberto,M,128,128,0
Eliceo,M,29,29,0
Elicia,F,1492,0,1492
Elida,F,5811,0,5811
Elide,F,67,0,67
Elideth,F,6,0,6
Elidia,F,411,0,411
Elie,M,774,763,11
Eliel,M,2798,2798,0
Elienai,F,64,0,64
Elier,M,60,60,0
Eliette,F,471,0,471
Eliezer,M,6089,6089,0
Elif,F,575,0,575
Eliga,M,22,22,0
Eligah,M,369,369,0
Elige,M,40,40,0
Eligh,M,326,326,0
Eligha,M,5,5,0
Eligio,M,563,563,0
Elih,M,15,15,0
Elihu,M,137,137,0
Elija,M,119,119,0
Elijah,M,353376,353187,189
Elijahjames,M,5,5,0
Elijha,M,54,54,0
Elijiah,M,176,176,0
Elijio,M,194,194,0
Elika,F,40,0,40
Elikai,M,19,19,0
Elim,U,16,11,5
Elimelech,M,848,848,0
Elin,F,2916,0,2916
Elina,F,3648,0,3648
Eline,F,14,0,14
Elinor,F,15443,0,15443
Elinore,F,949,0,949
Elio,M,1890,1890,0
Eliodoro,M,45,45,0
Elion,M,10,10,0
Elior,M,6,6,0
Eliora,F,404,0,404
Eliot,M,4087,4081,6
Eliott,M,444,444,0
Elis,F,11,0,11
Elisa,F,41641,6,41635
Elisabel,F,6,0,6
Elisabet,F,579,0,579
Elisabeth,F,40599,7,40592
Elisabetta,F,11,0,11
Elisandro,M,45,45,0
Elisaul,M,15,15,0
Elise,F,66613,5,66608
Elisea,F,5,0,5
Eliseo,M,8420,8420,0
Eliset,F,5,0,5
Elisha,F,20885,9904,10981
Elisheva,F,1501,0,1501
Elishia,F,32,0,32
Elisia,F,356,0,356
Eliska,F,16,0,16
Elissa,F,13449,0,13449
Elisse,F,33,0,33
Elita,F,5,0,5
Eliu,M,73,73,0
Eliud,M,827,827,0
Eliverto,M,5,5,0
Elivia,F,6,0,6
Eliya,F,144,5,139
Eliyah,F,494,107,387
Eliyahu,M,2592,2592,0
Eliyana,F,124,0,124
Eliyanah,F,735,0,735
Eliyanna,F,17,0,17
Eliyas,M,46,46,0
Eliyohu,M,26,26,0
Eliz,F,12,0,12
Eliza,F,53569,0,53569
Elizabe,F,5,0,5
Elizabella,F,103,0,103
Elizabet,F,939,0,939
Elizabeth,F,1575833,1633,1574200
Elizah,F,159,0,159
Elizandro,M,68,68,0
Elizar,M,12,12,0
Elizaveta,F,100,0,100
Elizbeth,F,10,0,10
Elize,F,63,0,63
Elizebeth,F,603,0,603
Elizeo,M,5,5,0
Elizeth,F,20,0,20
Elka,F,196,0,196
Elke,F,255,0,255
Elkin,M,15,15,0
Elky,F,115,0,115
Ella,F,290724,27,290697
Ellagrace,F,33,0,33
Ellah,F,199,0,199
Ellaina,F,15,0,15
Ellamae,F,226,0,226
Ellamarie,F,18,0,18
Ellana,F,7,0,7
Ellani,F,15,0,15
Ellanie,F,46,0,46
Ellanor,F,16,0,16
Ellanora,F,13,0,13
Ellanore,F,5,0,5
Ellar,F,10,0,10
Ellarae,F,11,0,11
Ellaree,F,11,0,11
Ellarie,F,16,0,16
Ellarose,F,170,0,170
Ellary,F,10,0,10
Ellasyn,F,55,0,55
Ellayna,F,6,0,6
Elle,F,16415,0,16415
Ellean,F,5,0,5
Elleana,F,15,0,15
Elleanna,F,5,0,5
Elleanor,F,39,0,39
Ellee,F,283,0,283
Elleen,F,5,0,5
Elleigh,F,39,0,39
Ellen,F,251481,33,251448
Ellena,F,422,0,422
Ellene,F,52,0,52
Ellenore,F,5,0,5
Eller,F,10,0,10
Elleri,F,11,0,11
Ellerie,F,43,0,43
Ellery,F,2758,91,2667
Ellesse,F,32,0,32
Elley,F,5,0,5
Elli,F,812,0,812
Ellia,F,608,0,608
Elliana,F,23008,0,23008
Ellianah,F,6,0,6
Ellianna,F,4006,0,4006
Ellianne,F,6,0,6
Ellias,M,21,21,0
Ellice,F,10,0,10
Ellie,F,88472,178,88294
Ellieana,F,52,0,52
Ellieanna,F,6,0,6
Elliemae,F,54,0,54
Ellierose,F,6,0,6
Elliette,F,666,0,666
Ellijah,M,22,22,0
Ellin,F,157,0,157
Ellina,F,18,0,18
Ellington,F,314,36,278
Ellinor,F,44,0,44
Elliot,M,54741,49453,5288
Elliott,M,58361,52464,5897
Elliotte,F,174,0,174
Ellis,M,44944,40692,4252
Ellisa,F,26,0,26
Ellise,F,27,0,27
Ellison,F,4258,515,3743
Ellissa,F,5,0,5
Ellisyn,F,191,0,191
Elloise,F,15,0,15
Ellora,F,110,0,110
Elloree,F,17,0,17
Ellorie,F,30,0,30
Ellory,F,87,0,87
Ellouise,F,55,0,55
Ellowyn,F,145,0,145
Ellsworth,M,4132,4132,0
Ellwood,M,715,715,0
Elly,F,1819,0,1819
Ellyana,F,427,0,427
Ellyanna,F,67,0,67
Ellyn,F,1296,0,1296
Ellyse,F,49,0,49
Ellyson,F,10,0,10
Ellyssa,F,5,0,5
Elma,F,14466,34,14432
Elmar,M,5,5,0
Elmer,M,109077,108772,305
Elmin,M,5,5,0
Elmira,F,1134,0,1134
Elmire,F,16,0,16
Elmo,M,6448,6443,5
Elmon,M,21,21,0
Elmore,M,1415,1415,0
Elmyra,F,15,0,15
Elna,F,1440,0,1440
Elnatan,M,5,5,0
Elnathan,M,39,39,0
Elner,F,5,0,5
Elnor,F,20,0,20
Elnora,F,15235,0,15235
Elnore,F,15,0,15
Elo,M,41,41,0
Eloa,F,19,0,19
Eloah,F,47,0,47
Eloda,F,10,0,10
Elodia,F,1083,0,1083
Elodie,F,3110,0,3110
Elody,F,17,0,17
Elohim,M,5,5,0
Elois,F,996,0,996
Eloisa,F,4728,0,4728
Eloise,F,58761,0,58761
Eloiza,F,11,0,11
Elon,M,1273,1273,0
Elona,F,5,0,5
Elonda,F,42,0,42
Elonna,F,5,0,5
Elora,F,4999,0,4999
Elouise,F,7590,0,7590
Elowen,F,871,0,871
Elowyn,F,1266,0,1266
Elowynn,F,5,0,5
Eloy,M,6379,6379,0
Eloyse,F,5,0,5
Elpidia,F,5,0,5
Elpidio,M,204,204,0
Elray,M,37,37,0
Elric,M,5,5,0
Elridge,M,78,78,0
Elroy,M,3503,3503,0
Elsa,F,22321,0,22321
Elsbeth,F,17,0,17
Else,F,13,0,13
Elsi,F,35,0,35
Elsia,F,5,0,5
Elsie,F,140732,37,140695
Elson,M,51,51,0
Elspeth,F,24,0,24
Elster,M,21,21,0
Elston,M,75,75,0
Elsworth,M,11,11,0
Elsy,F,740,0,740
Elta,F,94,0,94
Elton,M,15524,15519,5
Eluney,F,65,0,65
Eluteria,F,33,0,33
Eluterio,M,225,225,0
Eluzer,M,192,192,0
Elva,F,22369,59,22310
Elver,M,12,12,0
Elvera,F,2938,0,2938
Elverna,F,11,0,11
Elves,M,5,5,0
Elvi,F,11,0,11
Elvia,F,5183,0,5183
Elvie,F,688,25,663
Elvin,M,15181,15181,0
Elvina,F,383,0,383
Elvira,F,20097,0,20097
Elvire,F,6,0,6
Elvis,M,13215,13210,5
Elwanda,F,543,0,543
Elward,M,5,5,0
Elwillie,F,20,0,20
Elwin,M,1741,1741,0
Elwood,M,15518,15512,6
Elworth,M,5,5,0
Elwyn,M,809,809,0
Ely,M,1893,1778,115
Elya,M,162,162,0
Elyan,M,49,49,0
Elyana,F,879,0,879
Elyanna,F,349,0,349
Elyas,M,822,822,0
Elyce,F,26,0,26
Elyjah,M,616,616,0
Elyn,F,63,0,63
Elynn,F,16,0,16
Elynor,F,29,0,29
Elyon,M,13,13,0
Elysa,F,263,0,263
Elyse,F,17390,0,17390
Elysha,F,59,0,59
Elysia,F,1703,0,1703
Elyssa,F,4770,0,4770
Elysse,F,136,0,136
Elyssia,F,61,0,61
Elyza,F,333,0,333
Elyzabeth,F,16,0,16
Elza,M,544,534,10
Elzie,M,1574,1535,39
Elzina,F,7,0,7
Elzora,F,16,0,16
Elzy,M,5,5,0
Ema,F,2212,0,2212
Emaan,F,595,5,590
Emad,M,90,90,0
Emagene,F,6,0,6
Emalee,F,1783,0,1783
Emaleigh,F,130,0,130
Emalie,F,183,0,183
Emaline,F,100,0,100
Emaly,F,40,0,40
Emalyn,F,708,0,708
Emalynn,F,161,0,161
Eman,F,924,16,908
Emani,F,4836,17,4819
Emanie,F,10,0,10
Emanual,M,6,6,0
Emanuel,M,48265,48255,10
Emanuela,F,21,0,21
Emanuele,M,26,26,0
Emanuella,F,5,0,5
Emanuelly,F,24,0,24
Emari,F,364,175,189
Emarie,F,465,0,465
Emarion,M,45,45,0
Emarosa,F,5,0,5
Emaya,F,11,0,11
Ember,F,16425,18,16407
Emberlee,F,909,0,909
Emberleigh,F,323,0,323
Emberley,F,20,0,20
Emberly,F,3745,0,3745
Emberlyn,F,1013,0,1013
Emberlynn,F,1539,0,1539
Embree,F,34,0,34
Embry,F,143,15,128
Emeal,M,10,10,0
Emeka,M,5,5,0
Emelda,F,754,0,754
Emelee,F,5,0,5
Emeli,F,591,0,591
Emelia,F,9165,0,9165
Emelie,F,634,0,634
Emelin,F,270,0,270
Emelina,F,146,0,146
Emeline,F,635,0,635
Emelio,M,10,10,0
Emelly,F,84,0,84
Emely,F,21028,0,21028
Emelyn,F,1150,0,1150
Emelynn,F,6,0,6
Emerald,F,5874,0,5874
Emeraude,F,16,0,16
Emeree,F,5,0,5
Emeri,F,1179,0,1179
Emeric,M,32,32,0
Emerick,M,43,43,0
Emerie,F,4718,0,4718
Emerine,F,5,0,5
Emerita,F,5,0,5
Emerito,M,5,5,0
Emerly,F,61,0,61
Emerlyn,F,6,0,6
Emerlynn,F,13,0,13
Emersen,F,108,0,108
Emerson,F,53765,24760,29005
Emersyn,F,17491,15,17476
Emersynn,F,15,0,15
Emery,F,48447,12377,36070
Emeryn,F,19,0,19
Emet,M,18,18,0
Emeterio,M,88,88,0
Emi,F,2033,0,2033
Emidio,M,62,62,0
Emie,F,5,0,5
Emigdio,M,47,47,0
Emika,F,16,0,16
Emiko,F,799,0,799
Emil,M,23735,23735,0
Emilce,F,21,0,21
Emile,M,4807,4800,7
Emilea,F,6,0,6
Emilee,F,21424,7,21417
Emileigh,F,191,0,191
Emileo,M,7,7,0
Emiley,F,350,0,350
Emili,F,558,0,558
Emilia,F,55660,0,55660
Emiliana,F,1997,0,1997
Emilianna,F,13,0,13
Emiliano,M,34278,34278,0
Emilie,F,19248,5,19243
Emilien,M,5,5,0
Emilija,F,23,0,23
Emilio,M,45872,45872,0
Emiliya,F,5,0,5
Emillee,F,11,0,11
Emillia,F,5,0,5
Emilliano,M,27,27,0
Emillie,F,22,0,22
Emillio,M,17,17,0
Emilly,F,467,0,467
Emilse,F,9,0,9
Emily,F,868597,342,868255
Emilyann,F,66,0,66
Emilyanne,F,5,0,5
Emilyn,F,308,0,308
Emilynn,F,42,0,42
Emilyrose,F,5,0,5
Emin,M,70,70,0
Emina,F,67,0,67
Emir,M,3242,3242,0
Emira,F,25,0,25
Emireth,F,25,0,25
Emiterio,M,5,5,0
Emitt,M,15,15,0
Emiyah,F,51,0,51
Emma,F,669737,164,669573
Emmaclaire,F,5,0,5
Emmagrace,F,110,0,110
Emmah,F,234,0,234
Emmajean,F,5,0,5
Emmalee,F,6497,0,6497
Emmaleigh,F,949,0,949
Emmalia,F,10,0,10
Emmalie,F,51,0,51
Emmalin,F,142,0,142
Emmalina,F,161,0,161
Emmaline,F,3896,0,3896
Emmaly,F,71,0,71
Emmalyn,F,7155,0,7155
Emmalynn,F,3316,0,3316
Emmalynne,F,6,0,6
Emmamarie,F,11,0,11
Emmanuel,M,83589,83578,11
Emmanuela,F,137,0,137
Emmanuella,F,485,0,485
Emmanuelle,F,436,11,425
Emmarae,F,10,0,10
Emmarie,F,1303,0,1303
Emmarose,F,263,0,263
Emme,F,1913,0,1913
Emmelia,F,36,0,36
Emmeline,F,3701,0,3701
Emmely,F,156,0,156
Emmelyn,F,85,0,85
Emmer,F,759,0,759
Emmerie,F,31,0,31
Emmerson,F,1171,10,1161
Emmersyn,F,327,0,327
Emmert,M,6,6,0
Emmery,F,235,0,235
Emmet,M,2510,2510,0
Emmett,M,64993,64993,0
Emmette,M,27,27,0
Emmi,F,701,0,701
Emmie,F,5854,0,5854
Emmily,F,177,0,177
Emmilyn,F,10,0,10
Emmit,M,1262,1262,0
Emmitt,M,9266,9266,0
Emmogene,F,10,0,10
Emmory,F,10,0,10
Emmy,F,8099,0,8099
Emmylou,F,239,0,239
Emnet,F,12,0,12
Emogene,F,3066,0,3066
Emon,M,8,8,0
Emoni,F,1536,0,1536
Emonie,F,140,0,140
Emoree,F,42,0,42
Emori,F,512,0,512
Emorie,F,317,0,317
Emory,U,20071,12577,7494
Empress,F,834,0,834
Emran,M,54,54,0
Emre,M,194,194,0
Emree,F,252,0,252
Emri,F,70,0,70
Emric,M,22,22,0
Emrick,M,5,5,0
Emrie,F,628,0,628
Emron,M,5,5,0
Emry,F,980,31,949
Emryn,F,314,0,314
Emrys,M,303,281,22
Emsley,F,84,0,84
Emunah,F,68,0,68
Emy,F,284,0,284
Emya,F,15,0,15
Emylee,F,71,0,71
Emylia,F,10,0,10
Ena,F,498,0,498
Enael,M,10,10,0
Enalina,F,15,0,15
Enaya,F,54,0,54
Encarnacion,M,572,543,29
Enchantra,F,5,0,5
Ender,M,717,717,0
Endi,M,5,5,0
Endia,F,123,0,123
Endora,F,5,0,5
Endrit,M,11,11,0
Endy,M,47,47,0
Eneas,M,5,5,0
Enedelia,F,504,0,504
Enedina,F,1938,0,1938
Enedino,M,7,7,0
Eneida,F,312,0,312
Enemencio,M,10,10,0
Enes,F,98,10,88
Engelbert,M,17,17,0
English,U,16,10,6
Engracia,F,5,0,5
Enid,F,4810,0,4810
Eniola,F,24,0,24
Enis,F,56,17,39
Enisa,F,5,0,5
Enith,F,5,0,5
Eniya,F,29,0,29
Eniyah,F,168,0,168
Enjoli,F,263,0,263
Enmanuel,M,621,621,0
Enna,F,6,0,6
Ennio,M,5,5,0
Ennis,M,907,892,15
Enoc,M,468,468,0
Enoch,M,6396,6396,0
Enola,F,825,0,825
Enolia,F,5,0,5
Enos,M,943,943,0
Enrico,M,2139,2139,0
Enrigue,M,257,257,0
Enrique,M,56973,56930,43
Enriqueta,F,1278,0,1278
Enrrique,M,137,137,0
Enslee,F,31,0,31
Ensley,F,2480,0,2480
Enson,M,5,5,0
Envy,F,81,0,81
Enya,F,347,0,347
Enza,F,85,0,85
Enzley,F,10,0,10
Enzo,M,24471,24471,0
Enzogabriel,M,5,5,0
Eoghan,M,5,5,0
Eoin,M,458,458,0
Eola,F,134,0,134
Eon,M,5,5,0
Eowyn,F,460,0,460
Ephraim,M,4254,4254,0
Ephram,M,13,13,0
Ephriam,M,5,5,0
Epic,M,11,11,0
Epifania,F,266,0,266
Epifanio,M,982,982,0
Epigmenio,M,5,5,0
Epimenio,M,23,23,0
Epiphany,F,51,0,51
Epitacio,M,5,5,0
Eppie,M,5,5,0
Epsie,F,5,0,5
Equan,M,5,5,0
Equilla,F,10,0,10
Era,F,2572,0,2572
Erabella,F,5,0,5
Eraina,F,6,0,6
Eran,M,24,24,0
Erandi,F,120,0,120
Erandy,F,123,0,123
Erasmo,M,2757,2757,0
Erasmus,M,5,5,0
Erasto,M,5,5,0
Erastus,M,16,16,0
Erbey,M,5,5,0
Erbie,M,15,15,0
Erby,M,27,27,0
Ercell,F,6,0,6
Ercilia,F,38,0,38
Erdem,M,11,11,0
Erek,M,22,22,0
Eren,M,828,828,0
Erendida,F,108,0,108
Erendira,F,479,0,479
Eri,F,61,21,40
Eria,F,5,0,5
Erial,F,5,0,5
Erian,M,5,5,0
Eriana,F,327,0,327
Erianna,F,332,0,332
Eriberto,M,1329,1329,0
Eric,M,885674,883497,2177
Erica,F,229428,270,229158
Ericberto,M,20,20,0
Ericca,F,26,0,26
Erich,M,7612,7612,0
Ericia,F,15,0,15
Erick,M,74402,74297,105
Ericka,F,20463,0,20463
Erickson,M,143,143,0
Erico,M,6,6,0
Ericson,M,67,67,0
Erie,U,466,308,158
Eriel,F,98,0,98
Erielle,F,29,0,29
Erienne,F,11,0,11
Erik,M,154073,153970,103
Erika,F,123040,191,122849
Erikah,F,5,0,5
Erikka,F,102,0,102
Eriko,F,7,0,7
Eriksen,M,5,5,0
Erilyn,F,5,0,5
Erin,F,319945,6148,313797
Erina,F,155,0,155
Erineo,M,5,5,0
Erinn,F,1421,5,1416
Erion,M,27,27,0
Erionna,F,20,0,20
Eriq,M,131,131,0
Eris,F,878,5,873
Eriverto,M,5,5,0
Erla,F,262,0,262
Erland,M,11,11,0
Erle,M,5,5,0
Erleen,F,6,0,6
Erlene,F,366,0,366
Erlin,M,17,17,0
Erlinda,F,3534,0,3534
Erline,F,376,0,376
Erling,M,522,522,0
Erlon,M,11,11,0
Erma,F,46064,0,46064
Ermal,M,31,26,5
Ermalinda,F,29,0,29
Erman,M,5,5,0
Ermelinda,F,502,0,502
Ermias,M,1515,1515,0
Erminda,F,10,0,10
Ermine,F,5,0,5
Erminia,F,582,0,582
Erminio,M,17,17,0
Ermon,M,11,11,0
Erna,F,4424,0,4424
Ernan,M,75,75,0
Ernell,F,5,0,5
Ernest,M,276507,276402,105
Ernesteen,F,5,0,5
Ernestene,F,5,0,5
Ernestina,F,4045,0,4045
Ernestine,F,38793,0,38793
Ernesto,M,40868,40844,24
Ernie,M,11853,11831,22
Ernst,M,396,396,0
Erol,M,31,31,0
Eron,M,183,183,0
Eros,M,968,968,0
Errica,F,10,0,10
Errick,M,146,146,0
Errik,M,5,5,0
Errin,F,38,0,38
Errol,M,4725,4725,0
Erroll,M,38,38,0
Erron,M,28,28,0
Erryn,F,5,0,5
Ersel,M,5,5,0
Ersie,F,38,0,38
Ersilia,F,5,0,5
Erskin,M,20,20,0
Erskine,M,478,478,0
Ertha,F,26,0,26
Erubey,M,11,11,0
Erubiel,M,98,98,0
Ervey,M,89,89,0
Ervie,M,6,6,0
Ervin,M,32616,32616,0
Erving,M,18,18,0
Erwin,M,14894,14894,0
Eryk,M,202,202,0
Eryka,F,224,0,224
Erykah,F,745,0,745
Eryn,F,4407,0,4407
Erynn,F,319,0,319
Eryx,M,6,6,0
Erza,F,44,0,44
Esa,M,121,121,0
Esabella,F,137,0,137
Esai,M,1301,1301,0
Esaias,M,142,142,0
Esau,M,961,961,0
Esaul,M,22,22,0
Esaw,M,22,22,0
Esbeidy,F,46,0,46
Escher,M,12,12,0
Eschol,M,27,27,0
Esco,M,16,16,0
Esdras,M,593,593,0
Esequiel,M,1913,1913,0
Esgar,M,237,237,0
Esha,F,873,0,873
Eshaal,F,337,0,337
Eshaan,M,381,381,0
Eshal,F,348,0,348
Eshan,M,492,492,0
Esiah,M,35,35,0
Esias,M,11,11,0
Esiquiel,M,5,5,0
Esiquio,M,22,22,0
Esli,F,120,5,115
Esly,F,84,0,84
Esma,F,39,0,39
Esmae,F,576,0,576
Esmarie,F,6,0,6
Esmay,F,13,0,13
Esme,F,7549,0,7549
Esmee,F,248,0,248
Esmeralda,F,47696,35,47661
Esmeray,F,50,0,50
Esmerelda,F,89,0,89
Esmi,F,17,0,17
Esmie,F,16,0,16
Esmirna,F,10,0,10
Esmond,M,5,5,0
Espen,M,5,5,0
Esperansa,F,82,0,82
Esperanza,F,17397,5,17392
Espiridion,M,58,58,0
Esra,F,35,0,35
Esraa,F,10,0,10
Essa,M,186,186,0
Essance,F,6,0,6
Essence,F,8355,0,8355
Essfa,F,6,0,6
Essiah,M,10,10,0
Essica,F,17,0,17
Essie,F,27913,221,27692
Esta,F,1426,0,1426
Estaban,M,13,13,0
Estalee,F,5,0,5
Estanislada,F,19,0,19
Estanislado,M,160,160,0
Estanislao,M,34,34,0
Esteban,M,31656,31646,10
Estee,F,76,0,76
Estefan,M,31,31,0
Estefana,F,625,0,625
Estefani,F,3229,6,3223
Estefania,F,5557,0,5557
Estefanie,F,215,0,215
Estefanita,F,5,0,5
Estefano,M,10,10,0
Estefany,F,4036,0,4036
Esteffany,F,5,0,5
Estel,M,1049,1039,10
Estela,F,6802,0,6802
Estell,F,2278,61,2217
Estella,F,28664,0,28664
Estelle,F,40444,0,40444
Estellene,F,5,0,5
Estephan,M,5,5,0
Estephani,F,32,0,32
Estephania,F,188,0,188
Estephanie,F,1197,0,1197
Estephany,F,371,0,371
Ester,F,10727,138,10589
Estes,M,20,20,0
Estevan,M,6974,6974,0
Esteven,M,222,222,0
Esthefany,F,12,0,12
Esthela,F,91,0,91
Esther,F,225598,33,225565
Esti,F,47,0,47
Estie,F,11,0,11
Estil,M,404,404,0
Estill,M,837,837,0
Estle,M,108,108,0
Eston,M,147,147,0
Estoria,F,5,0,5
Estrella,F,13871,0,13871
Estrellita,F,319,0,319
Estreya,F,5,0,5
Estuardo,M,108,108,0
Estus,M,5,5,0
Esty,F,543,0,543
Esvin,M,45,45,0
Eswin,M,5,5,0
Etai,M,9,9,0
Etan,M,25,25,0
Eternity,F,766,0,766
Etha,F,189,0,189
Ethan,M,468707,468573,134
Ethaniel,M,268,268,0
Ethanjacob,M,5,5,0
Ethanjames,M,20,20,0
Ethanjohn,M,10,10,0
Ethanjoseph,M,5,5,0
Ethanmatthew,M,6,6,0
Ethel,F,195283,183,195100
Ethelbert,M,5,5,0
Ethelda,F,10,0,10
Etheleen,F,41,0,41
Ethelene,F,615,0,615
Ethelmae,F,11,0,11
Ethelreda,F,5,0,5
Ethelrine,F,5,0,5
Ethelyn,F,1326,0,1326
Ethelyne,F,6,0,6
Ethen,M,2063,2063,0
Ether,F,408,0,408
Etheridge,M,10,10,0
Ethin,M,13,13,0
Ethlyn,F,5,0,5
Ethon,M,5,5,0
Ethridge,M,22,22,0
Ethyl,F,265,0,265
Ethyle,F,10,0,10
Ethyn,M,417,417,0
Etienne,M,281,281,0
Etna,F,14,0,14
Etoile,F,10,0,10
Etrulia,F,11,0,11
Etsuko,F,34,0,34
Etta,F,26068,0,26068
Ettel,F,80,0,80
Etter,F,17,0,17
Ettie,F,115,0,115
Ettore,M,98,98,0
Etty,F,574,0,574
Eual,M,42,42,0
Euan,M,30,30,0
Euclide,M,5,5,0
Eudelia,F,322,0,322
Eudell,F,61,0,61
Eudora,F,186,0,186
Euel,M,96,96,0
Euell,M,25,25,0
Eufelia,F,19,0,19
Eufemia,F,298,0,298
Eufemio,M,5,5,0
Eufracia,F,6,0,6
Eugena,F,19,0,19
Eugene,M,364347,364039,308
Eugenia,F,22968,0,22968
Eugenie,F,842,0,842
Eugenio,M,3262,3262,0
Eugina,F,6,0,6
Eula,F,35121,20,35101
Eulah,F,404,0,404
Eulala,F,5,0,5
Eulalia,F,1596,0,1596
Eulalie,F,12,0,12
Eulalio,M,905,905,0
Eulas,M,27,27,0
Eulean,F,6,0,6
Eulene,F,113,0,113
Eulices,M,5,5,0
Eulis,M,41,41,0
Eulises,M,94,94,0
Eulogia,F,46,0,46
Eulogio,M,231,231,0
Eulojio,M,5,5,0
Eun,F,69,0,69
Euna,F,728,0,728
Eunice,F,66393,178,66215
Eunique,F,16,0,16
Euphemia,F,30,0,30
Eura,F,228,0,228
Eureka,F,121,0,121
Euretha,F,10,0,10
Eury,M,5,5,0
Eusebia,F,173,0,173
Eusebio,M,1851,1851,0
Eusevia,F,5,0,5
Eusevio,M,19,19,0
Eustace,M,22,22,0
Eustacio,M,84,84,0
Eustolia,F,149,0,149
Eustolio,M,6,6,0
Eutha,F,5,0,5
Eutimia,F,5,0,5
Eutimio,M,15,15,0
Eutiquio,M,5,5,0
Eva,F,233510,20,233490
Evaan,M,86,86,0
Evadean,F,10,0,10
Evagelia,F,11,0,11
Evagelos,M,6,6,0
Evah,F,35,0,35
Evalee,F,140,0,140
Evaleigh,F,10,0,10
Evalena,F,34,0,34
Evalette,F,5,0,5
Evalin,F,5,0,5
Evalina,F,665,0,665
Evaline,F,51,0,51
Evaluna,F,445,0,445
Evalyn,F,5241,0,5241
Evalyna,F,5,0,5
Evalynn,F,2148,0,2148
Evalynne,F,5,0,5
Evamarie,F,96,0,96
Evan,M,279933,278089,1844
Evana,F,221,0,221
Evander,M,1678,1678,0
Evanee,F,5,0,5
Evangaline,F,5,0,5
Evangelia,F,225,0,225
Evangelina,F,7653,0,7653
Evangeline,F,26752,0,26752
Evangelita,F,5,0,5
Evangelos,M,256,256,0
Evangelyn,F,33,0,33
Evani,F,79,0,79
Evania,F,5,0,5
Evanie,F,83,0,83
Evanjelina,F,11,0,11
Evann,U,26,16,10
Evanna,F,182,0,182
Evanny,F,7,0,7
Evanora,F,14,0,14
Evans,M,1367,1367,0
Evany,F,254,0,254
Evaristo,M,943,943,0
Evarose,F,5,0,5
Evart,M,5,5,0
Eve,F,22209,0,22209
Evee,F,77,0,77
Eveleen,F,20,0,20
Eveleigh,F,5,0,5
Evelen,F,5,0,5
Evelena,F,214,0,214
Evelene,F,31,0,31
Evelett,F,5,0,5
Evelia,F,721,0,721
Evelin,F,5361,0,5361
Evelina,F,2660,0,2660
Eveline,F,382,0,382
Evelio,M,68,68,0
Evelise,F,5,0,5
Evelisse,F,12,0,12
Evella,F,15,0,15
Evely,F,10,0,10
Evelyn,F,593958,190,593768
Evelyna,F,6,0,6
Evelyne,F,1384,0,1384
Evelynn,F,12001,0,12001
Evelynne,F,173,0,173
Even,M,66,66,0
Evenny,F,5,0,5
Evens,M,65,65,0
Eveny,F,58,0,58
Ever,U,3550,2664,886
Everado,M,37,37,0
Everardo,M,3622,3622,0
Everest,M,1651,1405,246
Everett,M,118755,118599,156
Everette,M,5935,5911,24
Everhett,M,78,78,0
Everitt,M,6,6,0
Everlea,F,5,0,5
Everlean,F,107,0,107
Everlee,F,5512,0,5512
Everleigh,F,16931,0,16931
Everlena,F,250,0,250
Everlene,F,5,0,5
Everley,F,1342,0,1342
Everli,F,89,0,89
Everlie,F,164,0,164
Everlina,F,5,0,5
Everline,F,5,0,5
Everly,F,37085,0,37085
Everlyn,F,247,0,247
Everlynn,F,157,0,157
Everson,M,76,76,0
Evert,M,759,759,0
Everton,M,79,79,0
Evertt,M,99,99,0
Evett,F,10,0,10
Evette,F,3534,0,3534
Evey,F,115,0,115
Evia,F,35,0,35
Evian,M,135,129,6
Eviana,F,165,0,165
Evianna,F,226,0,226
Evie,F,14576,0,14576
Evin,M,1089,1074,15
Evita,F,436,0,436
Evlyn,F,12,0,12
Evo,M,5,5,0
Evoleht,F,29,0,29
Evolet,F,736,0,736
Evoleth,F,39,0,39
Evolett,F,11,0,11
Evolette,F,20,0,20
Evon,F,913,7,906
Evone,F,10,0,10
Evonna,F,7,0,7
Evonne,F,1713,0,1713
Evony,F,67,0,67
Evora,F,5,0,5
Evren,M,307,307,0
Evrett,M,5,5,0
Evvie,F,7,0,7
Evy,F,155,0,155
Evyn,F,224,52,172
Ewa,F,10,0,10
Ewald,M,223,223,0
Ewan,M,1529,1529,0
Ewelina,F,39,0,39
Ewell,M,687,687,0
Ewing,M,259,259,0
Exa,F,88,0,88
Exavier,M,262,262,0
Excell,M,75,75,0
Exie,F,618,0,618
Exodus,M,89,89,0
Exum,M,6,6,0
Exzavier,M,5,5,0
Eyad,M,385,385,0
Eyal,M,72,72,0
Eyan,M,302,302,0
Eydan,M,315,315,0
Eyden,M,239,239,0
Eydie,F,50,0,50
Eyla,F,15,0,15
Eyleen,F,31,0,31
Eylin,F,18,0,18
Eymen,M,6,6,0
Eymi,F,11,0,11
Eyob,M,5,5,0
Eyoel,M,5,5,0
Eytan,M,60,60,0
Eythan,M,144,144,0
Eyvonne,F,11,0,11
Ezabella,F,42,0,42
Ezael,M,36,36,0
Ezana,M,95,95,0
Ezariah,M,71,71,0
Ezechiel,M,11,11,0
Ezekiah,M,13,13,0
Ezekial,M,99,99,0
Ezekiel,M,69086,69086,0
Ezel,M,5,5,0
Ezell,M,1402,1333,69
Ezelle,F,5,0,5
Ezequiel,M,16811,16811,0
Ezeriah,M,5,5,0
Eziah,M,159,159,0
Eziel,M,11,11,0
Ezikiel,M,5,5,0
Ezinne,F,5,0,5
Ezio,M,588,588,0
Eziyah,M,5,5,0
Ezlyn,F,129,0,129
Ezlynn,F,73,0,73
Ezma,F,6,0,6
Ezmae,F,25,0,25
Ezme,F,10,0,10
Ezmeralda,F,67,0,67
Ezola,F,44,0,44
Ezora,F,16,0,16
Ezoza,F,5,0,5
Ezra,M,86816,83955,2861
Ezrael,M,158,158,0
Ezrah,M,1388,1326,62
Ezran,M,39,39,0
Ezren,M,36,36,0
Ezri,F,200,5,195
Ezriel,M,514,514,0
Ezryn,M,7,7,0
Eztli,F,16,0,16
Ezzah,F,5,0,5
Ezzard,M,190,190,0
Faatimah,F,5,0,5
Fabeha,F,6,0,6
Faber,M,5,5,0
Fabian,M,39198,39160,38
Fabiana,F,790,0,790
Fabianna,F,8,0,8
Fabien,M,69,69,0
Fabienne,F,114,0,114
Fabio,M,1589,1589,0
Fabiola,F,7328,16,7312
Fabrice,M,133,133,0
Fabricio,M,412,412,0
Fabrizio,M,533,533,0
Fabrizzio,M,6,6,0
Facundo,M,26,26,0
Fadel,M,5,5,0
Fadi,M,122,122,0
Faduma,F,40,0,40
Fadumo,F,73,0,73
Fae,F,400,0,400
Fahad,M,397,397,0
Fahd,M,15,15,0
Faheem,M,133,133,0
Fahim,M,132,132,0
Fahima,F,11,0,11
Fahm,F,5,0,5
Fahmida,F,16,0,16
Faiga,F,1157,0,1157
Faige,F,139,0,139
Faigy,F,3231,0,3231
Fairley,M,31,31,0
Fairy,F,497,0,497
Faisal,M,689,689,0
Faith,F,140878,15,140863
Faithe,F,6,0,6
Faithlyn,F,16,0,16
Faithlynn,F,89,0,89
Faiyaz,M,5,5,0
Faiz,M,51,51,0
Faiza,F,208,0,208
Faizah,F,10,0,10
Faizan,M,173,173,0
Faizon,M,5,5,0
Fajr,F,29,0,29
Fala,F,5,0,5
Falak,F,5,0,5
Falan,F,5,0,5
Falaq,F,9,0,9
Falcon,M,10,10,0
Falicia,F,39,0,39
Faline,F,5,0,5
Falisha,F,68,0,68
Fallon,F,8613,17,8596
Fallou,M,5,5,0
Fallyn,F,233,0,233
Falon,F,622,0,622
Falyn,F,81,0,81
Falynn,F,46,0,46
Famous,M,5,5,0
Fanchon,F,15,0,15
Fancy,F,28,0,28
Fannie,F,54466,5,54461
Fanny,F,4158,0,4158
Fannye,F,6,0,6
Fanta,F,462,0,462
Fantasha,F,5,0,5
Fantasia,F,804,0,804
Fara,F,113,0,113
Farah,F,3817,0,3817
Faraz,M,110,110,0
Farbod,M,5,5,0
Fard,M,11,11,0
Fardeen,M,27,27,0
Fardowsa,F,10,0,10
Fareed,M,91,91,0
Fareeda,F,5,0,5
Fareedah,F,18,0,18
Faren,F,57,0,57
Fares,M,241,241,0
Farhad,M,25,25,0
Farhan,M,743,743,0
Farhana,F,47,0,47
Faria,F,18,0,18
Farid,M,260,260,0
Farida,F,229,0,229
Fariha,F,134,0,134
Faris,M,1409,1409,0
Fariza,F,10,0,10
Farley,M,62,62,0
Farm,F,25,0,25
Farmer,M,18,18,0
Faron,M,483,483,0
Farrah,F,9222,0,9222
Farrel,M,41,41,0
Farrell,M,986,986,0
Farren,F,59,0,59
Farris,M,805,790,15
Farron,F,17,6,11
Fartun,F,5,0,5
Farzana,F,54,0,54
Farzeen,F,5,0,5
Farzona,F,22,0,22
Fate,M,122,122,0
Fateh,M,235,235,0
Fatema,F,148,0,148
Fathima,F,23,0,23
Fatiha,F,113,0,113
Fatim,F,10,0,10
Fatima,F,34463,5,34458
Fatimah,F,1833,0,1833
Fatimata,F,62,0,62
Fatimatou,F,10,0,10
Fatin,M,5,5,0
Fatina,F,5,0,5
Fatma,F,92,0,92
Fatmata,F,23,0,23
Fatme,F,17,0,17
Fatmir,M,5,5,0
Fatou,F,471,0,471
Fatoumata,F,1634,0,1634
Fatuma,F,59,0,59
Fatumata,F,76,0,76
Faust,M,5,5,0
Faustina,F,217,0,217
Faustine,F,10,0,10
Faustino,M,2459,2459,0
Fausto,M,1569,1569,0
Favian,M,1657,1657,0
Favio,M,169,169,0
Faviola,F,1368,0,1368
Favor,F,57,0,57
Favour,F,77,0,77
Fawn,F,2516,0,2516
Fay,F,25699,1355,24344
Faya,F,6,0,6
Faye,F,62861,0,62861
Fayetta,F,102,0,102
Fayette,M,6,6,0
Faylene,F,6,0,6
Faynell,F,10,0,10
Fayrene,F,180,0,180
Fayth,F,608,0,608
Faythe,F,54,0,54
Feather,F,46,0,46
Febe,F,5,0,5
Fedelina,F,24,0,24
Federica,F,18,0,18
Federico,M,6631,6631,0
Fedor,M,31,31,0
Fedra,F,10,0,10
Feiga,F,43,0,43
Feige,F,160,0,160
Feigy,F,54,0,54
Feish,M,12,12,0
Felder,M,10,10,0
Felecia,F,7941,0,7941
Felecity,F,11,0,11
Feliberto,M,24,24,0
Felica,F,564,0,564
Felice,F,1993,214,1779
Felicia,F,86934,8,86926
Feliciana,F,99,0,99
Feliciano,M,1231,1231,0
Felicidad,F,42,0,42
Felicie,F,28,0,28
Felicita,F,825,0,825
Felicitas,F,1143,0,1143
Felicity,F,14877,0,14877
Felina,F,10,0,10
Felipa,F,1450,0,1450
Felipe,M,27809,27802,7
Felipedejesus,M,11,11,0
Felipita,F,5,0,5
Felis,F,43,16,27
Felisa,F,607,0,607
Felisha,F,3842,0,3842
Felisiano,M,6,6,0
Felisita,F,22,0,22
Felisitas,F,22,0,22
Felita,F,97,0,97
Felix,M,72147,72095,52
Feliz,F,127,22,105
Feliza,F,11,0,11
Feloniz,F,8,0,8
Felton,M,4181,4181,0
Female,F,1104,5,1099
Fender,M,5,5,0
Fenix,M,251,246,5
Fenner,M,10,10,0
Fenton,M,78,78,0
Feras,M,28,28,0
Ferdie,M,42,42,0
Ferdinand,M,4579,4579,0
Ferdinando,M,16,16,0
Fergie,F,5,0,5
Fergus,M,10,10,0
Ferman,M,84,84,0
Fermin,M,3104,3104,0
Fermina,F,12,0,12
Fermon,M,5,5,0
Fern,F,28141,12,28129
Fernand,M,726,726,0
Fernanda,F,16961,0,16961
Fernande,F,255,0,255
Fernando,M,98010,97814,196
Ferne,F,2431,0,2431
Fernell,M,5,5,0
Fernie,M,99,99,0
Ferran,M,37,37,0
Ferrel,M,5,5,0
Ferrell,M,227,227,0
Ferris,M,265,265,0
Festus,M,5,5,0
Fey,F,5,0,5
Feynman,M,29,29,0
Fia,F,57,0,57
Fiadh,F,67,0,67
Fianna,F,5,0,5
Fidel,M,8661,8661,0
Fidela,F,260,0,260
Fidelia,F,41,0,41
Fidelio,M,5,5,0
Fidencia,F,28,0,28
Fidencio,M,1508,1508,0
Fidensio,M,6,6,0
Filadelfio,M,18,18,0
Filbert,M,15,15,0
Filemon,M,79,79,0
Filiberto,M,1468,1468,0
Filimon,M,29,29,0
Filip,M,1296,1296,0
Filipe,M,32,32,0
Filippa,F,32,0,32
Filippo,M,99,99,0
Filomena,F,3349,0,3349
Filomeno,M,10,10,0
Fin,M,15,15,0
Finan,M,48,48,0
Finbar,M,5,5,0
Findlay,M,6,6,0
Findley,M,7,7,0
Finesse,F,11,0,11
Finian,M,34,34,0
Finis,M,1034,1034,0
Finlay,M,182,182,0
Finlee,F,210,0,210
Finleigh,F,267,0,267
Finley,F,35379,14728,20651
Finn,M,30443,30419,24
Finnan,M,42,42,0
Finneas,M,229,229,0
Finnegan,M,10716,10716,0
Finnian,M,1654,1654,0
Finnick,M,572,572,0
Finnigan,M,293,293,0
Finnlee,M,10,10,0
Finnleigh,F,5,0,5
Finnley,U,5242,4009,1233
Fintan,M,17,17,0
Fion,F,11,0,11
Fiona,F,30092,0,30092
Fionn,M,119,119,0
Fionna,F,46,0,46
Fiora,F,18,0,18
Fiore,M,128,128,0
Fiorela,F,46,0,46
Fiorella,F,829,0,829
Firas,M,11,11,0
Firdavs,M,5,5,0
Firman,M,24,24,0
Fischer,M,573,573,0
Fishel,M,170,170,0
Fisher,M,4331,4331,0
Fitz,M,110,110,0
Fitzgerald,M,446,446,0
Fitzhugh,M,15,15,0
Fitzroy,M,41,41,0
Fiza,F,102,0,102
Fizza,F,5,0,5
Flabio,M,5,5,0
Flake,M,10,10,0
Flamur,M,7,7,0
Flannery,F,10,0,10
Flavia,F,219,0,219
Flavio,M,1586,1586,0
Flay,M,5,5,0
Flecia,F,5,0,5
Fleeta,F,19,0,19
Flem,M,16,16,0
Fleming,M,35,35,0
Flemming,M,5,5,0
Fleta,F,174,0,174
Fletcher,M,10404,10404,0
Fleurette,F,12,0,12
Flint,M,383,383,0
Flo,F,329,0,329
Floella,F,22,0,22
Flonnie,F,401,0,401
Flor,F,5612,0,5612
Flora,F,49700,0,49700
Florance,F,45,0,45
Flordia,F,29,0,29
Florean,F,5,0,5
Florece,F,5,0,5
Floree,F,132,0,132
Floreine,F,40,0,40
Florence,F,248846,81,248765
Florencia,F,550,0,550
Florencio,M,1781,1781,0
Florene,F,2433,0,2433
Florentina,F,263,0,263
Florentine,F,49,0,49
Florentino,M,1830,1830,0
Florestela,F,16,0,16
Florestine,F,5,0,5
Floretta,F,145,0,145
Florette,F,22,0,22
Floria,F,224,0,224
Florian,M,1647,1647,0
Floribel,F,5,0,5
Florice,F,11,0,11
Florida,F,1158,0,1158
Floride,F,21,0,21
Florie,F,242,0,242
Floriene,F,11,0,11
Florinda,F,773,0,773
Florine,F,8016,0,8016
Floris,F,16,0,16
Florita,F,21,0,21
Florrie,F,529,0,529
Flory,F,5,0,5
Flossie,F,12725,0,12725
Flournoy,M,8,8,0
Floy,F,3087,5,3082
Floyce,F,69,6,63
Floyd,M,139359,139301,58
Floye,F,88,0,88
Flynn,M,4104,4088,16
Foch,M,20,20,0
Folasade,F,32,0,32
Fonda,F,1605,0,1605
Fong,M,137,137,0
Fonnie,F,5,0,5
Fontaine,M,5,5,0
Fontella,F,92,0,92
Ford,M,5830,5830,0
Fordyce,M,5,5,0
Forest,M,10104,10093,11
Forestine,F,11,0,11
Forever,F,36,0,36
Forney,M,5,5,0
Forrest,M,44992,44961,31
Forster,M,5,5,0
Fortino,M,237,237,0
Fortuna,F,11,0,11
Fortunata,F,68,0,68
Fortunato,M,195,195,0
Fortune,F,39,0,39
Foster,M,6419,6419,0
Fotima,F,19,0,19
Fotini,F,58,0,58
Fouad,M,15,15,0
Fowler,M,5,5,0
Fox,M,2257,2257,0
Foy,M,1066,1007,59
Foye,F,11,0,11
Fozie,F,5,0,5
Fradel,F,392,0,392
Frady,F,274,0,274
Fraida,F,364,0,364
Fraidy,F,909,0,909
Fran,F,2941,5,2936
Franca,F,126,0,126
France,F,15,0,15
Francelia,F,5,0,5
Francelina,F,12,0,12
Francella,F,5,0,5
Francely,F,10,0,10
Francena,F,185,0,185
Francene,F,322,0,322
Francenia,F,23,0,23
Frances,F,537253,1391,535862
Francesc,F,24,5,19
Francesca,F,29663,5,29658
Francesco,M,6032,6032,0
Franceska,F,11,0,11
Francessca,F,5,0,5
Franchelle,F,6,0,6
Franchesca,F,2472,0,2472
Francheska,F,769,0,769
Franchot,M,5,5,0
Francia,F,122,0,122
Francico,M,5,5,0
Francie,F,233,0,233
Francies,F,59,0,59
Francile,F,5,0,5
Francille,F,5,0,5
Francina,F,372,0,372
Francine,F,31503,0,31503
Francis,M,292758,271270,21488
Francisc,M,7,7,0
Francisca,F,9488,22,9466
Francisco,M,136254,135845,409
Franciscojavier,M,52,52,0
Franciso,M,59,59,0
Franciszek,M,17,17,0
Franco,M,6274,6274,0
Francois,M,282,282,0
Francoise,F,38,0,38
Frandy,M,17,17,0
Frania,F,5,0,5
Frank,M,826161,824902,1259
Frankee,F,17,0,17
Franki,F,67,0,67
Frankie,F,66375,37192,29183
Franklin,M,133630,133625,5
Franklyn,M,2488,2488,0
Franko,M,26,26,0
Franky,M,1115,1115,0
Frankye,F,5,0,5
Frann,F,5,0,5
Franne,F,5,0,5
Fransheska,F,27,0,27
Fransico,M,206,206,0
Fransisca,F,118,0,118
Fransisco,M,1812,1812,0
Frantz,M,636,636,0
Frantzy,M,5,5,0
Franyeli,F,20,0,20
Franz,M,419,419,0
Fraser,M,5,5,0
Frayda,F,6,0,6
Frazier,M,136,136,0
Fred,M,297811,297692,119
Freda,F,33069,0,33069
Fredda,F,353,0,353
Freddie,M,76167,68160,8007
Freddrick,M,44,44,0
Freddy,M,22010,22010,0
Freddye,F,5,0,5
Frederi,M,5,5,0
Frederic,M,9027,9027,0
Frederica,F,276,0,276
Frederick,M,249640,249630,10
Fredericka,F,150,0,150
Frederico,M,79,79,0
Frederik,M,5,5,0
Fredi,M,325,298,27
Fredia,F,634,0,634
Fredie,M,11,11,0
Fredis,M,16,16,0
Fredna,F,94,0,94
Fredonia,F,11,0,11
Fredric,M,4521,4521,0
Fredrica,F,21,0,21
Fredrick,M,57836,57836,0
Fredricka,F,82,0,82
Fredrik,M,27,27,0
Fredy,M,2935,2935,0
Freeda,F,1252,0,1252
Freedom,F,82,18,64
Freeman,M,5387,5387,0
Freida,F,6571,0,6571
Freidy,F,30,0,30
Freja,F,33,0,33
Fremont,M,5,5,0
French,M,241,241,0
Freya,F,14652,0,14652
Freyda,F,5,0,5
Freyja,F,2311,0,2311
Frida,F,6634,0,6634
Frieda,F,15106,0,15106
Frimet,F,442,0,442
Frimmy,F,49,0,49
Frimy,F,106,0,106
Frisco,M,10,10,0
Fritz,M,1983,1983,0
Fritzi,F,18,0,18
Froilan,M,125,125,0
Frona,F,33,0,33
Fronie,F,30,0,30
Froylan,M,252,252,0
Fruma,F,62,0,62
Frumencio,M,5,5,0
Frutoso,M,38,38,0
Fryda,F,5,0,5
Fuad,M,5,5,0
Fue,M,137,137,0
Fujie,F,75,0,75
Fujiko,F,64,0,64
Fukuichi,M,6,6,0
Fulton,M,299,299,0
Fumi,F,83,0,83
Fumie,F,166,0,166
Fumiko,F,593,0,593
Fumio,M,80,80,0
Fumiye,F,39,0,39
Fumiyo,F,12,0,12
Fuquan,M,125,125,0
Furkan,M,10,10,0
Furman,M,1589,1589,0
Furnell,M,25,25,0
Furney,M,10,10,0
Fusae,F,167,0,167
Fusako,F,119,0,119
Fusaye,F,46,0,46
Future,M,14,14,0
Fynlee,F,36,0,36
Fynn,M,487,487,0
Gabbanelli,F,13,0,13
Gabbie,F,5,0,5
Gabby,F,313,0,313
Gabe,M,990,990,0
Gaberiel,M,35,35,0
Gabiela,F,5,0,5
Gabina,F,5,0,5
Gabino,M,1537,1537,0
Gable,M,11,11,0
Gabor,M,5,5,0
Gabreil,M,5,5,0
Gabrial,M,238,232,6
Gabrian,M,5,5,0
Gabrianna,F,10,0,10
Gabriel,M,383526,379178,4348
Gabriela,F,82258,169,82089
Gabriele,F,486,49,437
Gabriell,F,269,10,259
Gabriella,F,130514,8,130506
Gabrielle,F,134953,54,134899
Gabrielly,F,19,0,19
Gabryel,M,16,16,0
Gabryela,F,6,0,6
Gabryella,F,129,0,129
Gabryelle,F,10,0,10
Gaby,F,499,0,499
Gaddiel,M,10,10,0
Gaddis,M,5,5,0
Gadiel,M,1343,1343,0
Gae,F,43,0,43
Gael,M,40643,40610,33
Gaelan,M,5,5,0
Gaelle,F,133,0,133
Gaetana,F,285,0,285
Gaetano,M,2176,2176,0
Gagandeep,M,72,57,15
Gage,M,59168,59161,7
Gagik,M,8,8,0
Gahel,M,5,5,0
Gaia,F,1061,0,1061
Gaige,M,2684,2684,0
Gail,F,203883,6009,197874
Gaila,F,5,0,5
Gaile,F,52,0,52
Gaines,M,249,249,0
Gaither,M,211,211,0
Gaius,M,16,16,0
Gal,F,30,15,15
Gala,F,617,0,617
Galadriel,F,5,0,5
Galaxy,F,27,0,27
Galdino,M,20,20,0
Gale,F,26201,9196,17005
Galen,M,10709,10704,5
Gali,F,10,0,10
Galia,F,161,0,161
Galiana,F,5,0,5
Galilea,F,7188,0,7188
Galileah,F,106,0,106
Galilee,F,154,0,154
Galileo,M,97,97,0
Galina,F,20,0,20
Galit,F,15,0,15
Galo,M,18,18,0
Galvin,M,16,16,0
Galya,F,5,0,5
Gamal,M,92,92,0
Gamaliel,M,807,807,0
Ganesh,M,11,11,0
Gannon,M,4409,4409,0
Gao,F,232,0,232
Garcia,F,5,0,5
Gardenia,F,367,0,367
Gardiner,M,5,5,0
Gardner,M,408,408,0
Gared,M,5,5,0
Garen,M,100,100,0
Garet,M,168,168,0
Gareth,M,975,975,0
Garett,M,2283,2283,0
Garey,M,177,177,0
Garfield,M,1549,1549,0
Gari,F,11,0,11
Garin,M,106,106,0
Garine,F,5,0,5
Garl,M,5,5,0
Garland,M,19083,19083,0
Garlin,M,14,14,0
Garlon,M,5,5,0
Garn,M,34,34,0
Garnell,F,12,5,7
Garnelle,F,5,0,5
Garner,M,184,184,0
Garnet,F,4181,323,3858
Garnett,F,2838,1655,1183
Garnetta,F,61,0,61
Garnette,F,101,0,101
Garnita,F,6,0,6
Garo,M,40,40,0
Garold,M,993,993,0
Garon,M,31,31,0
Garren,M,268,268,0
Garret,M,9476,9476,0
Garreth,M,5,5,0
Garrett,M,130689,130633,56
Garrick,M,2273,2273,0
Garrin,M,5,5,0
Garrison,M,5076,5076,0
Garron,M,31,31,0
Garry,M,43906,43906,0
Garth,M,5292,5292,0
Garvey,M,11,11,0
Garvie,M,10,10,0
Garvin,M,238,238,0
Garvis,M,10,10,0
Gary,M,899987,899356,631
Garyn,M,5,5,0
Gaspar,M,756,756,0
Gaspard,M,11,11,0
Gaspare,M,206,206,0
Gasper,M,629,629,0
Gaston,M,1123,1123,0
Gates,M,6,6,0
Gatha,F,29,0,29
Gathel,F,5,0,5
Gatlin,M,2647,2641,6
Gatlyn,M,11,11,0
Gaudalupe,F,5,0,5
Gaudencio,M,5,5,0
Gaudy,F,8,0,8
Gauge,M,3268,3268,0
Gaurav,M,155,155,0
Gauri,F,110,0,110
Gautam,M,113,113,0
Gautham,M,78,78,0
Gavan,M,162,162,0
Gaven,M,2307,2307,0
Gavin,M,184204,184166,38
Gavino,M,823,823,0
Gavon,M,10,10,0
Gavriel,M,965,965,0
Gavriela,F,12,0,12
Gavriella,F,12,0,12
Gavyn,M,3615,3615,0
Gay,F,14838,70,14768
Gayane,F,52,0,52
Gayathri,F,6,0,6
Gayatri,F,6,0,6
Gaye,F,3240,0,3240
Gayl,F,27,0,27
Gayla,F,8213,0,8213
Gaylan,M,13,13,0
Gayland,M,168,168,0
Gayle,F,60282,2367,57915
Gayleen,F,56,0,56
Gaylen,M,394,388,6
Gaylene,F,962,0,962
Gaylia,F,10,0,10
Gaylin,M,5,5,0
Gaylon,M,1342,1337,5
Gaylord,M,3414,3414,0
Gaylyn,F,10,0,10
Gaylynn,F,30,0,30
Gaynel,F,7,0,7
Gaynell,F,2202,5,2197
Gaynelle,F,252,0,252
Gaza,M,6,6,0
Ge,M,10,10,0
Gean,M,5,5,0
Geanine,F,19,0,19
Geanna,F,20,0,20
Geannie,F,5,0,5
Gearld,M,1728,1728,0
Gearldean,F,17,0,17
Gearldine,F,2890,0,2890
Geary,M,943,943,0
Gecenia,F,5,0,5
Gedalia,M,10,10,0
Gedalya,M,62,62,0
Geddy,M,6,6,0
Gediz,M,5,5,0
Geena,F,745,0,745
Geeta,F,6,0,6
Geetika,F,5,0,5
Gehrig,M,68,68,0
Geisha,F,5,0,5
Gelacio,M,5,5,0
Gelila,F,26,0,26
Gelisa,F,5,0,5
Gelsey,F,39,0,39
Gema,F,1654,0,1654
Gemini,F,10,5,5
Gemma,F,19968,0,19968
Gemmalee,F,16,0,16
Gena,F,8644,0,8644
Genaro,M,5490,5490,0
Genavie,F,21,0,21
Genavieve,F,188,0,188
Gene,M,125477,122051,3426
Genea,F,91,0,91
Genecis,F,20,0,20
Genee,F,5,0,5
Genell,F,171,0,171
Genella,F,6,0,6
Genelle,F,145,0,145
Genendel,F,5,0,5
Genendy,F,15,0,15
Genene,F,5,0,5
General,M,1433,1433,0
Genese,F,61,0,61
Genesee,F,42,0,42
Genesis,F,86670,1889,84781
Genesiss,F,6,0,6
Genessa,F,36,0,36
Genessis,F,653,0,653
Genessy,F,5,0,5
Genesys,F,63,0,63
Genette,F,5,0,5
Geneva,F,77701,5,77696
Geneve,F,5,0,5
Genever,F,18,0,18
Genevia,F,179,0,179
Genevie,F,539,0,539
Geneviev,F,9,0,9
Genevieve,F,107903,0,107903
Genevive,F,39,0,39
Genevy,F,22,0,22
Geni,F,5,0,5
Genia,F,123,0,123
Genice,F,42,0,42
Genie,F,289,0,289
Geniel,F,20,0,20
Genieve,F,5,0,5
Genine,F,94,0,94
Genise,F,68,0,68
Genises,F,5,0,5
Genisis,F,267,0,267
Genna,F,1164,0,1164
Gennady,M,18,18,0
Gennaro,M,1275,1275,0
Gennell,F,5,0,5
Gennesis,F,246,0,246
Gennie,F,777,10,767
Gennifer,F,159,0,159
Genny,F,80,0,80
Geno,M,980,980,0
Genoa,F,5,0,5
Genora,F,10,0,10
Genova,F,18,0,18
Genoveva,F,1636,0,1636
Genovevo,M,20,20,0
Gentry,F,2311,1162,1149
Geo,M,97,97,0
Geoff,M,367,367,0
Geoffery,M,142,142,0
Geoffrey,M,50538,50538,0
Geoffry,M,20,20,0
Geordan,M,11,11,0
Geordy,M,5,5,0
Georgann,F,403,0,403
Georganna,F,58,0,58
Georganne,F,232,0,232
George,M,1351660,1346554,5106
Georgean,F,16,0,16
Georgeann,F,879,0,879
Georgeanna,F,114,0,114
Georgeanne,F,205,0,205
Georgena,F,20,0,20
Georgene,F,2252,0,2252
Georges,M,56,56,0
Georgetta,F,1036,0,1036
Georgette,F,9137,0,9137
Georgi,F,5,0,5
Georgia,F,141951,5,141946
Georgian,F,6,0,6
Georgiana,F,4284,0,4284
Georgiann,F,579,0,579
Georgianna,F,4061,0,4061
Georgianne,F,259,0,259
Georgie,F,7067,115,6952
Georgina,F,11519,0,11519
Georgine,F,1095,0,1095
Georgio,M,58,58,0
Georgios,M,260,260,0
Geovana,F,30,0,30
Geovani,M,691,691,0
Geovanie,M,15,15,0
Geovanna,F,256,0,256
Geovanni,M,2857,2857,0
Geovannie,M,19,19,0
Geovanny,M,1850,1850,0
Geovany,M,900,900,0
Ger,M,279,246,33
Gerad,M,45,45,0
Gerado,M,32,32,0
Gerald,M,443759,443551,208
Geraldean,F,136,0,136
Geraldene,F,37,0,37
Geraldin,F,5,0,5
Geraldine,F,204579,20,204559
Geraldo,M,1284,1284,0
Geraldy,F,6,0,6
Geraldyne,F,6,0,6
Geralene,F,5,0,5
Geraline,F,32,0,32
Geralt,M,6,6,0
Geralyn,F,3328,0,3328
Geralynn,F,41,0,41
Gerane,F,5,0,5
Gerard,M,53669,53669,0
Gerarda,F,6,0,6
Gerardine,F,5,0,5
Gerardo,M,51456,51359,97
Gerardojr,M,5,5,0
Gerasimos,M,68,68,0
Gerber,M,5,5,0
Gerda,F,127,0,127
Geremiah,M,35,35,0
Geremy,M,165,165,0
Gergory,M,15,15,0
Gerhard,M,657,657,0
Gerhardt,M,216,216,0
Gerhart,M,5,5,0
Geri,F,4938,0,4938
Geriann,F,12,0,12
Gerianne,F,110,0,110
Gerilyn,F,48,0,48
Gerldine,F,5,0,5
Gerline,F,19,0,19
Germain,M,145,145,0
Germaine,F,5659,927,4732
German,M,7659,7659,0
Germani,F,18,0,18
Germany,F,12,0,12
Geroge,M,54,54,0
Gerold,M,546,546,0
Gerome,M,54,54,0
Geronimo,M,1764,1764,0
Gerrad,M,10,10,0
Gerrard,M,19,19,0
Gerrell,M,6,6,0
Gerren,M,41,41,0
Gerri,F,2821,0,2821
Gerrick,M,8,8,0
Gerrie,F,101,0,101
Gerrit,M,826,826,0
Gerrod,M,22,22,0
Gerry,U,13908,10320,3588
Gershon,M,435,435,0
Gerson,M,2575,2575,0
Gertha,F,572,0,572
Gertie,F,4104,0,4104
Gertrude,F,119862,0,119862
Gertrudes,F,5,0,5
Gervase,M,5,5,0
Gery,M,86,86,0
Geryl,F,8,0,8
Geselle,F,43,0,43
Gesenia,F,22,0,22
Gesselle,F,11,0,11
Gessica,F,7,0,7
Gesualdo,M,5,5,0
Getsemani,F,215,0,215
Getzel,M,5,5,0
Gevorg,M,53,53,0
Gevork,M,189,189,0
Geza,M,54,54,0
Ghadeer,F,5,0,5
Ghaith,M,138,138,0
Ghalia,F,7,0,7
Ghassan,M,6,6,0
Ghazal,F,28,0,28
Ghislaine,F,5,0,5
Gia,F,17845,0,17845
Giabella,F,50,0,50
Giacomo,M,586,586,0
Giada,F,3530,0,3530
Gian,M,2948,2948,0
Giana,F,8187,0,8187
Giancarlo,M,6711,6711,0
Giancarlos,M,286,286,0
Gianella,F,473,0,473
Gianelle,F,24,0,24
Gianfranco,M,363,363,0
Giani,F,15,5,10
Gianina,F,123,0,123
Gianluca,M,2583,2583,0
Gianlucas,M,17,17,0
Gianlucca,M,6,6,0
Gianmarco,M,278,278,0
Giann,M,7,7,0
Gianna,F,96863,0,96863
Giannah,F,141,0,141
Gianncarlo,M,14,14,0
Gianni,M,14445,12587,1858
Giannina,F,71,0,71
Giannis,M,505,505,0
Gianny,F,43,15,28
Gianpaolo,M,6,6,0
Giavana,F,53,0,53
Giavanna,F,4491,0,4491
Giavonna,F,506,0,506
Giavonni,F,6,0,6
Gibran,M,451,451,0
Gibson,M,2738,2738,0
Gicela,F,30,0,30
Gideon,M,17020,17020,0
Gidget,F,605,0,605
Giezi,M,5,5,0
Gifford,M,58,58,0
Gigi,F,2226,0,2226
Gil,M,2439,2439,0
Gila,F,146,0,146
Gilad,M,34,34,0
Gilbert,M,121760,121745,15
Gilberte,F,42,0,42
Gilberto,M,25596,25582,14
Gilda,F,7331,0,7331
Gildardo,M,525,525,0
Gildo,M,11,11,0
Giles,M,844,844,0
Gilford,M,38,38,0
Gill,M,67,67,0
Gillermo,M,214,214,0
Gilles,M,7,7,0
Gillian,F,12725,0,12725
Gillis,M,34,34,0
Gilma,F,11,0,11
Gilman,M,196,196,0
Gilmer,M,403,403,0
Gilmore,M,26,26,0
Gilverto,M,10,10,0
Gimena,F,166,0,166
Gina,F,149757,26,149731
Ginamarie,F,485,0,485
Ginelle,F,38,0,38
Ginette,F,96,0,96
Ginevra,F,5,0,5
Ginger,F,41829,0,41829
Gini,F,17,0,17
Ginna,F,21,0,21
Ginnie,F,10,0,10
Ginny,F,3698,0,3698
Gino,M,9375,9375,0
Ginobili,M,6,6,0
Gio,M,705,705,0
Gioia,F,55,0,55
Gionna,F,173,0,173
Gionni,M,957,957,0
Giordan,M,5,5,0
Giordana,F,5,0,5
Giordano,M,6,6,0
Giorgi,M,26,26,0
Giorgia,F,27,0,27
Giorgina,F,5,0,5
Giorgio,M,811,811,0
Giovan,M,31,31,0
Giovana,F,274,0,274
Giovani,M,5738,5738,0
Giovanna,F,10703,0,10703
Giovanni,M,81505,81310,195
Giovannie,M,202,202,0
Giovannina,F,5,0,5
Giovanny,M,5240,5233,7
Giovany,M,796,796,0
Giovonni,M,397,397,0
Girard,M,349,349,0
Girl,F,201,0,201
Girlie,F,21,0,21
Giro,M,12,12,0
Girtha,F,79,0,79
Girtie,F,21,0,21
Girtrude,F,12,0,12
Gisel,F,1326,0,1326
Gisela,F,2498,0,2498
Gisele,F,3034,0,3034
Gisell,F,1042,0,1042
Gisella,F,467,0,467
Giselle,F,46551,5,46546
Gisette,F,5,0,5
Gissel,F,1665,0,1665
Gissela,F,42,0,42
Gissele,F,239,0,239
Gissell,F,722,0,722
Gisselle,F,8825,0,8825
Gita,F,37,0,37
Gitel,F,113,0,113
Gittel,F,1098,0,1098
Gittle,F,5,0,5
Gitty,F,3134,0,3134
Giulia,F,2230,0,2230
Giulian,M,5,5,0
Giuliana,F,10154,0,10154
Giulianna,F,772,0,772
Giuliano,M,204,204,0
Giulietta,F,287,0,287
Giulio,M,56,56,0
Giuseppa,F,5,0,5
Giuseppe,M,4506,4506,0
Giuseppina,F,286,0,286
Given,M,5,5,0
Gizel,F,91,0,91
Gizell,F,17,0,17
Gizella,F,248,0,248
Gizelle,F,1826,0,1826
Gizzelle,F,17,0,17
Gjon,M,5,5,0
Glada,F,56,0,56
Glade,M,300,300,0
Gladies,F,41,0,41
Gladine,F,5,0,5
Gladis,F,1131,0,1131
Gladstone,M,11,11,0
Gladyce,F,224,0,224
Gladys,F,217827,10,217817
Gleb,M,18,18,0
Glee,F,10,0,10
Gleen,M,32,32,0
Glema,F,22,0,22
Glen,M,119380,119352,28
Glena,F,60,0,60
Glenadine,F,5,0,5
Glenda,F,105394,0,105394
Glendal,M,5,5,0
Glendale,M,5,5,0
Glendaliz,F,6,0,6
Glendaly,F,12,0,12
Glendel,M,20,20,0
Glendell,M,24,24,0
Glender,F,5,0,5
Glendola,F,5,0,5
Glendon,M,1036,1036,0
Glendora,F,370,0,370
Glendy,F,38,0,38
Gleneva,F,5,0,5
Glenford,M,19,19,0
Glenice,F,46,0,46
Glenisha,F,5,0,5
Glenn,M,241112,241035,77
Glenna,F,20519,0,20519
Glennda,F,16,0,16
Glennie,F,531,0,531
Glennis,F,292,107,185
Glennon,M,838,838,0
Glenny,F,12,0,12
Glenora,F,10,0,10
Glenston,M,5,5,0
Glenville,M,5,5,0
Glenwood,M,714,714,0
Glenys,F,22,0,22
Glida,F,5,0,5
Glika,F,5,0,5
Glinda,F,1366,0,1366
Glori,F,10,0,10
Gloria,F,411554,329,411225
Gloriajean,F,5,0,5
Gloriana,F,29,0,29
Glorimar,F,14,0,14
Gloristine,F,5,0,5
Glory,F,1394,0,1394
Glover,M,126,126,0
Glyn,M,257,252,5
Glynda,F,1250,0,1250
Glynis,F,902,0,902
Glynn,M,2595,2590,5
Glynna,F,18,0,18
Glynnis,F,19,0,19
Gobel,M,23,23,0
Goble,M,32,32,0
Goddess,F,143,0,143
Godfrey,M,421,421,0
Godric,M,22,22,0
Godson,M,10,10,0
Godwin,M,6,6,0
Goebel,M,25,25,0
Gohan,M,129,129,0
Gohar,F,15,0,15
Gola,F,12,0,12
Golda,F,2331,0,2331
Golden,U,731,435,296
Goldia,F,525,0,525
Goldie,F,23945,5,23940
Goldman,M,16,16,0
Goldy,F,1168,0,1168
Gomer,M,24,24,0
Gonsalo,M,54,54,0
Gonzala,F,5,0,5
Gonzalo,M,8511,8511,0
Gopi,F,6,0,6
Gor,M,61,61,0
Gordana,F,5,0,5
Gordean,F,5,0,5
Gorden,M,200,200,0
Gordie,U,15,10,5
Gordon,M,148294,148277,17
Gordy,M,15,15,0
Goree,M,15,15,0
Goretti,F,5,0,5
Gorge,M,1303,1303,0
Gorgeous,F,5,0,5
Gorje,M,27,27,0
Gorman,M,24,24,0
Goro,M,38,38,0
Gotham,M,27,27,0
Gottlieb,M,50,50,0
Gottlob,M,5,5,0
Govanni,M,28,28,0
Grabiel,M,149,149,0
Grabiela,F,176,0,176
Grace,F,457175,62,457113
Graceann,F,112,0,112
Graceanne,F,10,0,10
Gracee,F,397,0,397
Gracelin,F,5,0,5
Gracelyn,F,13430,0,13430
Gracelynn,F,10905,0,10905
Gracelynne,F,5,0,5
Gracemarie,F,11,0,11
Gracen,F,1032,245,787
Graceson,M,47,47,0
Gracey,F,1136,0,1136
Graceyn,F,6,0,6
Graci,F,508,0,508
Gracia,F,77,0,77
Graciana,F,5,0,5
Graciano,M,37,37,0
Gracie,F,75003,16,74987
Graciela,F,13504,5,13499
Graciella,F,246,0,246
Gracin,M,34,34,0
Gracy,F,182,0,182
Gracyn,F,2468,0,2468
Graden,M,24,24,0
Gradie,U,16,10,6
Grady,M,45571,45546,25
Gradyn,M,5,5,0
Grae,M,5,5,0
Graelyn,F,11,0,11
Graeme,M,952,952,0
Graeson,M,66,66,0
Graesyn,M,5,5,0
Grafton,M,11,11,0
Graham,M,50995,50995,0
Grahm,M,5,5,0
Graig,M,313,313,0
Grainger,M,5,5,0
Grainne,F,6,0,6
Graison,M,10,10,0
Granger,M,916,916,0
Grant,M,128312,128305,7
Granville,M,1975,1975,0
Graple,F,5,0,5
Grasiela,F,40,0,40
Grason,M,6,6,0
Graviela,F,15,0,15
Gray,M,1703,1623,80
Grayce,F,1115,0,1115
Graycee,F,10,0,10
Graycen,F,104,51,53
Graycie,F,10,0,10
Grayden,M,707,707,0
Graydon,M,442,442,0
Grayland,M,5,5,0
Graylen,M,11,11,0
Graylin,M,24,24,0
Grayling,M,107,107,0
Graylynn,F,6,0,6
Graysen,M,2897,2828,69
Grayson,M,116612,114077,2535
Grayton,M,16,16,0
Grazia,F,11,0,11
Graziella,F,66,0,66
Grecia,F,4650,0,4650
Greco,M,39,39,0
Gredmarie,F,18,0,18
Greeicy,F,6,0,6
Green,M,498,498,0
Greenlee,F,121,0,121
Greenley,F,5,0,5
Greer,F,571,10,561
Greg,M,74781,74781,0
Gregario,M,5,5,0
Gregg,M,33137,33132,5
Greggory,M,2011,2011,0
Gregor,M,52,52,0
Gregoria,F,1390,6,1384
Gregorio,M,8238,8238,0
Gregorita,F,13,0,13
Gregory,M,709171,708304,867
Gregrey,M,5,5,0
Gregroy,M,5,5,0
Greicy,F,5,0,5
Greidy,F,6,0,6
Greidys,F,183,0,183
Greig,M,11,11,0
Greisy,F,5,0,5
Greko,M,5,5,0
Gresia,F,10,0,10
Greta,F,20990,0,20990
Gretchen,F,47947,0,47947
Gretel,F,311,0,311
Grethel,F,52,0,52
Gretta,F,606,0,606
Grettel,F,542,0,542
Grettell,F,16,0,16
Grey,M,3500,3266,234
Greydis,F,65,0,65
Greydon,M,6,6,0
Greys,F,5,0,5
Greysen,M,1405,1405,0
Greyson,M,53695,53624,71
Gricel,F,106,0,106
Gricelda,F,1074,0,1074
Grier,F,26,10,16
Griffen,M,381,381,0
Griffey,M,23,23,0
Griffin,M,45127,45095,32
Griffith,M,39,39,0
Grigor,M,149,149,0
Grisel,F,950,6,944
Griselda,F,7411,10,7401
Grisell,F,15,0,15
Griselle,F,78,0,78
Grissel,F,39,0,39
Grizel,F,12,0,12
Grizelda,F,46,0,46
Grover,M,18348,18342,6
Gryffin,M,209,209,0
Gryphon,M,23,23,0
Guadalupe,F,85179,22276,62903
Guadelupe,F,5,0,5
Guadlupe,F,10,5,5
Guadulupe,F,5,0,5
Gualberto,M,51,51,0
Gudalupe,F,5,0,5
Gudelia,F,5,0,5
Gudrun,F,62,0,62
Guerin,M,6,6,0
Guerino,M,30,30,0
Guerline,F,20,0,20
Guerry,M,5,5,0
Guhan,M,5,5,0
Guido,M,1820,1820,0
Guilford,M,5,5,0
Guilherme,M,198,198,0
Guiliana,F,79,0,79
Guilianna,F,10,0,10
Guillerma,F,6,0,6
Guillermina,F,1241,0,1241
Guillermo,M,28537,28527,10
Guinevere,F,1888,0,1888
Guinn,M,16,16,0
Guisela,F,5,0,5
Guiselle,F,18,0,18
Guiseppe,M,60,60,0
Gulianna,F,17,0,17
Gumaro,M,122,122,0
Gumecindo,M,43,43,0
Gumercindo,M,6,6,0
Gumesindo,M,15,15,0
Gunhild,F,12,0,12
Gunnar,M,14566,14561,5
Gunner,M,20880,20880,0
Gunter,M,5,5,0
Gunther,M,89,89,0
Gurasees,F,6,0,6
Gurbaaz,M,169,169,0
Gurbani,F,11,0,11
Gurfateh,M,112,112,0
Gurjot,M,49,44,5
Gurkirat,M,6,6,0
Gurleen,F,317,0,317
Gurman,M,61,61,0
Gurmehar,F,6,0,6
Gurnaaz,F,38,0,38
Gurneet,F,7,0,7
Gurney,M,344,344,0
Gurnie,M,10,10,0
Gurnoor,F,218,43,175
Gurpreet,U,202,146,56
Gurseerat,F,6,0,6
Gurshaan,M,49,49,0
Gurshan,M,88,88,0
Gursirat,F,5,0,5
Gurtaaj,M,5,5,0
Gurtaj,M,36,36,0
Gurtej,M,12,12,0
Gurveer,M,28,28,0
Gurvir,M,5,5,0
Gus,M,11948,11948,0
Guss,M,110,110,0
Gussie,F,7577,202,7375
Gust,M,390,390,0
Gusta,F,27,0,27
Gustabo,M,105,105,0
Gustaf,M,35,35,0
Gustav,M,1009,1009,0
Gustava,F,33,0,33
Gustave,M,2065,2065,0
Gustavia,F,75,0,75
Gustavo,M,36951,36922,29
Guthrie,M,11,11,0
Guy,M,79422,79422,0
Guydra,F,5,0,5
Guynell,F,13,0,13
Gwen,F,26394,0,26394
Gwenda,F,671,0,671
Gwendalyn,F,94,0,94
Gwendlyn,F,6,0,6
Gwendlyon,F,6,0,6
Gwendol,F,10,0,10
Gwendola,F,6,0,6
Gwendolyn,F,117971,0,117971
Gwendolynn,F,49,0,49
Gweneth,F,95,0,95
Gwenevere,F,78,0,78
Gwenivere,F,99,0,99
Gwenn,F,221,0,221
Gwenyth,F,1579,0,1579
Gwyn,F,427,49,378
Gwyneth,F,3809,0,3809
Gwynevere,F,10,0,10
Gwynn,F,16,0,16
Gwynne,F,91,0,91
Gwynneth,F,5,0,5
Gyanna,F,5,0,5
Gyasi,M,26,26,0
Gypsy,F,75,0,75
Gyselle,F,36,0,36
Gyzelle,F,12,0,12
Ha,F,150,5,145
Haadi,M,26,26,0
Haaheo,M,21,21,0
Haakon,M,45,45,0
Haaris,M,6,6,0
Haasini,F,16,0,16
Habib,M,136,136,0
Habiba,F,171,0,171
Hachalu,M,5,5,0
Hachiro,M,6,6,0
Hadar,F,16,0,16
Hadasa,F,128,0,128
Hadasha,F,5,0,5
Hadassa,F,726,0,726
Hadassah,F,6383,0,6383
Hadden,M,15,15,0
Haddie,F,937,0,937
Haddon,M,72,72,0
Hade,F,5,0,5
Hadeel,F,161,0,161
Haden,M,1940,1940,0
Hades,M,19,19,0
Hadi,M,1361,1361,0
Hadia,F,98,0,98
Hadicha,F,18,0,18
Hadija,F,7,0,7
Hadiya,F,146,0,146
Hadiyah,F,16,0,16
Hadja,F,25,0,25
Hadlee,F,3711,0,3711
Hadleigh,F,2981,0,2981
Hadley,F,40500,161,40339
Hadlie,F,115,0,115
Hadrian,M,57,57,0
Hadriel,M,25,25,0
Hady,M,5,5,0
Hadyn,U,75,47,28
Hae,F,24,0,24
Haedyn,F,5,0,5
Haelee,F,5,0,5
Haeley,F,5,0,5
Haely,F,5,0,5
Haelyn,F,22,0,22
Haelynn,F,22,0,22
Haevyn,F,11,0,11
Hafsa,F,1354,0,1354
Hafsah,F,121,0,121
Hagan,M,284,284,0
Hagen,M,1531,1531,0
Hager,M,25,25,0
Hagop,M,204,204,0
Hai,M,156,156,0
Haidar,M,60,60,0
Haide,F,39,0,39
Haidee,F,123,0,123
Haiden,M,2923,2504,419
Haider,M,307,307,0
Haidi,F,5,0,5
Haidy,F,24,0,24
Haidyn,F,784,50,734
Haifa,F,6,0,6
Haig,M,136,136,0
Haik,M,68,68,0
Haile,F,134,5,129
Hailea,F,5,0,5
Hailee,F,14414,5,14409
Hailei,F,10,0,10
Haileigh,F,502,0,502
Hailey,F,175337,27,175310
Haili,F,55,0,55
Hailie,F,4469,0,4469
Haille,F,11,0,11
Hailley,F,23,0,23
Haillie,F,26,0,26
Haily,F,1467,0,1467
Hailyn,F,22,0,22
Hailynn,F,5,0,5
Haim,M,17,17,0
Haines,M,5,5,0
Hairo,M,5,5,0
Haislee,F,107,0,107
Haisleigh,F,27,0,27
Haisley,F,3591,0,3591
Haizel,F,20,0,20
Haizlee,F,83,0,83
Haizley,F,279,0,279
Haja,F,5,0,5
Hajar,F,74,0,74
Hajime,M,81,81,0
Hajj,M,5,5,0
Hajra,F,35,0,35
Hakeem,M,4332,4332,0
Hakim,M,943,943,0
Hakob,M,19,19,0
Hakop,M,230,230,0
Hal,M,11879,11879,0
Hala,F,417,7,410
Halbert,M,38,38,0
Haldrin,M,5,5,0
Hale,M,5,5,0
Halee,F,1426,0,1426
Haleem,M,22,22,0
Haleema,F,51,0,51
Haleigh,F,12564,6,12558
Halen,U,266,162,104
Halena,F,18,0,18
Haley,F,157133,70,157063
Hali,F,2562,0,2562
Halia,F,309,0,309
Halie,F,5712,0,5712
Haliegh,F,11,0,11
Haliey,F,6,0,6
Halima,F,766,0,766
Halimah,F,22,0,22
Halimatou,F,5,0,5
Halina,F,62,0,62
Hall,M,35,35,0
Halle,F,14193,0,14193
Hallee,F,189,0,189
Halleigh,F,6,0,6
Hallel,F,5,0,5
Hallet,M,5,5,0
Halley,F,1714,5,1709
Halli,F,181,0,181
Hallie,F,28345,120,28225
Hally,F,5,0,5
Halo,F,2633,137,2496
Haloa,M,8,8,0
Halsey,F,67,22,45
Halston,F,235,85,150
Halstyn,F,5,0,5
Halyn,F,15,0,15
Hamad,M,15,15,0
Hamda,F,5,0,5
Hamdan,M,48,48,0
Hamdi,F,95,5,90
Hamed,M,39,39,0
Hameed,M,5,5,0
Hamid,M,94,94,0
Hamilton,M,1779,1779,0
Hamish,M,5,5,0
Hamlet,M,10,10,0
Hammad,M,45,45,0
Hammond,M,12,12,0
Hamp,M,100,100,0
Hampton,M,1737,1732,5
Hamsa,M,23,23,0
Hamse,M,5,5,0
Hamza,M,8075,8075,0
Hamzah,M,514,514,0
Hamze,M,5,5,0
Han,F,270,110,160
Hana,F,9783,0,9783
Hanaa,F,10,0,10
Hanad,M,136,136,0
Hanae,F,20,0,20
Hanah,F,612,0,612
Hanako,F,158,0,158
Hanalei,F,50,0,50
Hanan,F,686,0,686
Hanayo,F,6,0,6
Handy,M,20,20,0
Haneef,M,163,163,0
Haneefah,F,45,0,45
Haneen,F,254,0,254
Hang,F,139,0,139
Hanh,F,166,6,160
Hani,M,39,34,5
Hania,F,288,0,288
Haniel,M,56,56,0
Hanif,M,180,180,0
Hanifa,F,13,0,13
Hanifah,F,6,0,6
Haniya,F,476,0,476
Haniyah,F,5,0,5
Haniyyah,F,5,0,5
Hank,M,11022,11022,0
Hanley,M,31,31,0
Hanna,F,37004,11,36993
Hannah,F,445978,142,445836
Hannahgrace,F,5,0,5
Hannaley,F,11,0,11
Hannan,F,27,0,27
Hannia,F,303,0,303
Hannibal,M,15,15,0
Hannie,F,5,0,5
Hanniel,M,6,6,0
Hanny,F,6,0,6
Hannya,F,5,0,5
Hanoch,M,6,6,0
Hans,M,9324,9324,0
Hansel,M,1138,1138,0
Hansell,M,6,6,0
Hansen,M,73,73,0
Hansford,M,89,89,0
Hansika,F,35,0,35
Hanson,M,329,329,0
Hanvika,F,37,0,37
Hanzel,M,20,20,0
Hao,M,51,51,0
Happy,M,13,13,0
Haralambos,M,11,11,0
Harald,M,22,22,0
Harbor,F,176,16,160
Harce,M,6,6,0
Hardeep,M,15,15,0
Harden,M,147,147,0
Hardie,M,48,48,0
Hardin,M,270,270,0
Harding,M,444,444,0
Hardwick,M,10,10,0
Hardy,M,2264,2264,0
Hareem,F,152,0,152
Harel,M,11,11,0
Hargis,M,100,100,0
Hargun,F,78,0,78
Hargus,M,5,5,0
Hari,M,103,103,0
Harim,M,10,10,0
Harini,F,123,0,123
Harir,F,13,0,13
Haris,M,717,717,0
Harish,M,29,29,0
Harjot,M,116,109,7
Harkiran,F,5,0,5
Harkirat,M,5,5,0
Harl,M,11,11,0
Harlan,M,19517,19475,42
Harland,M,2077,2077,0
Harlea,F,5,0,5
Harlean,F,5,0,5
Harlee,F,5764,17,5747
Harleen,F,702,0,702
Harlei,F,32,0,32
Harleigh,F,3329,0,3329
Harlem,U,2880,2129,751
Harlen,M,413,413,0
Harlene,F,240,0,240
Harless,M,50,50,0
Harley,F,61416,33133,28283
Harleyquinn,F,5,0,5
Harli,F,197,0,197
Harlie,F,2415,36,2379
Harlin,M,92,92,0
Harlo,F,16,5,11
Harlon,M,247,247,0
Harlow,F,11846,553,11293
Harlowe,F,201,0,201
Harlym,F,51,0,51
Harlyn,F,864,7,857
Harlynn,F,379,0,379
Harm,M,13,13,0
Harman,M,232,226,6
Harmani,F,10,0,10
Harmehar,F,5,0,5
Harmon,M,2455,2455,0
Harmonee,F,433,0,433
Harmoney,F,31,0,31
Harmoni,F,3959,0,3959
Harmonie,F,1356,0,1356
Harmonii,F,120,0,120
Harmony,F,31528,0,31528
Harnaaz,F,22,0,22
Harneet,F,36,0,36
Harnoor,F,138,12,126
Harold,M,527470,527029,441
Harolyn,F,24,0,24
Haroon,M,545,545,0
Haroun,M,5,5,0
Harout,M,245,245,0
Haroutun,M,5,5,0
Harpal,M,6,6,0
Harper,F,127875,4012,123863
Harpreet,F,226,117,109
Harrel,M,60,60,0
Harrell,M,831,831,0
Harriet,F,73961,0,73961
Harriett,F,15078,0,15078
Harriette,F,4859,0,4859
Harrington,M,5,5,0
Harris,M,10296,10296,0
Harrison,M,86249,86243,6
Harrold,M,132,132,0
Harroll,M,5,5,0
Harry,M,358853,358655,198
Harsh,M,167,167,0
Harsha,M,7,7,0
Harshaan,M,6,6,0
Harshdeep,M,5,5,0
Harshil,M,17,17,0
Harshini,F,15,0,15
Harshita,F,20,0,20
Harshith,M,6,6,0
Harsimran,F,11,0,11
Hart,M,81,81,0
Hartlee,F,33,0,33
Hartley,F,837,66,771
Hartsel,M,12,12,0
Hartwell,M,5,5,0
Haru,U,58,35,23
Harue,F,187,0,187
Haruka,F,97,0,97
Haruki,M,51,51,0
Haruko,F,550,0,550
Harumi,F,79,0,79
Harun,M,167,167,0
Haruna,F,6,0,6
Haruo,M,306,306,0
Harut,M,44,44,0
Haruto,M,34,34,0
Harutun,M,16,16,0
Harutyun,M,62,62,0
Haruye,F,35,0,35
Haruyo,F,24,0,24
Haruyoshi,M,6,6,0
Harvard,M,5,5,0
Harveen,F,10,0,10
Harveer,M,5,5,0
Harvel,M,21,21,0
Harvest,F,5,0,5
Harvey,M,112406,112390,16
Harvie,M,397,397,0
Harvin,M,11,11,0
Harvy,M,76,76,0
Harwell,M,5,5,0
Hasaan,M,21,21,0
Hasan,M,3415,3415,0
Hasanat,F,6,0,6
Hasani,M,281,281,0
Haseeb,M,76,76,0
Haset,F,25,0,25
Hashem,M,63,63,0
Hashim,M,531,531,0
Hashir,M,65,65,0
Hasina,F,6,0,6
Hasini,F,111,0,111
Haskel,M,279,279,0
Haskell,M,1782,1782,0
Hasker,M,8,8,0
Haskie,M,5,5,0
Hasmik,F,38,0,38
Hasnain,M,16,16,0
Hason,M,19,19,0
Hassaan,M,6,6,0
Hassan,M,9307,9302,5
Hassana,F,27,0,27
Hassanah,F,10,0,10
Hassani,M,5,5,0
Hassel,M,77,77,0
Hassell,M,51,51,0
Hasset,F,20,0,20
Hassie,F,377,0,377
Hasson,M,27,27,0
Hatcher,M,69,69,0
Hathaway,F,14,0,14
Hatim,M,5,5,0
Hatsue,F,174,0,174
Hatsuko,F,153,0,153
Hatsumi,F,28,0,28
Hatsuye,F,8,0,8
Hatsuyo,F,23,0,23
Hattie,F,64108,0,64108
Haukea,F,5,0,5
Haunani,F,46,0,46
Hava,F,5,0,5
Havana,F,506,0,506
Havanna,F,55,0,55
Haven,F,19716,1664,18052
Havis,M,12,12,0
Havyn,F,172,0,172
Hawa,F,1183,0,1183
Hawk,M,187,187,0
Hawkins,M,127,127,0
Hawraa,F,10,0,10
Hawthorne,M,5,5,0
Haya,F,609,0,609
Hayat,F,98,0,98
Hayato,M,16,16,0
Hayde,F,22,0,22
Haydee,F,2104,0,2104
Hayden,M,136783,106140,30643
Haydin,M,15,15,0
Haydn,M,352,352,0
Haydon,M,173,173,0
Haydyn,M,10,10,0
Hayes,M,13235,13057,178
Haygen,M,48,48,0
Hayk,M,171,171,0
Hayla,F,5,0,5
Hayle,F,394,0,394
Haylea,F,77,0,77
Haylee,F,28314,8,28306
Haylei,F,92,0,92
Hayleigh,F,3770,0,3770
Haylen,F,241,5,236
Hayley,F,48788,9,48779
Hayli,F,499,0,499
Haylie,F,8158,0,8158
Haylin,F,16,0,16
Haynes,M,7,7,0
Hays,M,54,54,0
Hayslee,F,5,0,5
Hayven,F,333,0,333
Hayward,M,2309,2309,0
Haywood,M,3474,3474,0
Hayze,M,51,51,0
Hayzel,F,82,0,82
Hayzen,M,14,14,0
Hayzlee,F,24,0,24
Hazael,M,161,161,0
Haze,M,237,237,0
Hazel,F,239951,1127,238824
Hazelee,F,17,0,17
Hazeleen,F,10,0,10
Hazeleigh,F,21,0,21
Hazelene,F,34,0,34
Hazeline,F,121,0,121
Hazell,F,11,0,11
Hazelle,F,50,0,50
Hazely,F,39,0,39
Hazelyn,F,10,0,10
Hazelynn,F,57,0,57
Hazem,M,5,5,0
Hazen,M,307,307,0
Haziel,M,605,605,0
Hazle,F,755,0,755
Hazleigh,F,8,0,8
Hazley,F,148,0,148
Healani,F,5,0,5
Hearl,M,15,15,0
Heath,M,26294,26294,0
Heather,F,523546,305,523241
Heaven,F,27460,11,27449
Heavenlee,F,73,0,73
Heavenleigh,F,11,0,11
Heavenly,F,3289,0,3289
Heavyn,F,147,0,147
Heba,F,345,0,345
Hebe,F,31,0,31
Heber,M,934,934,0
Hebert,M,59,59,0
Heberto,M,39,39,0
Hector,M,103362,103195,167
Hedda,F,27,0,27
Hedwig,F,1482,0,1482
Hedy,F,708,0,708
Hee,F,5,0,5
Heela,F,20,0,20
Heena,F,31,0,31
Heer,F,21,0,21
Heflin,M,5,5,0
Heide,F,685,0,685
Heidi,F,145655,0,145655
Heidie,F,5,0,5
Heidy,F,4162,0,4162
Heiley,F,18,0,18
Heily,F,250,0,250
Heinrich,M,17,17,0
Heinz,M,64,64,0
Heiress,F,165,0,165
Heith,M,8,8,0
Heitor,M,148,148,0
Heladio,M,5,5,0
Helaina,F,41,0,41
Helaine,F,829,0,829
Helaman,M,21,21,0
Helane,F,27,0,27
Helayna,F,10,0,10
Helayne,F,38,0,38
Helder,M,5,5,0
Helen,F,902777,607,902170
Helena,F,29968,0,29968
Helene,F,26023,0,26023
Helga,F,459,0,459
Helio,M,40,40,0
Heliodoro,M,15,15,0
Helios,M,116,116,0
Hellen,F,4368,0,4368
Hellena,F,6,0,6
Hellon,F,33,0,33
Helma,F,6,0,6
Helmer,M,157,157,0
Helmi,F,116,0,116
Helmut,M,25,25,0
Helmuth,M,88,88,0
Heloisa,F,39,0,39
Heloise,F,54,0,54
Helon,F,127,0,127
Helvi,F,26,0,26
Helyn,F,170,0,170
Hema,F,5,0,5
Hemen,F,16,0,16
Hena,F,10,0,10
Henchy,F,177,0,177
Hendel,F,30,0,30
Henderson,M,1121,1121,0
Hendon,M,22,22,0
Hendrick,M,281,281,0
Hendricks,M,17,17,0
Hendrik,M,280,280,0
Hendrix,M,10860,10615,245
Hendrixx,M,120,120,0
Hendy,F,133,0,133
Henery,M,240,240,0
Henessy,F,35,0,35
Henlee,F,32,0,32
Henleigh,F,49,0,49
Henley,F,5738,332,5406
Henna,F,534,0,534
Hennessey,F,22,0,22
Hennessy,F,807,0,807
Hennesy,F,12,0,12
Henning,M,6,6,0
Henny,F,766,0,766
Henoch,M,6,6,0
Henok,M,5,5,0
Henrene,F,12,0,12
Henretta,F,291,0,291
Henri,M,1745,1714,31
Henrick,M,16,16,0
Henrietta,F,36537,0,36537
Henriette,F,140,0,140
Henrik,M,2537,2537,0
Henrine,F,28,0,28
Henrique,M,89,89,0
Henrry,M,158,158,0
Henry,M,678280,676878,1402
Henryetta,F,10,0,10
Henryk,M,87,87,0
Hensel,M,7,7,0
Henslee,F,11,0,11
Hensley,F,1037,0,1037
Henson,M,15,15,0
Henya,F,21,0,21
Hera,F,151,0,151
Heraclio,M,53,53,0
Herald,M,39,39,0
Heraldo,M,5,5,0
Heran,F,11,0,11
Herb,M,421,421,0
Herber,M,6,6,0
Herbert,M,208214,208183,31
Herberth,M,15,15,0
Herberto,M,5,5,0
Herbie,M,58,58,0
Herby,M,15,15,0
Herchel,M,5,5,0
Hercules,M,280,280,0
Heriberta,F,5,0,5
Heriberto,M,8319,8319,0
Herley,M,5,5,0
Herlinda,F,3463,0,3463
Herma,F,57,0,57
Hermalinda,F,6,0,6
Herman,M,119275,119260,15
Hermann,M,16,16,0
Hermela,F,5,0,5
Hermelinda,F,1409,0,1409
Hermenegildo,M,5,5,0
Hermenia,F,5,0,5
Hermes,M,76,76,0
Hermie,F,21,0,21
Hermila,F,73,0,73
Hermilo,M,154,154,0
Hermina,F,368,0,368
Hermine,F,347,0,347
Herminia,F,2644,0,2644
Herminio,M,523,523,0
Hermione,F,582,0,582
Hermon,M,2185,2185,0
Hernan,M,3529,3529,0
Hernando,M,40,40,0
Hernesto,M,5,5,0
Hero,M,202,202,0
Herold,M,5,5,0
Heron,M,91,91,0
Hersch,M,12,12,0
Herschel,M,6191,6191,0
Herschell,M,90,90,0
Hersey,M,10,10,0
Hersh,M,423,423,0
Hershal,M,37,37,0
Hershel,M,7128,7128,0
Hershell,M,426,426,0
Hershy,M,654,654,0
Herson,M,63,63,0
Hertha,F,216,0,216
Heru,M,7,7,0
Herve,M,176,176,0
Hervey,M,80,80,0
Hesham,M,10,10,0
Heshimu,M,5,5,0
Heshy,M,11,11,0
Hessie,F,168,0,168
Hesston,M,16,16,0
Hester,F,7795,12,7783
Heston,M,454,454,0
Hetal,F,8,0,8
Hether,F,11,0,11
Hettie,F,2544,0,2544
Hewitt,M,55,55,0
Heydi,F,166,0,166
Heydy,F,10,0,10
Heyward,M,1343,1343,0
Heywood,M,5,5,0
Hezekiah,M,6731,6731,0
Hezzie,M,5,5,0
Hiawatha,M,43,38,5
Hiba,F,925,0,925
Hibah,F,34,0,34
Hibba,F,5,0,5
Hidaya,F,5,0,5
Hideko,F,249,0,249
Hidemi,M,5,5,0
Hideo,M,673,673,0
Hiedi,F,89,0,89
Hien,F,101,42,59
Hiep,M,5,5,0
Hieu,M,233,233,0
Higinio,M,196,196,0
Hiiaka,F,7,0,7
Hiilani,F,84,0,84
Hiilei,F,58,0,58
Hijinio,M,5,5,0
Hikari,F,24,0,24
Hikaru,M,6,6,0
Hikma,F,10,0,10
Hila,F,23,0,23
Hilal,M,5,5,0
Hilaria,F,461,0,461
Hilarie,F,35,0,35
Hilario,M,3185,3185,0
Hilary,F,21138,231,20907
Hilbert,M,463,463,0
Hilberto,M,5,5,0
Hilda,F,64387,5,64382
Hildagarde,F,5,0,5
Hilde,F,10,0,10
Hildegard,F,503,0,503
Hildegarde,F,762,0,762
Hilding,M,10,10,0
Hildred,F,589,5,584
Hildreth,F,38,0,38
Hildur,F,83,0,83
Hildy,F,56,0,56
Hiliana,F,59,0,59
Hilinai,F,64,0,64
Hilja,F,5,0,5
Hill,M,10,10,0
Hillard,M,552,552,0
Hillarie,F,11,0,11
Hillary,F,26013,105,25908
Hillel,M,780,780,0
Hillery,F,52,30,22
Hilliard,M,356,356,0
Hilliary,F,5,0,5
Hillis,M,11,11,0
Hillman,M,5,5,0
Hilma,F,409,0,409
Hilman,M,5,5,0
Hilmar,M,39,39,0
Hilmer,M,44,44,0
Hilton,M,3405,3405,0
Himani,F,8,0,8
Himmat,M,29,29,0
Hina,F,102,0,102
Hinaea,F,5,0,5
Hinata,F,44,0,44
Hinckley,U,17,12,5
Hinda,F,955,0,955
Hindel,F,10,0,10
Hindy,F,1684,0,1684
Hinton,M,51,51,0
Hipolito,M,1028,1028,0
Hira,F,127,0,127
Hiral,F,5,0,5
Hiram,M,7549,7549,0
Hiraya,F,21,0,21
Hiren,M,11,11,0
Hiro,M,228,228,0
Hiroki,M,29,29,0
Hiroko,F,144,0,144
Hiromi,F,60,0,60
Hiromu,M,27,27,0
Hiromy,F,10,0,10
Hiroshi,M,980,980,0
Hiroto,M,12,12,0
Hirving,M,13,13,0
Hisae,F,50,0,50
Hisako,F,265,0,265
Hisao,M,98,98,0
Hisashi,M,60,60,0
Hisaye,F,11,0,11
Hisayo,F,26,0,26
Hisham,M,103,103,0
Hitoshi,M,48,48,0
Hiya,F,10,0,10
Hiyab,F,5,0,5
Hjalmer,M,34,34,0
Hjordis,F,5,0,5
Hlee,F,10,0,10
Ho,M,5,5,0
Hoa,F,165,80,85
Hoai,F,5,0,5
Hoang,M,240,235,5
Hobart,M,1219,1219,0
Hobby,M,9,9,0
Hobert,M,3482,3482,0
Hobie,M,15,15,0
Hobson,M,33,33,0
Hoby,M,10,10,0
Hoda,F,6,0,6
Hodan,F,33,0,33
Hodari,M,10,10,0
Hodaya,F,58,0,58
Hodge,M,5,5,0
Hogan,M,190,190,0
Hoke,M,256,256,0
Hokulani,F,29,0,29
Holden,M,28437,28430,7
Holdyn,M,22,22,0
Holiday,F,40,0,40
Hollace,F,61,0,61
Holland,F,5114,369,4745
Hollee,F,16,0,16
Holley,F,1445,0,1445
Holli,F,5494,0,5494
Hollie,F,14205,141,14064
Hollis,M,11668,9929,1739
Holly,F,201789,66,201723
Hollyann,F,23,0,23
Hollye,F,17,0,17
Hollyn,F,684,0,684
Holmes,M,16,16,0
Holston,M,54,54,0
Holt,M,431,431,0
Holten,M,10,10,0
Holton,M,146,146,0
Homar,M,246,246,0
Homer,M,49485,49480,5
Homero,M,2942,2942,0
Honest,F,39,5,34
Honesti,F,349,0,349
Honesty,F,3327,0,3327
Honey,F,1381,0,1381
Hong,F,172,47,125
Honor,F,1374,560,814
Honora,F,202,0,202
Honore,F,5,0,5
Honorio,M,21,21,0
Hooper,M,11,11,0
Hoorain,F,160,0,160
Hooria,F,12,0,12
Hoover,M,573,573,0
Hope,F,90510,13,90497
Hopie,F,10,0,10
Horace,M,44984,44984,0
Horacio,M,3118,3118,0
Horatio,M,61,61,0
Hortence,F,11,0,11
Hortencia,F,3283,0,3283
Hortense,F,3016,0,3016
Hortensia,F,1192,0,1192
Horton,M,10,10,0
Hosanna,F,412,0,412
Hosea,M,1485,1485,0
Hosey,M,16,16,0
Hosie,M,195,195,0
Hoskie,M,6,6,0
Hosna,F,6,0,6
Hossain,M,5,5,0
Houa,F,74,26,48
Houston,M,12583,12583,0
Hovanes,M,60,60,0
Hovannes,M,15,15,0
Hovhannes,M,34,34,0
Hovie,M,5,5,0
Hovig,M,6,6,0
Hovik,M,13,13,0
Hovsep,M,21,21,0
Howard,M,325261,325201,60
Howell,M,1392,1392,0
Howie,M,69,69,0
Hoy,M,88,88,0
Hoyle,M,437,437,0
Hoyt,M,4769,4769,0
Hoyte,M,31,31,0
Hozie,M,5,5,0
Hrach,M,15,15,0
Hrag,M,16,16,0
Hridaan,M,5,5,0
Hridhaan,M,18,18,0
Hripsime,F,5,0,5
Hristopher,M,5,5,0
Hser,F,5,0,5
Huan,M,5,5,0
Hubbard,M,64,64,0
Hubbie,F,5,0,5
Huber,M,11,11,0
Hubert,M,50261,50261,0
Huck,M,514,514,0
Huda,F,623,0,623
Hudaifa,M,5,5,0
Hudes,F,5,0,5
Hudeyfa,M,5,5,0
Hudis,F,5,0,5
Hudsen,M,20,20,0
Hudson,M,95559,94884,675
Hudsyn,F,137,41,96
Hudy,F,5,0,5
Hue,M,48,48,0
Huel,M,16,16,0
Huey,M,4607,4607,0
Hugh,M,71652,71646,6
Hughes,M,51,51,0
Hughey,M,11,11,0
Hughie,M,118,118,0
Hugo,M,31151,31146,5
Hui,F,7,0,7
Hulda,F,818,0,818
Huldah,F,6,0,6
Hulen,M,107,107,0
Hulene,F,12,0,12
Hulon,M,280,280,0
Huma,F,10,0,10
Humaira,F,66,0,66
Humayra,F,10,0,10
Humbert,M,72,72,0
Humberto,M,14440,14440,0
Humphrey,M,11,11,0
Humza,M,433,433,0
Huner,M,7,7,0
Hung,M,398,398,0
Hunner,M,21,21,0
Hunt,M,11,11,0
Hunter,M,265151,253276,11875
Huntleigh,F,202,0,202
Huntley,F,236,129,107
Huong,F,231,0,231
Hurbert,M,16,16,0
Huriel,M,67,67,0
Hurley,M,422,422,0
Hurschel,M,5,5,0
Hurshel,M,108,108,0
Husain,M,16,16,0
Husam,M,6,6,0
Husayn,M,20,20,0
Husna,F,202,0,202
Hussain,M,813,813,0
Hussein,M,1962,1962,0
Hussien,M,74,74,0
Huston,M,505,505,0
Hutch,M,30,30,0
Hutson,M,107,107,0
Hutton,M,76,76,0
Huxlee,F,6,0,6
Huxley,M,3388,3340,48
Huxton,M,343,343,0
Huy,M,749,749,0
Huyen,F,51,0,51
Huzaifa,M,69,69,0
Hy,M,17,17,0
Hyacinth,F,22,0,22
Hydeia,F,48,0,48
Hydia,F,13,0,13
Hye,F,27,0,27
Hykeem,M,16,16,0
Hyman,M,4286,4286,0
Hymen,M,135,135,0
Hymie,M,5,5,0
Hyrum,M,1915,1915,0
Hyun,F,15,5,10
Ia,F,23,0,23
Iaan,M,10,10,0
Iain,M,876,876,0
Iam,M,91,91,0
Ian,M,247074,247014,60
Iana,F,77,0,77
Iann,M,149,149,0
Ianna,F,270,0,270
Iantha,F,10,0,10
Iasia,F,102,0,102
Ibadat,F,6,0,6
Iban,M,179,179,0
Ibeth,F,73,0,73
Ibis,F,5,0,5
Ibn,M,451,451,0
Ibraheem,M,521,521,0
Ibrahim,M,14168,14168,0
Ibrahima,M,504,504,0
Ibrohim,M,65,65,0
Ibtisam,F,31,0,31
Icarus,M,12,12,0
Icel,F,11,0,11
Icela,F,19,0,19
Icelyn,F,10,0,10
Icelynn,F,205,0,205
Iceola,F,5,0,5
Icey,F,5,0,5
Ichael,M,7,7,0
Ichiro,M,146,146,0
Icie,F,234,0,234
Icker,M,37,37,0
Icsel,F,5,0,5
Icy,F,39,0,39
Ida,F,124888,5,124883
Idabelle,F,15,0,15
Idali,F,48,0,48
Idalia,F,1795,0,1795
Idalie,F,28,0,28
Idalina,F,5,0,5
Idalis,F,351,0,351
Idalmis,F,5,0,5
Idaly,F,497,0,497
Idalys,F,10,0,10
Idamae,F,22,0,22
Idan,M,165,165,0
Idania,F,194,0,194
Idell,F,1646,0,1646
Idella,F,2661,0,2661
Idelle,F,42,0,42
Iden,M,44,44,0
Idil,F,10,0,10
Idman,F,5,0,5
Idolina,F,255,0,255
Idonia,F,11,0,11
Idrees,M,136,136,0
Idris,M,2703,2703,0
Idriss,M,5,5,0
Idrissa,M,6,6,0
Idus,M,33,33,0
Idy,F,307,0,307
Ieasha,F,44,0,44
Ieisha,F,159,0,159
Iesha,F,5902,0,5902
Ieshia,F,684,0,684
Ieva,F,15,0,15
Ife,F,18,0,18
Ifeoluwa,F,50,5,45
Ifeoma,F,5,0,5
Ifrah,F,5,0,5
Iga,F,5,0,5
Ignace,M,6,6,0
Ignacia,F,548,0,548
Ignacio,M,16360,16360,0
Ignacita,F,5,0,5
Ignatius,M,1461,1461,0
Ignatz,M,19,19,0
Ignazio,M,280,280,0
Igor,M,90,90,0
Ihor,M,30,30,0
Ihsan,M,49,49,0
Ijeoma,F,5,0,5
Ikaia,M,12,12,0
Ikaika,M,591,591,0
Ikal,M,22,22,0
Ike,M,2148,2148,0
Ikea,F,259,7,252
Ikechukwu,M,16,16,0
Ikeem,M,46,46,0
Ikeni,M,7,7,0
Ikenna,M,70,70,0
Iker,M,16705,16705,0
Ikesha,F,5,0,5
Ikhlas,F,90,0,90
Ikia,F,5,0,5
Ikram,F,23,0,23
Ikran,F,23,0,23
Iktan,M,21,21,0
Ila,F,16729,0,16729
Ilah,F,247,0,247
Ilai,M,29,29,0
Ilaisaane,F,5,0,5
Ilan,M,1750,1750,0
Ilana,F,3438,0,3438
Ilani,F,98,0,98
Ilany,F,5,0,5
Ilaria,F,135,0,135
Ilay,M,38,38,0
Ilce,F,12,0,12
Ilda,F,294,0,294
Ildefonso,M,41,41,0
Ilea,F,5,0,5
Ilean,F,49,0,49
Ileana,F,3660,0,3660
Ileane,F,31,0,31
Ileanna,F,42,0,42
Ileen,F,457,0,457
Ileene,F,46,0,46
Ilena,F,15,0,15
Ilene,F,13382,0,13382
Ilette,F,6,0,6
Ilham,F,11,0,11
Ilhan,F,86,0,86
Ilia,F,54,0,54
Ilian,M,11,11,0
Iliana,F,10663,0,10663
Ilianna,F,474,0,474
Ilias,M,232,232,0
Ilihia,F,11,0,11
Ilijah,M,39,39,0
Ilir,M,40,40,0
Ilisa,F,18,0,18
Ilissa,F,21,0,21
Iliya,M,13,13,0
Iliyan,M,8,8,0
Ilka,F,36,0,36
Illa,F,111,0,111
Illeana,F,44,0,44
Illiana,F,809,0,809
Illianna,F,47,0,47
Illona,F,22,0,22
Illya,M,42,42,0
Illyana,F,58,0,58
Ilma,F,5,0,5
Ilo,F,113,0,113
Ilona,F,1104,0,1104
Ilsa,F,10,0,10
Ilse,F,1185,0,1185
Ilwaad,F,5,0,5
Ilwad,F,6,0,6
Ily,F,308,0,308
Ilya,M,215,210,5
Ilyana,F,440,0,440
Ilyanna,F,103,0,103
Ilyas,M,958,958,0
Ilyse,F,87,0,87
Ilyssa,F,151,0,151
Ima,F,4465,0,4465
Imaan,F,188,6,182
Imad,M,15,15,0
Imagene,F,134,0,134
Imagine,F,5,0,5
Imalay,F,13,0,13
Iman,F,3565,343,3222
Imane,F,22,0,22
Imani,F,25435,211,25224
Imanol,M,715,715,0
Imara,F,50,0,50
Imari,F,1140,110,1030
Imee,F,6,0,6
Imelda,F,4746,0,4746
Imer,M,5,5,0
Imir,M,11,11,0
Immaculate,F,20,0,20
Immanuel,M,3718,3718,0
Imo,F,94,0,94
Imogean,F,28,0,28
Imogen,F,1539,0,1539
Imogene,F,23775,0,23775
Imojean,F,29,0,29
Imona,F,66,0,66
Imoni,F,25,0,25
Imraan,M,11,11,0
Imran,M,2657,2657,0
Imri,M,6,6,0
Imrie,F,5,0,5
Imron,M,57,57,0
Imunique,F,48,0,48
In,F,11,0,11
Ina,F,23165,0,23165
Inaara,F,19,0,19
Inaaya,F,1216,0,1216
Inaki,M,38,38,0
Inara,F,1136,0,1136
Inari,F,45,0,45
Inaya,F,1868,0,1868
Inayah,F,367,0,367
Inayat,F,34,0,34
Indalecio,M,21,21,0
Indi,F,155,0,155
India,F,19831,5,19826
Indiana,F,907,383,524
Indica,F,27,0,27
Indie,F,2719,12,2707
Indigo,F,2112,267,1845
Indio,M,6,6,0
Indira,F,1061,0,1061
Indiya,F,10,0,10
Indra,F,59,5,54
Indy,F,977,157,820
Indya,F,420,0,420
Inell,F,1129,0,1129
Ines,F,3044,110,2934
Inessa,F,129,0,129
Inetha,F,5,0,5
Inez,F,52910,318,52592
Ineza,F,5,0,5
Infant,F,7714,3991,3723
Infantboy,M,5,5,0
Infantmale,M,8,8,0
Infantof,F,124,57,67
Infboy,M,5,5,0
Infinite,M,12,12,0
Infiniti,F,37,0,37
Infinity,F,140,0,140
Inga,F,708,0,708
Inge,F,108,0,108
Ingeborg,F,135,0,135
Inger,F,378,0,378
Ingram,M,5,5,0
Ingrid,F,22439,5,22434
Ingris,F,10,0,10
Ingvald,M,23,23,0
Inigo,M,10,10,0
Inika,F,12,0,12
Inioluwa,F,21,0,21
Inis,F,90,0,90
Iniya,F,63,0,63
Inman,M,34,34,0
Inna,F,111,0,111
Inocencia,F,74,0,74
Inocencio,M,95,95,0
Inola,F,10,0,10
Inori,F,5,0,5
Insha,F,8,0,8
Insiya,F,6,0,6
Io,F,5,0,5
Ioane,M,50,50,0
Ioanna,F,55,0,55
Ioannis,M,396,396,0
Iokepa,M,37,37,0
Iola,F,5295,0,5295
Iolana,F,6,0,6
Iolanda,F,11,0,11
Iolani,F,5,0,5
Iona,F,6578,0,6578
Ione,F,5636,0,5636
Iqlas,F,5,0,5
Iqra,F,737,0,737
Ira,M,46644,43459,3185
Iracema,F,15,0,15
Iraida,F,212,0,212
Iraima,F,5,0,5
Irais,F,229,0,229
Iram,M,409,409,0
Iran,F,374,203,171
Irania,F,122,0,122
Irany,F,5,0,5
Irasema,F,604,0,604
Irazema,F,5,0,5
Irbin,M,17,17,0
Irby,M,225,225,0
Irean,F,25,0,25
Ireland,F,4676,0,4676
Irelia,F,5,0,5
Irelyn,F,416,0,416
Irelynn,F,492,0,492
Iremide,U,17,12,5
Irena,F,155,0,155
Irene,F,310157,51,310106
Ireoluwa,F,54,23,31
Ireon,F,5,0,5
Ireri,F,5,0,5
Ireta,F,5,0,5
Irfan,M,81,81,0
Irha,F,127,0,127
Iriana,F,100,0,100
Irianna,F,5,0,5
Iridian,F,395,0,395
Iridiana,F,65,0,65
Irie,F,1395,59,1336
Iriel,F,10,0,10
Irina,F,923,0,923
Irine,F,452,0,452
Irineo,M,60,60,0
Iris,F,89538,11,89527
Irish,F,91,0,91
Irja,F,14,0,14
Irl,M,10,10,0
Irlanda,F,432,0,432
Irma,F,62605,17,62588
Irmalinda,F,25,0,25
Irmgard,F,121,0,121
Iroh,M,47,47,0
Ironesha,F,23,0,23
Irtaza,M,5,5,0
Irven,M,20,20,0
Irvin,M,32414,32414,0
Irvine,M,55,55,0
Irving,M,36334,36329,5
Irwin,M,11500,11500,0
Irys,F,5,0,5
Isa,U,2220,1452,768
Isaac,M,310829,310768,61
Isaack,M,10,10,0
Isaah,M,23,23,0
Isaak,M,2463,2463,0
Isabeau,F,5,0,5
Isabel,F,119694,1141,118553
Isabela,F,10420,0,10420
Isabell,F,8844,0,8844
Isabella,F,389578,62,389516
Isabellah,F,21,0,21
Isabellamarie,F,21,0,21
Isabelle,F,94848,7,94841
Isabelly,F,23,0,23
Isac,M,1351,1351,0
Isacc,M,863,863,0
Isack,M,5,5,0
Isadora,F,1977,0,1977
Isadore,M,2766,2766,0
Isael,M,1621,1621,0
Isahi,M,39,39,0
Isai,M,5426,5426,0
Isaia,M,40,40,0
Isaiah,M,239515,239428,87
Isaiahs,M,15,15,0
Isaias,M,15068,15068,0
Isaid,M,6,6,0
Isaih,M,394,394,0
Isaiha,M,99,99,0
Isais,M,5,5,0
Isak,M,157,157,0
Isaly,F,47,0,47
Isamar,F,1805,56,1749
Isamara,F,9,0,9
Isami,M,100,100,0
Isamu,M,433,433,0
Isao,M,146,146,0
Isatou,F,73,0,73
Isatu,F,5,0,5
Isaul,M,17,17,0
Isaura,F,708,0,708
Isauro,M,74,74,0
Isayah,M,106,106,0
Iseah,M,34,34,0
Isel,F,63,0,63
Isela,F,4412,0,4412
Isella,F,51,0,51
Isha,F,2932,0,2932
Ishaan,M,4050,4050,0
Ishaaq,M,5,5,0
Isham,M,20,20,0
Ishan,M,1481,1481,0
Ishana,F,29,0,29
Ishani,F,373,0,373
Ishanvi,F,146,0,146
Ishaq,M,125,125,0
Ishbel,F,5,0,5
Ishika,F,385,0,385
Ishir,M,22,22,0
Ishita,F,97,0,97
Ishmael,M,3286,3286,0
Ishmel,M,10,10,0
Ishraq,M,10,10,0
Ishrat,F,10,0,10
Isiah,M,20094,20094,0
Isiaha,M,6,6,0
Isidor,M,97,97,0
Isidora,F,66,0,66
Isidore,M,1908,1908,0
Isidoro,M,585,585,0
Isidra,F,229,0,229
Isidro,M,5988,5988,0
Isileli,M,5,5,0
Isis,F,9431,0,9431
Iskander,M,6,6,0
Isla,F,45206,0,45206
Islah,F,132,0,132
Islam,M,95,95,0
Island,F,114,0,114
Islay,F,25,0,25
Isley,F,208,5,203
Ismaeel,M,50,50,0
Ismael,M,39016,39016,0
Ismahan,F,5,0,5
Ismail,M,2151,2151,0
Ismaila,M,6,6,0
Ismar,F,6,0,6
Ismay,F,5,0,5
Ismenia,F,13,0,13
Ismerai,F,25,0,25
Isobel,F,1217,0,1217
Isola,F,5,0,5
Isolde,F,23,0,23
Isolina,F,7,0,7
Isom,M,148,148,0
Isra,F,663,0,663
Israa,F,48,0,48
Israel,M,64865,64587,278
Isreal,M,1826,1826,0
Isrrael,M,136,136,0
Issa,U,1136,868,268
Issabela,F,11,0,11
Issabella,F,685,0,685
Issac,M,19604,19604,0
Issachar,M,5,5,0
Issack,M,7,7,0
Issai,M,7,7,0
Issaiah,M,65,65,0
Issak,M,108,108,0
Issamar,F,5,0,5
Issiah,M,292,292,0
Issis,F,6,0,6
Isys,F,17,0,17
Isyss,F,197,0,197
Ita,F,203,0,203
Itai,M,116,116,0
Italia,F,1497,0,1497
Italo,M,85,85,0
Italy,F,1046,0,1046
Itamar,M,39,39,0
Itasca,F,5,0,5
Itati,F,178,0,178
Itay,M,21,21,0
Itayetzi,F,9,0,9
Itcel,F,5,0,5
Ithan,M,23,23,0
Ithiel,M,18,18,0
Ithzel,F,16,0,16
Itsel,F,67,0,67
Itsuko,F,26,0,26
Itsuo,M,25,25,0
Itxel,F,27,0,27
Itza,F,91,0,91
Itzabella,F,64,0,64
Itzae,U,614,472,142
Itzael,M,73,73,0
Itzamara,F,66,0,66
Itzan,M,6,6,0
Itzanami,F,5,0,5
Itzayana,F,3325,0,3325
Itzayanna,F,36,0,36
Itzel,F,18420,6,18414
Itzela,F,6,0,6
Itzell,F,99,0,99
Itzelle,F,10,0,10
Itzia,F,216,0,216
Itzy,F,12,0,12
Iva,F,23314,0,23314
Ivaan,M,794,794,0
Ivadell,F,16,0,16
Ivah,F,34,0,34
Ival,M,6,6,0
Ivalee,F,12,0,12
Ivan,M,140406,140296,110
Ivana,F,5415,0,5415
Ivanelle,F,20,0,20
Ivani,F,6,0,6
Ivania,F,147,0,147
Ivanka,F,629,0,629
Ivann,M,26,26,0
Ivanna,F,7701,0,7701
Ivannah,F,10,0,10
Ivannia,F,5,0,5
Ivar,M,233,233,0
Ivee,F,33,0,33
Ivelis,F,10,0,10
Ivelise,F,23,0,23
Ivelisse,F,860,0,860
Iven,M,54,54,0
Iver,M,222,222,0
Iverson,M,477,477,0
Ivery,M,41,36,5
Ivet,F,52,0,52
Iveth,F,264,0,264
Ivett,F,229,0,229
Ivette,F,9304,0,9304
Ivey,F,2822,741,2081
Iviana,F,5,0,5
Ivie,F,461,0,461
Ivis,F,5,0,5
Ivo,M,15,15,0
Ivon,F,471,5,466
Ivone,F,108,0,108
Ivonna,F,10,0,10
Ivonne,F,4713,0,4713
Ivor,M,20,20,0
Ivoree,F,24,0,24
Ivori,F,16,0,16
Ivorie,F,5,0,5
Ivory,F,13388,4824,8564
Ivry,F,5,0,5
Ivy,F,66529,1232,65297
Ivyana,F,56,0,56
Ivyanna,F,126,0,126
Ivyonna,F,56,0,56
Ivyrose,F,18,0,18
Iwalani,F,44,0,44
Iwan,M,5,5,0
Iwao,M,92,92,0
Ixchel,F,459,0,459
Ixel,F,12,0,12
Iyan,M,10,10,0
Iyana,F,3656,0,3656
Iyanah,F,72,0,72
Iyanla,F,24,0,24
Iyanna,F,3921,0,3921
Iyannah,F,32,0,32
Iyari,F,23,0,23
Iyla,F,2028,0,2028
Iylah,F,122,0,122
Iymona,F,31,0,31
Iyona,F,10,0,10
Iyonna,F,632,0,632
Iysis,F,6,0,6
Iza,F,62,0,62
Izaac,M,1354,1354,0
Izaak,M,1126,1126,0
Izaan,M,58,58,0
Izabel,F,2090,0,2090
Izabela,F,751,0,751
Izabell,F,298,0,298
Izabella,F,29054,0,29054
Izabellah,F,25,0,25
Izabelle,F,2897,0,2897
Izac,M,130,130,0
Izacc,M,5,5,0
Izack,M,39,39,0
Izael,M,617,617,0
Izaiah,M,12671,12671,0
Izaias,M,5,5,0
Izaih,M,10,10,0
Izaiha,M,5,5,0
Izaiyah,M,6,6,0
Izak,M,559,559,0
Izalia,F,5,0,5
Izamar,F,312,0,312
Izamary,F,5,0,5
Izan,M,827,827,0
Izara,F,5,0,5
Izaria,F,5,0,5
Izaya,M,179,179,0
Izayah,M,2527,2527,0
Izayiah,M,11,11,0
Izeah,M,77,77,0
Izek,M,86,86,0
Izekiel,M,49,49,0
Izel,F,923,62,861
Izela,F,7,0,7
Izell,M,46,46,0
Izella,F,15,0,15
Izellah,F,6,0,6
Izelle,F,5,0,5
Izen,M,7,7,0
Izetta,F,110,0,110
Izeyah,M,27,27,0
Izhaan,M,181,181,0
Iziah,M,278,278,0
Izick,M,18,18,0
Izik,M,114,114,0
Izmael,M,58,58,0
Izola,F,129,0,129
Izora,F,39,0,39
Izrael,M,456,456,0
Izreal,M,51,51,0
Izumi,F,11,0,11
Izyan,M,22,22,0
Izzabella,F,1186,0,1186
Izzabelle,F,5,0,5
Izzac,M,17,17,0
Izzah,F,18,0,18
Izzak,M,6,6,0
Izzie,F,10,0,10
Izzy,F,303,46,257
Ja,U,20,14,6
Jaala,F,5,0,5
Jaanai,F,5,0,5
Jaanvi,F,38,0,38
Jaasiel,M,139,139,0
Jaaziel,M,83,83,0
Jabar,M,28,28,0
Jabari,M,7577,7577,0
Jabarie,M,5,5,0
Jabbar,M,105,105,0
Jabez,M,282,282,0
Jabier,M,34,34,0
Jabin,M,12,12,0
Jabir,M,15,15,0
Jabraylen,M,6,6,0
Jabrea,F,5,0,5
Jabree,M,84,84,0
Jabria,F,271,0,271
Jabriel,M,92,92,0
Jabril,M,418,418,0
Jacai,M,5,5,0
Jacalyn,F,3008,0,3008
Jacara,F,43,0,43
Jacari,M,1525,1525,0
Jacarie,M,5,5,0
Jacarius,M,5,5,0
Jacarri,M,56,56,0
Jaccob,M,50,50,0
Jace,M,83307,83276,31
Jacee,F,422,0,422
Jaceion,M,110,110,0
Jacek,M,21,21,0
Jacelyn,F,862,0,862
Jacelynn,F,193,0,193
Jacen,M,836,836,0
Jaceon,M,614,614,0
Jacey,F,5439,12,5427
Jaceyon,M,174,174,0
Jachai,M,13,13,0
Jaci,F,2374,0,2374
Jacie,F,1951,0,1951
Jaciel,M,393,393,0
Jacieon,M,6,6,0
Jacinda,F,1428,0,1428
Jacinta,F,750,0,750
Jacinto,M,1631,1631,0
Jacion,M,99,99,0
Jack,M,722874,722371,503
Jackalyn,F,6,0,6
Jackee,F,33,0,33
Jackelin,F,663,0,663
Jackeline,F,4890,0,4890
Jackelyn,F,2274,0,2274
Jackelyne,F,159,0,159
Jackey,M,24,24,0
Jacki,F,1270,0,1270
Jackie,F,161717,74755,86962
Jacklin,F,57,0,57
Jackline,F,10,0,10
Jacklyn,F,12147,0,12147
Jacklynn,F,462,0,462
Jackqueline,F,167,0,167
Jackquline,F,5,0,5
Jacksen,M,10,10,0
Jackson,M,278413,278347,66
Jacky,M,3997,3916,81
Jaclyn,F,46282,10,46272
Jaclynn,F,771,0,771
Jacob,M,965377,964759,618
Jacobanthony,M,10,10,0
Jacobb,M,6,6,0
Jacobe,M,280,280,0
Jacobey,M,5,5,0
Jacobi,M,2164,2164,0
Jacobie,M,146,146,0
Jacobo,M,2062,2062,0
Jacoby,M,8847,8847,0
Jacolby,M,671,671,0
Jacolyn,F,5,0,5
Jacorey,M,1361,1361,0
Jacori,M,261,261,0
Jacoria,F,15,0,15
Jacorian,M,178,178,0
Jacory,M,437,437,0
Jacqlyn,F,50,0,50
Jacqualine,F,216,0,216
Jacqualyn,F,32,0,32
Jacquan,M,48,48,0
Jacque,F,2389,307,2082
Jacquees,M,10,10,0
Jacquel,F,123,0,123
Jacqueleen,F,7,0,7
Jacquelene,F,78,0,78
Jacqueli,F,157,0,157
Jacquelin,F,5218,0,5218
Jacquelina,F,37,0,37
Jacqueline,F,423371,235,423136
Jacquely,F,47,0,47
Jacquelyn,F,80980,0,80980
Jacquelyne,F,708,0,708
Jacquelynn,F,1715,0,1715
Jacquelynne,F,11,0,11
Jacques,M,5334,5329,5
Jacquese,F,5,0,5
Jacquetta,F,188,0,188
Jacquez,M,948,948,0
Jacqui,F,72,0,72
Jacquie,F,152,0,152
Jacquiline,F,12,0,12
Jacquilyn,F,6,0,6
Jacquita,F,12,0,12
Jacqulin,F,6,0,6
Jacquline,F,4519,0,4519
Jacqulyn,F,927,0,927
Jacy,F,1070,12,1058
Jad,M,2337,2337,0
Jada,F,64670,22,64648
Jadah,F,781,0,781
Jadakiss,M,9,9,0
Jadalee,F,12,0,12
Jadalyn,F,117,0,117
Jadalynn,F,112,0,112
Jadalys,F,5,0,5
Jadan,M,422,373,49
Jadarian,M,40,40,0
Jadarion,M,6,6,0
Jadarious,M,10,10,0
Jadarius,M,923,923,0
Jadarrius,M,91,91,0
Jadasia,F,5,0,5
Jadden,M,12,12,0
Jade,F,98518,2513,96005
Jadelyn,F,770,0,770
Jadelynn,F,285,0,285
Jaden,M,91058,78936,12122
Jadence,F,10,0,10
Jadesola,F,6,0,6
Jadey,F,5,0,5
Jadeyn,F,99,0,99
Jadie,F,23,0,23
Jadiel,M,4362,4362,0
Jadien,M,11,11,0
Jadin,M,694,615,79
Jadine,F,17,0,17
Jadira,F,36,0,36
Jadon,M,8589,8589,0
Jadore,F,426,0,426
Jadrian,M,74,74,0
Jadriel,M,26,26,0
Jadrien,M,16,16,0
Jadwiga,F,10,0,10
Jady,F,7,0,7
Jadyn,F,12749,2282,10467
Jadynn,F,66,0,66
Jadzia,F,48,0,48
Jae,M,345,268,77
Jaeceon,M,11,11,0
Jaeda,F,1326,0,1326
Jaedan,M,40,40,0
Jaeden,M,4005,3800,205
Jaedin,M,38,38,0
Jaedon,M,1023,1023,0
Jaedyn,F,2312,1005,1307
Jaedynn,F,5,0,5
Jaeger,M,74,74,0
Jael,F,4448,2066,2382
Jaela,F,1284,0,1284
Jaelah,F,199,0,199
Jaelani,F,140,0,140
Jaelee,F,21,0,21
Jaeleen,F,45,0,45
Jaeleigh,F,5,0,5
Jaelen,M,433,420,13
Jaelene,F,149,0,149
Jaeli,F,12,0,12
Jaeliana,F,42,0,42
Jaelin,U,483,363,120
Jaelle,F,83,0,83
Jaelon,M,126,126,0
Jaelyn,F,12828,365,12463
Jaelynn,F,7587,0,7587
Jaelynne,F,41,0,41
Jaequan,M,7,7,0
Jaeson,M,21,21,0
Jaevion,M,20,20,0
Jaevon,M,13,13,0
Jafar,M,24,24,0
Jafet,M,609,609,0
Jafeth,M,17,17,0
Jagdeep,M,8,8,0
Jager,M,34,34,0
Jagger,M,6120,6115,5
Jah,M,48,48,0
Jahaad,M,30,30,0
Jahaan,M,29,29,0
Jahad,M,95,95,0
Jahaida,F,10,0,10
Jahaira,F,815,0,815
Jahan,M,93,93,0
Jahari,M,703,703,0
Jahayra,F,32,0,32
Jahaziel,M,700,700,0
Jahdiel,M,242,242,0
Jaheem,M,565,565,0
Jaheim,M,3119,3119,0
Jahel,M,5,5,0
Jahfari,M,8,8,0
Jahi,M,80,80,0
Jahid,M,6,6,0
Jahiem,M,870,870,0
Jahir,M,1661,1661,0
Jahira,F,31,0,31
Jahiya,F,6,0,6
Jahkai,M,89,89,0
Jahkari,M,17,17,0
Jahkeem,M,24,24,0
Jahki,M,21,21,0
Jahking,M,11,11,0
Jahlani,F,67,21,46
Jahleel,M,356,356,0
Jahlil,M,1354,1354,0
Jahlisa,F,5,0,5
Jahliyah,F,15,0,15
Jahlon,M,5,5,0
Jahmal,M,219,219,0
Jahmani,M,11,11,0
Jahmar,M,78,78,0
Jahmari,M,504,504,0
Jahmarion,M,5,5,0
Jahmeek,M,34,34,0
Jahmeer,M,5,5,0
Jahmeir,M,41,41,0
Jahmel,M,208,208,0
Jahmere,M,210,210,0
Jahmez,M,5,5,0
Jahmiel,M,7,7,0
Jahmier,M,36,36,0
Jahmiere,M,5,5,0
Jahmil,M,5,5,0
Jahmir,M,2219,2219,0
Jahmire,M,5,5,0
Jahmya,F,12,0,12
Jahn,M,5,5,0
Jahna,F,10,0,10
Jahnae,F,22,0,22
Jahnasia,F,5,0,5
Jahnavi,F,35,0,35
Jahnay,F,18,0,18
Jahnia,F,17,0,17
Jahniya,F,142,0,142
Jahniyah,F,23,0,23
Jahnya,F,35,0,35
Jahnyah,F,5,0,5
Jahnyla,F,5,0,5
Jahquan,M,48,48,0
Jahquel,M,5,5,0
Jahquell,M,5,5,0
Jahquez,M,15,15,0
Jahred,M,11,11,0
Jahrel,M,6,6,0
Jahrell,M,6,6,0
Jahsai,M,10,10,0
Jahseh,M,371,371,0
Jahsiah,M,389,389,0
Jahsir,M,392,392,0
Jahson,M,10,10,0
Jahvon,M,82,82,0
Jahzara,F,970,0,970
Jahzaria,F,5,0,5
Jahziah,M,6,6,0
Jahziel,M,377,377,0
Jahzir,M,17,17,0
Jai,M,2873,2679,194
Jaia,F,46,0,46
Jaiah,F,5,0,5
Jaiana,F,11,0,11
Jaianna,F,5,0,5
Jaice,M,109,109,0
Jaicee,F,129,0,129
Jaiceon,M,270,270,0
Jaicob,M,5,5,0
Jaida,F,7977,0,7977
Jaidah,F,195,0,195
Jaidalyn,F,5,0,5
Jaidan,M,336,262,74
Jaide,F,342,0,342
Jaideep,M,11,11,0
Jaiden,M,38406,31372,7034
Jaidin,F,12,6,6
Jaidon,M,448,448,0
Jaidy,F,22,0,22
Jaidyn,F,6648,2203,4445
Jaidynn,F,11,0,11
Jaila,F,1456,0,1456
Jailah,F,221,0,221
Jailani,F,80,0,80
Jailee,F,90,0,90
Jaileen,F,430,0,430
Jaileigh,F,6,0,6
Jailen,M,385,385,0
Jailene,F,2376,0,2376
Jailenne,F,6,0,6
Jailia,F,5,0,5
Jailin,F,27,0,27
Jailine,F,196,0,196
Jailon,M,16,16,0
Jailyn,F,3574,121,3453
Jailyne,F,464,0,464
Jailynn,F,1067,0,1067
Jaima,F,5,0,5
Jaime,U,114367,67297,47070
Jaimee,F,2111,0,2111
Jaimeson,M,5,5,0
Jaimi,F,203,0,203
Jaimie,F,7180,132,7048
Jaimy,F,17,0,17
Jaina,F,658,0,658
Jaion,M,10,10,0
Jaionna,F,43,0,43
Jaiquan,M,32,32,0
Jair,M,5377,5377,0
Jaira,F,31,0,31
Jaire,M,365,365,0
Jairo,M,9237,9237,0
Jairon,M,20,20,0
Jairus,M,748,748,0
Jaisa,F,5,0,5
Jaise,M,5,5,0
Jaisley,F,24,0,24
Jaison,M,502,502,0
Jaiveer,M,44,44,0
Jaiven,M,46,46,0
Jaiveon,M,5,5,0
Jaiver,M,5,5,0
Jaivin,M,5,5,0
Jaivion,M,27,27,0
Jaivon,M,35,35,0
Jaivyn,M,6,6,0
Jaiya,F,54,0,54
Jaiyah,F,6,0,6
Jaiyana,F,129,0,129
Jaiyden,M,5,5,0
Jaja,M,5,5,0
Jajaira,F,10,0,10
Jajuan,M,941,941,0
Jak,M,5,5,0
Jakaden,M,55,55,0
Jakai,M,1992,1992,0
Jakaiden,M,91,91,0
Jakala,F,11,0,11
Jakara,F,18,0,18
Jakari,M,3244,3244,0
Jakaria,F,10,0,10
Jakarri,M,10,10,0
Jakavion,M,15,15,0
Jakaya,F,10,0,10
Jakayden,M,201,201,0
Jakayla,F,5717,0,5717
Jakaylah,F,5,0,5
Jake,M,121409,121391,18
Jakeb,M,192,192,0
Jakeem,M,186,186,0
Jakel,M,11,11,0
Jakelin,F,162,0,162
Jakeline,F,183,0,183
Jakelyn,F,60,0,60
Jakeob,M,14,14,0
Jakera,F,5,0,5
Jakeria,F,370,0,370
Jakerria,F,26,0,26
Jakevion,M,11,11,0
Jakevious,M,16,16,0
Jakhai,M,24,24,0
Jakhari,M,253,253,0
Jakhi,M,299,299,0
Jakhia,F,158,0,158
Jakia,F,261,0,261
Jakiah,F,20,0,20
Jakie,M,5,5,0
Jakim,M,5,5,0
Jakira,F,476,0,476
Jakiya,F,584,0,584
Jakiyah,F,648,0,648
Jakob,M,29700,29700,0
Jakobe,M,3469,3469,0
Jakobi,M,1112,1112,0
Jakobie,M,32,32,0
Jakoby,M,433,433,0
Jakori,M,73,73,0
Jakorian,M,11,11,0
Jakson,M,73,73,0
Jakub,M,1827,1827,0
Jakwon,M,43,43,0
Jakya,F,48,0,48
Jakye,M,5,5,0
Jakyla,F,345,0,345
Jakyra,F,373,0,373
Jakyren,M,5,5,0
Jakyri,M,12,12,0
Jakyria,F,5,0,5
Jakyrie,M,39,39,0
Jakyrin,M,6,6,0
Jakyron,M,5,5,0
Jala,F,1001,0,1001
Jalacia,F,10,0,10
Jalah,F,37,0,37
Jalaia,F,6,0,6
Jalaiah,F,5,0,5
Jalaine,F,5,0,5
Jalaiya,F,5,0,5
Jalal,M,19,19,0
Jalan,M,194,194,0
Jalana,F,6,0,6
Jalani,F,768,68,700
Jalaya,F,750,0,750
Jalayah,F,1179,0,1179
Jalayla,F,5,0,5
Jalayna,F,6,0,6
Jalaysia,F,87,0,87
Jalea,F,27,0,27
Jaleah,F,2411,0,2411
Jalecia,F,27,0,27
Jalee,F,16,0,16
Jaleel,M,3336,3336,0
Jaleen,U,72,49,23
Jaleesa,F,2296,5,2291
Jaleigh,F,144,0,144
Jaleigha,F,11,0,11
Jaleisa,F,5,0,5
Jalen,M,39098,38508,590
Jalena,F,116,0,116
Jalene,F,168,0,168
Jaleria,F,5,0,5
Jalesa,F,206,0,206
Jalesia,F,15,0,15
Jalessa,F,303,0,303
Jalexis,F,13,0,13
Jaley,F,28,0,28
Jaleya,F,10,0,10
Jaleyah,F,49,0,49
Jaleyza,F,5,0,5
Jalia,F,460,0,460
Jaliah,F,229,0,229
Jalicia,F,51,0,51
Jalie,F,11,0,11
Jalik,M,6,6,0
Jalil,M,1438,1438,0
Jalin,M,878,868,10
Jalina,F,50,0,50
Jalisa,F,4633,0,4633
Jalisha,F,93,0,93
Jalissa,F,2035,0,2035
Jaliya,F,67,0,67
Jaliyah,F,10574,0,10574
Jalon,M,1191,1191,0
Jaloni,F,43,0,43
Jalyn,F,4039,754,3285
Jalyne,F,5,0,5
Jalynn,F,3046,38,3008
Jalyric,F,5,0,5
Jalysa,F,5,0,5
Jalyssa,F,659,0,659
Jama,F,527,0,527
Jamaal,M,6565,6565,0
Jamaar,M,11,11,0
Jamahl,M,17,17,0
Jamaica,F,222,0,222
Jamail,M,72,72,0
Jamaine,M,228,228,0
Jamair,M,5,5,0
Jamal,M,30648,30642,6
Jamala,F,5,0,5
Jamale,M,5,5,0
Jamall,M,249,249,0
Jamani,M,5,5,0
Jamar,M,13897,13897,0
Jamara,F,66,0,66
Jamarco,M,5,5,0
Jamarcus,M,4554,4554,0
Jamare,M,15,15,0
Jamaree,M,93,93,0
Jamareon,M,5,5,0
Jamari,M,13145,13009,136
Jamaria,F,456,5,451
Jamariah,F,38,0,38
Jamarian,M,416,416,0
Jamarie,M,121,121,0
Jamario,M,492,492,0
Jamarion,M,6623,6623,0
Jamarious,M,188,188,0
Jamaris,M,31,31,0
Jamarius,M,931,931,0
Jamariya,F,12,0,12
Jamarkus,M,119,119,0
Jamarques,M,5,5,0
Jamarr,M,238,238,0
Jamarri,M,82,82,0
Jamarrion,M,45,45,0
Jamas,M,5,5,0
Jamaul,M,5,5,0
Jamauri,M,298,298,0
Jamaurie,M,5,5,0
Jamaury,M,10,10,0
Jamaya,F,1255,0,1255
Jamayah,F,6,0,6
Jame,M,979,979,0
Jamea,F,11,0,11
Jameca,F,5,0,5
Jamecia,F,255,0,255
Jamee,F,635,0,635
Jameek,M,22,22,0
Jameel,M,1360,1360,0
Jameela,F,45,0,45
Jameelah,F,261,0,261
Jameer,M,758,758,0
Jameika,F,11,0,11
Jameir,M,96,96,0
Jameis,M,20,20,0
Jameisha,F,40,0,40
Jameka,F,589,0,589
Jamel,M,9016,8986,30
Jamela,F,114,0,114
Jamelia,F,62,0,62
Jamell,M,599,599,0
Jamella,F,31,0,31
Jamelle,M,173,163,10
Jamera,F,10,0,10
Jamere,M,711,711,0
Jameria,F,392,0,392
Jamerson,M,6,6,0
James,M,5077981,5059617,18364
Jamese,F,42,0,42
Jamesen,M,5,5,0
Jamesetta,F,21,0,21
Jamesha,F,1237,0,1237
Jameshia,F,149,0,149
Jamesia,F,124,0,124
Jamesley,M,21,21,0
Jameson,M,53981,53782,199
Jamesryan,M,5,5,0
Jamey,M,4856,4128,728
Jamez,M,25,25,0
Jami,F,18790,28,18762
Jamia,F,2545,0,2545
Jamiah,F,1333,0,1333
Jamica,F,43,0,43
Jamichael,M,703,703,0
Jamicheal,M,15,15,0
Jamie,F,351950,84277,267673
Jamieann,F,5,0,5
Jamiel,M,21,21,0
Jamielee,F,60,0,60
Jamielyn,F,11,0,11
Jamielynn,F,10,0,10
Jamier,M,392,392,0
Jamiere,M,6,6,0
Jamieson,M,104,104,0
Jamika,F,346,0,346
Jamil,M,5228,5228,0
Jamila,F,5609,0,5609
Jamilah,F,882,0,882
Jamile,F,19,6,13
Jamilee,F,5,0,5
Jamilet,F,302,0,302
Jamileth,F,351,0,351
Jamilett,F,5,0,5
Jamilette,F,28,0,28
Jamilex,F,120,0,120
Jamilia,F,28,0,28
Jamill,M,5,5,0
Jamilla,F,136,0,136
Jamillah,F,283,0,283
Jamille,F,5,0,5
Jamilyn,F,10,0,10
Jamin,M,979,979,0
Jamine,F,21,0,21
Jamir,M,7073,7073,0
Jamira,F,192,0,192
Jamiracle,F,82,0,82
Jamirah,F,67,0,67
Jamire,M,12,12,0
Jamisen,M,5,5,0
Jamisha,F,106,0,106
Jamison,M,17718,17371,347
Jamisyn,F,6,0,6
Jamiya,F,2346,0,2346
Jamiyah,F,2758,0,2758
Jamiyl,M,15,15,0
Jamiyla,F,5,0,5
Jamiylah,F,5,0,5
Jammi,F,5,0,5
Jammie,F,2507,689,1818
Jammy,M,5,5,0
Jamon,M,907,907,0
Jamond,M,10,10,0
Jamone,M,5,5,0
Jamoni,M,22,22,0
Jamonica,F,15,0,15
Jamonte,M,57,57,0
Jamori,M,15,15,0
Jamorian,M,11,11,0
Jamorris,M,5,5,0
Jamy,F,43,21,22
Jamya,F,4671,0,4671
Jamyah,F,346,0,346
Jamye,F,68,0,68
Jamyia,F,160,0,160
Jamyiah,F,16,0,16
Jamyla,F,164,0,164
Jamylah,F,5,0,5
Jamyra,F,214,0,214
Jamyri,F,6,0,6
Jamyria,F,59,0,59
Jamyriah,F,5,0,5
Jamyrie,F,5,0,5
Jamyron,M,5,5,0
Jan,F,69354,17778,51576
Jana,F,42352,0,42352
Janaan,F,26,0,26
Janae,F,14969,6,14963
Janai,F,1345,0,1345
Janaia,F,5,0,5
Janaiya,F,81,0,81
Janalee,F,189,0,189
Janalyn,F,19,0,19
Janan,F,16,0,16
Janani,F,13,0,13
Janann,F,10,0,10
Janard,M,10,10,0
Janari,M,15,15,0
Janaria,F,34,0,34
Janasia,F,452,0,452
Janat,F,5,0,5
Janathan,M,16,16,0
Janautica,F,5,0,5
Janay,F,3984,0,3984
Janaya,F,2101,0,2101
Janayah,F,94,0,94
Janaye,F,121,0,121
Janayla,F,10,0,10
Jancarlo,M,265,265,0
Jancarlos,M,482,482,0
Jandel,M,51,51,0
Jandiel,M,5,5,0
Jane,F,363848,42,363806
Janea,F,445,0,445
Janeah,F,5,0,5
Janeal,F,11,0,11
Janean,F,179,0,179
Janecia,F,31,0,31
Janee,F,1354,6,1348
Janeece,F,6,0,6
Janeen,F,3850,0,3850
Janeil,F,5,0,5
Janeka,F,5,0,5
Janel,F,8590,0,8590
Janele,F,12,0,12
Janeli,F,87,0,87
Janelis,F,49,0,49
Janeliz,F,15,0,15
Janell,F,11456,0,11456
Janella,F,169,0,169
Janelle,F,52166,7,52159
Janelli,F,20,0,20
Janelly,F,1489,0,1489
Janely,F,1125,0,1125
Janelys,F,16,0,16
Janene,F,1519,0,1519
Janesa,F,6,0,6
Janese,F,11,0,11
Janesha,F,25,0,25
Janessa,F,11681,0,11681
Janet,F,551388,172,551216
Janete,F,5,0,5
Janeth,F,2771,0,2771
Janett,F,1215,0,1215
Janetta,F,587,0,587
Janette,F,26892,0,26892
Janetzy,F,5,0,5
Janey,F,1298,0,1298
Jani,F,134,0,134
Jania,F,1532,0,1532
Janiah,F,3377,0,3377
Janiaya,F,5,0,5
Janica,F,26,0,26
Janice,F,402842,26,402816
Janicia,F,6,0,6
Janie,F,64277,18,64259
Janiece,F,618,0,618
Janiel,M,401,390,11
Janielle,F,73,0,73
Janika,F,33,0,33
Janil,F,5,0,5
Janila,F,5,0,5
Janill,F,6,0,6
Janin,F,5,0,5
Janina,F,906,0,906
Janine,F,29723,0,29723
Janiqua,F,44,0,44
Janique,F,29,0,29
Janira,F,231,0,231
Janis,F,44979,0,44979
Janisa,F,5,0,5
Janise,F,277,0,277
Janisha,F,132,0,132
Janissa,F,38,0,38
Janita,F,121,0,121
Janith,F,34,0,34
Janitza,F,10,0,10
Janiya,F,9974,0,9974
Janiyah,F,12155,0,12155
Janiyla,F,54,0,54
Janiylah,F,18,0,18
Janki,F,41,0,41
Janmichael,M,35,35,0
Jann,F,780,0,780
Janna,F,11507,0,11507
Jannah,F,1042,0,1042
Jannat,F,697,0,697
Jannatul,F,104,0,104
Jannel,F,51,0,51
Jannell,F,23,0,23
Jannelle,F,234,0,234
Jannely,F,72,0,72
Jannessa,F,10,0,10
Jannet,F,1143,0,1143
Jannete,F,14,0,14
Janneth,F,176,0,176
Jannett,F,138,0,138
Jannette,F,2283,0,2283
Janney,F,640,0,640
Jannice,F,5,0,5
Jannie,F,10593,0,10593
Jannifer,F,35,0,35
Jannine,F,93,0,93
Jannis,F,11,0,11
Janny,F,75,0,75
Janoah,M,10,10,0
Janova,F,12,0,12
Jansel,M,6,6,0
Jansen,M,327,327,0
Janson,M,33,33,0
Janssen,M,7,7,0
Janthony,M,6,6,0
Jantzen,M,13,13,0
January,F,844,0,844
Januel,M,158,158,0
Janvi,F,39,0,39
Jany,F,5,0,5
Janya,F,1508,0,1508
Janyah,F,401,0,401
Janyce,F,374,0,374
Janyia,F,194,0,194
Janyiah,F,27,0,27
Janyla,F,1280,0,1280
Janylah,F,323,0,323
Janyll,F,13,0,13
Janyth,F,22,0,22
Jap,M,5,5,0
Japhet,M,5,5,0
Japheth,M,122,122,0
Japji,F,48,0,48
Japleen,F,12,0,12
Japonica,F,5,0,5
Jaquae,M,6,6,0
Jaqualin,M,6,6,0
Jaqualon,M,5,5,0
Jaqualyn,M,21,21,0
Jaquan,M,9062,9062,0
Jaquana,F,63,0,63
Jaquanna,F,6,0,6
Jaquante,M,5,5,0
Jaquarious,M,11,11,0
Jaquarius,M,339,339,0
Jaquasha,F,10,0,10
Jaquasia,F,10,0,10
Jaquavion,M,99,99,0
Jaquavious,M,502,502,0
Jaquavius,M,134,134,0
Jaquawn,M,6,6,0
Jaquay,U,32,22,10
Jaquel,M,26,26,0
Jaquelin,F,2633,0,2633
Jaqueline,F,12578,0,12578
Jaquelinne,F,14,0,14
Jaquell,M,5,5,0
Jaquelyn,F,1294,0,1294
Jaquelyne,F,30,0,30
Jaquelynn,F,5,0,5
Jaques,M,10,10,0
Jaquetta,F,54,0,54
Jaquez,M,1320,1320,0
Jaquil,M,33,33,0
Jaquill,M,5,5,0
Jaquille,M,11,11,0
Jaquis,M,5,5,0
Jaquisha,F,5,0,5
Jaquita,F,56,0,56
Jaquitta,F,5,0,5
Jaquon,M,112,112,0
Jaqwan,M,5,5,0
Jarad,M,548,548,0
Jardani,M,42,42,0
Jarden,M,5,5,0
Jared,M,202548,202491,57
Jarek,M,241,241,0
Jarel,M,122,122,0
Jareli,F,44,0,44
Jarell,M,1262,1262,0
Jarelly,F,16,0,16
Jarely,F,395,0,395
Jaren,M,2791,2791,0
Jaret,M,1142,1142,0
Jareth,M,596,596,0
Jarethzy,F,5,0,5
Jaretssi,F,88,0,88
Jarett,M,1370,1370,0
Jaretzi,F,67,0,67
Jaretzy,F,263,0,263
Jariah,F,429,0,429
Jarian,M,17,17,0
Jarid,M,227,227,0
Jariel,M,1397,1397,0
Jarif,M,15,15,0
Jarin,M,53,53,0
Jarious,M,9,9,0
Jaritsa,F,5,0,5
Jaritza,F,241,0,241
Jarius,M,613,613,0
Jariya,F,11,0,11
Jariyah,F,452,0,452
Jarmaine,M,14,14,0
Jarmal,M,6,6,0
Jarmall,M,5,5,0
Jarmarcus,M,18,18,0
Jarmel,M,6,6,0
Jarmila,F,5,0,5
Jarod,M,9299,9299,0
Jarold,M,10,10,0
Jarom,M,553,553,0
Jarome,M,5,5,0
Jaron,M,8465,8465,0
Jarquavious,M,18,18,0
Jarquez,M,62,62,0
Jarrad,M,470,470,0
Jarreau,M,5,5,0
Jarred,M,10824,10824,0
Jarrel,M,110,110,0
Jarrell,M,1567,1567,0
Jarren,M,541,541,0
Jarret,M,1328,1328,0
Jarrett,M,19139,19139,0
Jarrick,M,7,7,0
Jarrid,M,124,124,0
Jarrin,M,5,5,0
Jarrius,M,6,6,0
Jarrod,M,23039,23039,0
Jarron,M,235,235,0
Jarryd,M,114,114,0
Jartavious,M,5,5,0
Jarvin,M,5,5,0
Jarvis,M,13553,13553,0
Jaryd,M,93,93,0
Jaryn,M,5,5,0
Jasai,M,317,317,0
Jasalyn,F,5,0,5
Jasamine,F,10,0,10
Jasani,F,21,11,10
Jasaun,M,5,5,0
Jasdeep,U,73,56,17
Jase,M,21359,21359,0
Jasean,M,124,124,0
Jaselle,F,104,0,104
Jaselyn,F,10,0,10
Jasen,M,2207,2207,0
Jasey,F,27,0,27
Jasha,F,5,0,5
Jashan,M,41,41,0
Jashanti,F,34,0,34
Jashaun,M,358,358,0
Jashawn,M,1037,1037,0
Jasher,M,10,10,0
Jashon,M,125,125,0
Jashua,M,523,523,0
Jashun,M,25,25,0
Jasia,F,15,0,15
Jasiah,M,7277,7198,79
Jasibe,F,61,0,61
Jasie,F,5,0,5
Jasiel,M,1206,1206,0
Jasimine,F,12,0,12
Jasin,M,15,15,0
Jasinto,M,5,5,0
Jasir,M,1013,1013,0
Jasira,F,5,0,5
Jasiri,M,5,5,0
Jasiya,F,7,0,7
Jasiyah,F,103,12,91
Jaskaran,M,164,164,0
Jaskarn,M,14,14,0
Jaskiran,F,6,0,6
Jaskirat,F,11,6,5
Jasleen,F,1351,0,1351
Jaslene,F,2473,0,2473
Jaslin,F,107,0,107
Jasline,F,56,0,56
Jaslyn,F,2665,0,2665
Jaslyne,F,33,0,33
Jaslynn,F,892,0,892
Jaslynne,F,6,0,6
Jasma,F,49,0,49
Jasmaine,F,149,0,149
Jasman,F,5,0,5
Jasmarie,F,10,0,10
Jasmeen,F,190,0,190
Jasmeet,F,49,6,43
Jasmely,F,5,0,5
Jasmen,F,79,0,79
Jasmin,F,42767,151,42616
Jasmina,F,253,0,253
Jasmine,F,254762,454,254308
Jasminemarie,F,11,0,11
Jasminerose,F,10,0,10
Jasminne,F,21,0,21
Jasmyn,F,3948,0,3948
Jasmyne,F,2220,0,2220
Jasn,M,10,10,0
Jasneet,F,18,0,18
Jasnoor,F,33,0,33
Jason,M,1047714,1044264,3450
Jaspal,M,10,10,0
Jasper,M,50271,50161,110
Jaspreet,F,313,122,191
Jasraj,M,24,24,0
Jassen,M,10,10,0
Jassiah,M,21,21,0
Jassiel,M,254,254,0
Jassmin,F,63,0,63
Jassmine,F,56,0,56
Jasson,M,393,393,0
Jasun,M,5,5,0
Jaswinder,M,5,5,0
Jasyah,M,5,5,0
Jatana,F,5,0,5
Jatara,F,19,0,19
Jatasia,F,5,0,5
Jatavia,F,34,0,34
Jatavian,M,5,5,0
Jatavion,M,22,22,0
Jatavious,M,137,137,0
Jatavius,M,6,6,0
Jathan,M,374,374,0
Jatin,M,27,27,0
Jatinder,M,6,6,0
Jatniel,M,66,66,0
Jatoria,F,20,0,20
Jatoya,F,5,0,5
Jatziri,F,147,0,147
Jatziry,F,137,0,137
Jaun,M,51,51,0
Jaunita,F,4744,0,4744
Javaeh,F,5,0,5
Javan,M,1186,1186,0
Javante,M,87,87,0
Javar,M,22,22,0
Javares,M,12,12,0
Javari,M,318,318,0
Javaria,F,12,0,12
Javarion,M,16,16,0
Javarious,M,109,109,0
Javaris,M,940,940,0
Javarius,M,264,264,0
Javarus,M,16,16,0
Javaughn,M,96,96,0
Javeah,F,40,0,40
Javed,M,28,28,0
Javeion,M,5,5,0
Javel,M,5,5,0
Javen,M,1709,1709,0
Javeon,M,744,744,0
Javery,M,5,5,0
Javi,M,120,120,0
Javia,F,6,0,6
Javiah,F,5,0,5
Javian,M,1613,1613,0
Javid,M,21,21,0
Javiel,M,39,39,0
Javien,M,776,776,0
Javier,M,103192,103065,127
Javin,M,748,748,0
Javion,M,5555,5555,0
Javious,M,6,6,0
Javis,M,39,39,0
Javon,M,15504,15433,71
Javonda,F,23,0,23
Javone,M,15,15,0
Javoni,M,5,5,0
Javonna,F,27,0,27
Javonne,M,11,11,0
Javonni,M,15,15,0
Javonta,M,153,153,0
Javontae,M,494,494,0
Javonte,M,2440,2440,0
Javoris,M,115,115,0
Jawaan,M,15,15,0
Jawad,M,556,556,0
Jawan,M,391,391,0
Jawana,F,5,0,5
Jawann,M,12,12,0
Jawanna,F,10,0,10
Jawanza,M,10,10,0
Jawara,M,35,35,0
Jawaun,M,117,117,0
Jawon,M,101,101,0
Jawuan,M,75,75,0
Jax,M,22109,22103,6
Jaxen,M,4170,4170,0
Jaxiel,M,86,86,0
Jaxin,M,185,185,0
Jaxon,M,106119,106096,23
Jaxsen,M,752,752,0
Jaxson,M,63323,63323,0
Jaxston,M,207,207,0
Jaxsyn,M,204,204,0
Jaxten,M,32,32,0
Jaxtin,M,16,16,0
Jaxton,M,9431,9431,0
Jaxtyn,M,1426,1426,0
Jaxx,M,1832,1832,0
Jaxxon,M,2394,2394,0
Jaxxson,M,10,10,0
Jaxyn,M,348,342,6
Jay,M,189175,188895,280
Jaya,F,2008,0,2008
Jayah,F,71,0,71
Jayan,M,17,17,0
Jayana,F,275,0,275
Jayani,F,67,0,67
Jayanna,F,326,0,326
Jayanthony,M,8,8,0
Jayce,M,39887,39518,369
Jaycee,F,9102,308,8794
Jayceion,M,35,35,0
Jaycelynn,F,5,0,5
Jaycen,M,263,263,0
Jayceon,M,12083,12083,0
Jayci,F,485,0,485
Jaycie,F,1914,0,1914
Jaycion,M,350,350,0
Jayco,M,15,15,0
Jaycob,M,2678,2678,0
Jayda,F,19459,0,19459
Jaydah,F,508,0,508
Jaydaliz,F,11,0,11
Jaydalynn,F,5,0,5
Jaydan,M,1919,1899,20
Jayde,F,6220,5,6215
Jaydee,F,135,38,97
Jaydeen,U,32,22,10
Jayden,M,264243,243478,20765
Jaydenn,M,109,104,5
Jaydie,F,5,0,5
Jaydin,M,2243,1922,321
Jaydn,U,120,85,35
Jaydon,M,7555,7555,0
Jaydrian,M,10,10,0
Jaydy,F,28,0,28
Jaydyn,U,367,248,119
Jaye,F,548,5,543
Jayel,M,5,5,0
Jayelle,F,5,0,5
Jayen,M,11,11,0
Jayin,M,5,5,0
Jayjay,M,5,5,0
Jayke,M,21,21,0
Jayko,M,26,26,0
Jaykob,M,303,303,0
Jaykon,M,9,9,0
Jayla,F,43783,7,43776
Jaylah,F,9128,0,9128
Jaylan,M,3704,3551,153
Jayland,M,15,15,0
Jaylani,F,2163,0,2163
Jaylanie,F,243,0,243
Jaylanni,F,10,0,10
Jaylea,F,5,0,5
Jaylean,F,117,0,117
Jaylee,F,6636,0,6636
Jayleen,F,11186,10,11176
Jayleene,F,76,0,76
Jaylei,F,11,0,11
Jayleigh,F,470,0,470
Jaylen,M,41499,38055,3444
Jaylene,F,7527,0,7527
Jaylenn,F,23,0,23
Jaylenne,F,38,0,38
Jayli,F,39,0,39
Jayliah,F,10,0,10
Jayliana,F,146,0,146
Jaylie,F,217,0,217
Jaylin,F,16312,9045,7267
Jaylina,F,5,0,5
Jayline,F,488,0,488
Jaylinn,F,167,0,167
Jayln,M,10,10,0
Jaylon,M,8660,8642,18
Jaylun,M,5,5,0
Jaylyn,F,4481,690,3791
Jaylynn,F,7500,34,7466
Jaylynne,F,44,0,44
Jayma,F,5,0,5
Jaymar,M,15,15,0
Jayme,F,11293,1053,10240
Jaymee,F,701,0,701
Jaymere,M,16,16,0
Jaymes,M,561,561,0
Jaymeson,M,23,23,0
Jaymi,F,108,0,108
Jaymie,F,1085,0,1085
Jaymin,M,17,17,0
Jaymir,M,5,5,0
Jaymon,M,6,6,0
Jaymz,M,5,5,0
Jayna,F,2178,0,2178
Jaynae,F,5,0,5
Jayne,F,23706,0,23706
Jaynee,F,22,0,22
Jaynie,F,38,0,38
Jayon,M,191,191,0
Jayona,F,11,0,11
Jayonna,F,216,0,216
Jayquan,M,781,781,0
Jayr,M,7,7,0
Jayren,M,201,201,0
Jayro,M,200,200,0
Jayron,M,11,11,0
Jayse,M,877,877,0
Jaysean,M,81,81,0
Jaysen,M,1078,1078,0
Jaysha,F,5,0,5
Jayshaun,M,46,46,0
Jayshawn,M,644,644,0
Jayshon,M,11,11,0
Jaysiah,M,10,10,0
Jayson,M,32060,32060,0
Jaythan,M,336,336,0
Jaythian,M,5,5,0
Jayton,M,348,348,0
Jayven,M,795,795,0
Jayveon,M,409,409,0
Jayvian,M,576,576,0
Jayvien,M,247,247,0
Jayvier,M,5,5,0
Jayvin,M,172,172,0
Jayvion,M,2418,2418,0
Jayvon,M,2223,2223,0
Jayvyn,M,120,120,0
Jayzen,M,37,37,0
Jayziel,M,5,5,0
Jazaiyah,F,54,0,54
Jazalyn,F,28,0,28
Jazara,F,5,0,5
Jazaria,F,90,0,90
Jazariah,F,57,0,57
Jazariyah,F,5,0,5
Jazbel,F,5,0,5
Jaze,M,5,5,0
Jazel,F,173,0,173
Jazell,F,44,0,44
Jazelle,F,1799,0,1799
Jazhiel,M,11,11,0
Jaziah,U,650,443,207
Jaziel,M,4986,4986,0
Jazion,M,12,12,0
Jazir,M,5,5,0
Jazira,F,19,0,19
Jaziya,F,33,0,33
Jaziyah,F,360,0,360
Jazleen,F,778,0,778
Jazlene,F,992,0,992
Jazlin,F,387,0,387
Jazline,F,36,0,36
Jazlyn,F,14939,0,14939
Jazlyne,F,135,0,135
Jazlynn,F,6133,0,6133
Jazlynne,F,73,0,73
Jazma,F,10,0,10
Jazman,F,6,0,6
Jazmarie,F,10,0,10
Jazmeen,F,10,0,10
Jazmen,F,193,0,193
Jazmene,F,5,0,5
Jazmin,F,41943,79,41864
Jazmine,F,36301,14,36287
Jazmon,F,6,0,6
Jazmyn,F,7292,0,7292
Jazmyne,F,3560,0,3560
Jazmynn,F,48,0,48
Jazsmin,F,7,0,7
Jazsmine,F,5,0,5
Jazz,F,139,78,61
Jazzalyn,F,11,0,11
Jazzel,F,6,0,6
Jazzelle,F,85,0,85
Jazziel,M,10,10,0
Jazzleen,F,5,0,5
Jazzlene,F,24,0,24
Jazzlin,F,14,0,14
Jazzlyn,F,2268,0,2268
Jazzlynn,F,550,0,550
Jazzman,F,5,0,5
Jazzmen,F,32,0,32
Jazzmin,F,951,0,951
Jazzmine,F,1120,0,1120
Jazzmyn,F,193,0,193
Jazzmyne,F,5,0,5
Jazzy,F,5,0,5
Jb,M,5,5,0
Jc,M,323,323,0
Jceon,M,19,19,0
Jd,M,98,98,0
Jden,M,18,18,0
Jdyn,M,7,7,0
Jean,F,464708,18489,446219
Jeana,F,4111,0,4111
Jeanae,F,5,0,5
Jeanann,F,24,0,24
Jeananne,F,10,0,10
Jeancarlo,M,384,384,0
Jeancarlos,M,703,703,0
Jeanclaude,M,23,23,0
Jeane,F,1374,0,1374
Jeaneen,F,41,0,41
Jeanell,F,48,0,48
Jeanelle,F,480,0,480
Jeanene,F,425,0,425
Jeanet,F,5,0,5
Jeaneth,F,5,0,5
Jeanett,F,92,0,92
Jeanetta,F,1776,0,1776
Jeanette,F,155391,36,155355
Jeani,F,11,0,11
Jeanice,F,33,0,33
Jeanie,F,12451,0,12451
Jeanine,F,19940,0,19940
Jeanluc,M,195,195,0
Jeanmarie,F,1263,0,1263
Jeanna,F,5412,0,5412
Jeanne,F,158405,0,158405
Jeannemarie,F,34,0,34
Jeannene,F,6,0,6
Jeannett,F,16,0,16
Jeannetta,F,16,0,16
Jeannette,F,61290,0,61290
Jeanni,F,5,0,5
Jeannie,F,31750,0,31750
Jeannine,F,20640,0,20640
Jeanny,F,11,0,11
Jeanpaul,M,575,575,0
Jeanpierre,M,313,313,0
Jearl,M,40,40,0
Jearld,M,6,6,0
Jearldine,F,11,0,11
Jearlean,F,11,0,11
Jearlene,F,7,0,7
Jearline,F,15,0,15
Jeb,M,420,420,0
Jebediah,M,10,10,0
Jed,M,4345,4345,0
Jedadiah,M,6,6,0
Jedaiah,M,5,5,0
Jedd,M,26,26,0
Jedediah,M,1208,1208,0
Jedi,M,25,25,0
Jediah,M,105,105,0
Jedidiah,M,5824,5824,0
Jedrek,M,6,6,0
Jeena,F,5,0,5
Jeevan,M,123,123,0
Jef,M,10,10,0
Jeferson,M,39,39,0
Jeff,M,114619,114619,0
Jefferey,M,1499,1499,0
Jefferson,M,17365,17365,0
Jeffery,M,228015,227912,103
Jeffie,F,244,25,219
Jeffory,M,94,94,0
Jeffren,M,14,14,0
Jeffrey,M,978387,977009,1378
Jeffrie,M,25,25,0
Jeffry,M,11765,11765,0
Jefrey,M,41,41,0
Jefte,M,10,10,0
Jehan,F,8,0,8
Jehilyn,F,228,0,228
Jehlani,F,18,0,18
Jehu,M,158,158,0
Jeidy,F,31,0,31
Jeilani,F,13,0,13
Jeily,F,6,0,6
Jeilyn,F,49,0,49
Jeimy,F,251,0,251
Jeison,M,21,21,0
Jelani,M,2867,2691,176
Jelena,F,426,0,426
Jelisa,F,511,0,511
Jelissa,F,224,0,224
Jema,F,5,0,5
Jemaine,M,6,6,0
Jemal,M,311,311,0
Jemar,M,6,6,0
Jemarcus,M,22,22,0
Jemel,M,193,193,0
Jemima,F,299,0,299
Jemimah,F,46,0,46
Jemma,F,5982,0,5982
Jen,M,12,12,0
Jena,F,9497,0,9497
Jenae,F,1216,0,1216
Jenafer,F,5,0,5
Jenah,F,5,0,5
Jenai,F,55,0,55
Jenaiah,F,17,0,17
Jenalee,F,11,0,11
Jenalyn,F,5,0,5
Jenan,F,11,0,11
Jenard,M,6,6,0
Jenaro,M,96,96,0
Jenascia,F,25,0,25
Jenasis,F,21,0,21
Jenavee,F,19,0,19
Jenaveve,F,5,0,5
Jenavie,F,52,0,52
Jenavieve,F,249,0,249
Jenay,F,128,0,128
Jenaya,F,88,0,88
Jencarlo,M,35,35,0
Jencarlos,M,647,647,0
Jency,F,10,5,5
Jene,F,211,0,211
Jenea,F,97,0,97
Jeneal,F,6,0,6
Jenean,F,31,0,31
Jeneane,F,6,0,6
Jenee,F,607,0,607
Jeneen,F,251,0,251
Jenefer,F,10,0,10
Jeneffer,F,6,0,6
Jenel,F,29,0,29
Jenell,F,679,0,679
Jenelle,F,4081,0,4081
Jenene,F,31,0,31
Jenesis,F,3833,28,3805
Jenessa,F,1386,0,1386
Jenessy,F,5,0,5
Jenesys,F,6,0,6
Jenette,F,285,0,285
Jeneva,F,22,0,22
Jenevie,F,28,0,28
Jenevieve,F,553,0,553
Jeni,F,736,0,736
Jenia,F,5,0,5
Jeniah,F,76,0,76
Jenica,F,454,0,454
Jenice,F,262,0,262
Jenicka,F,147,0,147
Jenie,F,11,0,11
Jeniece,F,25,0,25
Jeniel,M,11,11,0
Jenifer,F,22150,0,22150
Jeniffer,F,2075,0,2075
Jenika,F,82,0,82
Jenilee,F,275,0,275
Jenille,F,5,0,5
Jenin,F,29,0,29
Jenine,F,839,0,839
Jenipher,F,5,0,5
Jenise,F,792,0,792
Jenisha,F,11,0,11
Jenisis,F,10,0,10
Jenisse,F,5,0,5
Jenita,F,5,0,5
Jeniya,F,16,0,16
Jeniyah,F,60,0,60
Jenkins,M,11,11,0
Jenna,F,145653,28,145625
Jennae,F,28,0,28
Jennafer,F,201,0,201
Jennah,F,1403,0,1403
Jennalee,F,11,0,11
Jennalyn,F,60,0,60
Jennavecia,F,58,0,58
Jennavie,F,38,0,38
Jennavieve,F,19,0,19
Jenne,F,29,0,29
Jennefer,F,450,0,450
Jennel,F,10,0,10
Jennell,F,95,0,95
Jennelle,F,204,0,204
Jenner,M,62,62,0
Jennessa,F,60,0,60
Jennessy,F,10,0,10
Jennett,F,5,0,5
Jennetta,F,5,0,5
Jennette,F,653,0,653
Jenney,F,15,0,15
Jennfier,F,6,0,6
Jenni,F,2580,0,2580
Jennica,F,407,0,407
Jennie,F,90870,0,90870
Jenniefer,F,10,0,10
Jennier,F,5,0,5
Jennife,F,20,0,20
Jennifer,F,1472272,2873,1469399
Jenniferann,F,5,0,5
Jenniffer,F,1242,0,1242
Jennifier,F,25,0,25
Jennika,F,18,0,18
Jennilee,F,77,0,77
Jennilyn,F,32,0,32
Jennine,F,381,0,381
Jennings,M,1721,1716,5
Jennipher,F,53,0,53
Jenny,F,87002,22,86980
Jennyfer,F,831,0,831
Jens,M,340,340,0
Jensen,M,14368,13210,1158
Jensine,F,45,0,45
Jenson,M,1216,1216,0
Jensy,M,5,5,0
Jensyn,F,88,16,72
Jentri,F,45,0,45
Jentry,F,294,12,282
Jeny,F,11,0,11
Jenyfer,F,16,0,16
Jeoffrey,M,5,5,0
Jeovani,M,38,38,0
Jeovanni,M,90,90,0
Jeovanny,M,121,121,0
Jeovany,M,127,127,0
Jephthe,M,5,5,0
Jequan,M,11,11,0
Jera,F,10,0,10
Jerad,M,2058,2058,0
Jeral,M,5,5,0
Jerald,M,21477,21477,0
Jeraldin,F,10,0,10
Jeraldine,F,1430,0,1430
Jeralyn,F,60,0,60
Jerame,M,47,47,0
Jeramey,M,17,17,0
Jerami,M,5,5,0
Jeramiah,M,2437,2437,0
Jeramie,M,1573,1573,0
Jeramy,M,2451,2451,0
Jeramyah,M,10,10,0
Jerard,M,50,50,0
Jerardo,M,879,879,0
Jerauld,M,5,5,0
Jere,M,1834,1738,96
Jered,M,1660,1660,0
Jeree,F,45,0,45
Jerel,M,1231,1231,0
Jerelene,F,17,0,17
Jerell,M,332,332,0
Jerelle,M,10,10,0
Jerelyn,F,37,0,37
Jeremaih,M,15,15,0
Jereme,M,727,727,0
Jeremey,M,1493,1493,0
Jeremi,M,215,215,0
Jeremia,M,7,7,0
Jeremiah,M,214026,214000,26
Jeremias,M,2940,2940,0
Jeremie,M,2126,2126,0
Jeremih,M,584,584,0
Jeremiyah,M,5,5,0
Jeremy,M,442964,442112,852
Jeremyah,M,191,191,0
Jeren,M,10,10,0
Jerene,F,5,0,5
Jeri,F,18958,0,18958
Jeriah,M,610,605,5
Jeric,M,85,85,0
Jerica,F,2101,0,2101
Jericca,F,5,0,5
Jericha,F,5,0,5
Jericho,M,3112,3112,0
Jerick,M,101,101,0
Jericka,F,11,0,11
Jerico,M,68,68,0
Jerid,M,68,68,0
Jeriel,M,305,305,0
Jerika,F,273,0,273
Jeriko,M,5,5,0
Jerilyn,F,2451,0,2451
Jerilynn,F,228,0,228
Jerimiah,M,2401,2401,0
Jerimy,M,59,59,0
Jerimyah,M,10,10,0
Jerin,M,19,19,0
Jeris,M,5,5,0
Jeriyah,F,16,0,16
Jerlean,F,147,0,147
Jerlene,F,147,0,147
Jerline,F,278,0,278
Jerlyn,F,5,0,5
Jermain,M,683,683,0
Jermaine,M,40279,40100,179
Jermal,M,60,60,0
Jerman,M,77,77,0
Jermane,M,40,40,0
Jermani,F,210,0,210
Jermarcus,M,35,35,0
Jermari,M,5,5,0
Jermarion,M,20,20,0
Jermayne,M,5,5,0
Jermeka,F,5,0,5
Jermel,M,289,289,0
Jermell,M,38,38,0
Jermery,M,5,5,0
Jermey,M,1041,1041,0
Jermia,F,5,0,5
Jermiah,M,1155,1150,5
Jermichael,M,32,32,0
Jermicheal,M,5,5,0
Jermie,M,10,10,0
Jermiyah,F,5,0,5
Jermon,M,5,5,0
Jermy,M,56,56,0
Jermya,F,23,0,23
Jerod,M,3694,3694,0
Jerold,M,3793,3793,0
Jerolyn,F,21,0,21
Jerome,M,155681,155676,5
Jeromey,M,11,11,0
Jeromie,M,36,36,0
Jeromy,M,2699,2699,0
Jeron,M,381,381,0
Jerone,M,49,49,0
Jeronimo,M,1117,1117,0
Jerra,F,5,0,5
Jerrad,M,406,406,0
Jerrald,M,5,5,0
Jerre,F,116,35,81
Jerred,M,242,242,0
Jerrel,M,470,470,0
Jerrell,M,4012,4012,0
Jerren,M,5,5,0
Jerret,M,15,15,0
Jerrett,M,100,100,0
Jerri,F,12465,0,12465
Jerrica,F,2884,0,2884
Jerrick,M,437,437,0
Jerrid,M,60,60,0
Jerrie,F,2603,0,2603
Jerrika,F,43,0,43
Jerrilyn,F,201,0,201
Jerrilynn,F,10,0,10
Jerrin,M,10,10,0
Jerrod,M,6823,6823,0
Jerrol,M,5,5,0
Jerrold,M,4847,4847,0
Jerron,M,182,182,0
Jerry,M,622593,608772,13821
Jerrye,F,6,0,6
Jersei,F,12,0,12
Jersen,M,5,5,0
Jersey,F,2526,53,2473
Jersi,F,34,0,34
Jersie,F,23,0,23
Jerson,M,457,457,0
Jerusalem,F,15,0,15
Jerusha,F,60,0,60
Jeryl,F,345,0,345
Jerzi,F,62,0,62
Jerzie,F,25,0,25
Jesaiah,M,11,11,0
Jesalyn,F,10,0,10
Jese,M,38,38,0
Jeselle,F,26,0,26
Jesenia,F,3504,0,3504
Jeshua,M,1117,1117,0
Jesi,F,12,0,12
Jesiah,M,2746,2455,291
Jesica,F,2684,0,2684
Jesika,F,293,0,293
Jeslin,F,5,0,5
Jeslyn,F,484,0,484
Jeslynn,F,25,0,25
Jesper,M,5,5,0
Jess,M,16261,16256,5
Jessa,F,3792,0,3792
Jessabelle,F,11,0,11
Jessalyn,F,1353,0,1353
Jessalynn,F,80,0,80
Jessamyn,F,45,0,45
Jesscia,F,62,0,62
Jesse,M,418444,410906,7538
Jesseca,F,332,0,332
Jessee,M,204,204,0
Jessejames,M,145,145,0
Jessel,F,22,0,22
Jesselle,F,41,0,41
Jesselyn,F,31,0,31
Jessenia,F,4041,0,4041
Jessey,M,70,70,0
Jessi,F,4046,433,3613
Jessia,F,66,0,66
Jessiah,M,1039,1027,12
Jessic,F,10,0,10
Jessica,F,1049053,2107,1046946
Jessicaann,F,21,0,21
Jessicamae,F,7,0,7
Jessicamarie,F,24,0,24
Jessicca,F,52,0,52
Jessicia,F,11,0,11
Jessie,F,232023,99905,132118
Jessika,F,3840,0,3840
Jessilyn,F,25,0,25
Jesslyn,F,838,0,838
Jesslynn,F,95,0,95
Jessy,M,2586,2063,523
Jessyca,F,314,0,314
Jessye,F,10,0,10
Jessyka,F,38,0,38
Jestin,M,101,101,0
Jestina,F,5,0,5
Jestine,F,203,0,203
Jesu,M,16,16,0
Jesua,M,5,5,0
Jesucita,F,5,0,5
Jesus,M,238223,236517,1706
Jesusa,F,1554,0,1554
Jesusalberto,M,7,7,0
Jesusantonio,M,10,10,0
Jesusita,F,917,0,917
Jesusjr,M,10,10,0
Jesusmanuel,M,5,5,0
Jesyka,F,5,0,5
Jet,M,1631,1631,0
Jetaun,F,24,0,24
Jeter,M,257,257,0
Jethro,M,1248,1248,0
Jetson,M,183,183,0
Jett,M,20674,20590,84
Jetta,F,41,0,41
Jettie,F,1408,0,1408
Jettson,M,325,325,0
Jetzabel,F,5,0,5
Jeudy,M,5,5,0
Jeury,M,34,34,0
Jevan,M,18,18,0
Jevaughn,M,12,12,0
Jevin,M,77,77,0
Jevon,M,2615,2615,0
Jevonte,M,23,23,0
Jewel,F,36012,2844,33168
Jewelene,F,49,0,49
Jewelia,F,42,0,42
Jeweliana,F,5,0,5
Jeweline,F,17,0,17
Jewelisa,F,5,0,5
Jewelissa,F,10,0,10
Jewell,F,24228,2289,21939
Jewels,F,318,0,318
Jewelyssa,F,5,0,5
Jewelz,F,10,0,10
Jex,M,6,6,0
Jeycob,M,10,10,0
Jeyden,M,225,225,0
Jeyder,M,6,6,0
Jeyla,F,34,0,34
Jeylah,F,5,0,5
Jeylen,F,5,0,5
Jeylin,F,36,0,36
Jeyren,M,21,21,0
Jeyson,M,64,64,0
Jezabel,F,196,0,196
Jezabelle,F,10,0,10
Jezebel,F,297,0,297
Jezebelle,F,5,0,5
Jezel,F,10,0,10
Jezelle,F,67,0,67
Jeziah,M,140,140,0
Jeziel,M,89,89,0
Jezlyn,F,6,0,6
Jezreel,M,101,95,6
Jezzel,F,5,0,5
Jguadalupe,M,10,10,0
Jhacari,M,34,34,0
Jhace,M,5,5,0
Jhade,F,5,0,5
Jhai,M,6,6,0
Jhamari,M,7,7,0
Jhan,M,12,12,0
Jhane,F,33,0,33
Jhanvi,F,7,0,7
Jharline,F,5,0,5
Jhase,M,59,59,0
Jhay,M,5,5,0
Jhayden,M,8,8,0
Jhene,F,896,0,896
Jhersi,F,8,0,8
Jhett,M,501,501,0
Jhoan,M,96,96,0
Jhoana,F,171,0,171
Jhoanna,F,42,0,42
Jhon,M,706,706,0
Jhonatan,M,421,421,0
Jhonathan,M,191,191,0
Jhonny,M,587,587,0
Jhony,M,6,6,0
Jhoselyn,F,16,0,16
Jhovana,F,5,0,5
Jhovani,M,19,19,0
Jhovanny,M,33,33,0
Jhovany,M,122,122,0
Jhream,F,16,0,16
Ji,F,26,0,26
Jia,F,981,112,869
Jian,M,128,128,0
Jiana,F,395,0,395
Jianna,F,2607,0,2607
Jianni,U,59,42,17
Jiaqi,F,10,0,10
Jiayi,F,19,8,11
Jiayue,F,5,0,5
Jibran,M,16,16,0
Jibreel,M,227,227,0
Jibri,M,5,5,0
Jibril,M,269,269,0
Jidenna,M,133,133,0
Jie,M,5,5,0
Jigar,M,5,5,0
Jihaad,M,10,10,0
Jihad,M,933,933,0
Jihan,F,92,0,92
Jil,F,32,0,32
Jilberto,M,16,16,0
Jiles,M,5,5,0
Jilian,F,62,0,62
Jill,F,205385,17,205368
Jillaine,F,5,0,5
Jillane,F,5,0,5
Jillayne,F,5,0,5
Jillene,F,26,0,26
Jillian,F,81271,14,81257
Jilliana,F,5,0,5
Jilliane,F,5,0,5
Jilliann,F,5,0,5
Jillianna,F,5,0,5
Jillianne,F,27,0,27
Jillyn,F,7,0,7
Jim,M,140741,140690,51
Jimari,M,5,5,0
Jimena,F,14892,0,14892
Jimi,M,175,170,5
Jimin,F,6,0,6
Jimmey,M,22,22,0
Jimmie,M,125412,106406,19006
Jimmy,M,285322,284888,434
Jimmye,F,75,0,75
Jimmylee,M,11,11,0
Jimson,M,5,5,0
Jin,M,402,382,20
Jina,F,348,0,348
Jind,F,23,0,23
Jinelle,F,10,0,10
Jing,F,33,0,33
Jinger,F,6,0,6
Jinna,F,5,0,5
Jinnie,F,14,0,14
Jinny,F,32,0,32
Jinora,F,50,0,50
Jinx,F,5,0,5
Jionni,M,839,839,0
Jiovani,M,141,141,0
Jiovanni,M,1338,1338,0
Jiovanny,M,102,102,0
Jiraiya,M,1192,1192,0
Jireh,U,874,591,283
Jiren,M,73,73,0
Jiro,M,122,122,0
Jisel,F,86,0,86
Jisela,F,88,0,88
Jisell,F,5,0,5
Jiselle,F,1480,0,1480
Jishnu,M,5,5,0
Jissel,F,132,0,132
Jissell,F,6,0,6
Jisselle,F,137,0,137
Jitsuo,M,24,24,0
Jiya,F,1265,0,1265
Jiyaan,M,12,12,0
Jiyah,F,10,0,10
Jiyan,M,13,13,0
Jiyana,F,5,0,5
Jizel,F,22,0,22
Jizelle,F,522,0,522
Jj,M,49,49,0
Jjesus,M,74,74,0
Jkwon,M,49,49,0
Jleigh,F,5,0,5
Jlyn,F,12,0,12
Jlynn,F,188,0,188
Jmarion,M,10,10,0
Jnaya,F,17,0,17
Jniya,F,10,0,10
Jniyah,F,10,0,10
Jnya,F,5,0,5
Jo,F,175558,101,175457
Joab,M,189,189,0
Joachim,M,37,37,0
Joah,M,200,200,0
Joahan,M,79,79,0
Joakim,M,10,10,0
Joan,F,480624,4331,476293
Joana,F,5442,0,5442
Joanann,F,12,0,12
Joandra,F,10,0,10
Joane,F,78,0,78
Joangel,M,89,89,0
Joani,F,10,0,10
Joanie,F,2308,0,2308
Joanmarie,F,34,0,34
Joann,F,153153,5,153148
Joanna,F,105092,66,105026
Joannamarie,F,6,0,6
Joanne,F,208318,18,208300
Joannie,F,157,0,157
Joanny,F,5,0,5
Joanthan,M,113,113,0
Joanthony,M,39,39,0
Joao,M,1095,1095,0
Joaolucas,M,6,6,0
Joaopedro,M,39,39,0
Joaovictor,M,51,51,0
Joaquim,M,150,150,0
Joaquin,M,30671,30671,0
Joaquina,F,52,0,52
Joas,M,10,10,0
Joash,M,6,6,0
Job,M,992,992,0
Jobani,M,21,21,0
Jobanny,M,5,5,0
Jobany,M,41,41,0
Jobe,M,50,50,0
Jobie,M,6,6,0
Jobin,M,6,6,0
Jobina,F,23,0,23
Jobita,F,5,0,5
Joby,M,33,33,0
Jocabed,F,27,0,27
Jocelin,F,1419,0,1419
Joceline,F,983,0,983
Jocell,F,11,0,11
Jocely,F,5,0,5
Jocelyn,F,107747,56,107691
Jocelyne,F,2941,0,2941
Jocelynn,F,4544,0,4544
Jocelynne,F,121,0,121
Jochebed,F,5,0,5
Jocilyn,F,5,0,5
Jock,M,82,82,0
Joclyn,F,20,0,20
Jocob,M,20,20,0
Jocqui,M,5,5,0
Jocsan,M,10,10,0
Jodean,F,6,0,6
Jodeci,U,126,75,51
Jodee,F,943,0,943
Jodeen,F,23,0,23
Jodell,F,184,0,184
Jodelle,F,37,0,37
Jodene,F,183,0,183
Jodette,F,5,0,5
Jodi,F,77162,20,77142
Jodie,F,24400,946,23454
Jodine,F,30,0,30
Jody,F,80991,28085,52906
Joe,M,433239,425107,8132
Joeangel,M,284,284,0
Joeann,F,26,0,26
Joeanthony,M,144,144,0
Joei,F,16,0,16
Joel,M,273607,273102,505
Joelene,F,80,0,80
Joelie,F,5,0,5
Joell,F,557,319,238
Joella,F,565,0,565
Joelle,F,12136,16,12120
Joellen,F,2663,0,2663
Joellyn,F,141,0,141
Joely,F,447,0,447
Joelyn,F,11,0,11
Joelynn,F,6,0,6
Joemichael,M,10,10,0
Joenathan,M,5,5,0
Joeray,M,6,6,0
Joeseph,M,236,236,0
Joesiah,M,111,111,0
Joesph,M,9868,9868,0
Joetta,F,1301,0,1301
Joette,F,561,0,561
Joey,M,53033,49436,3597
Joeziah,M,16,16,0
Joffre,M,11,11,0
Joh,M,12,12,0
Johan,M,11680,11680,0
Johana,F,5006,0,5006
Johandry,M,6,6,0
Johann,M,2544,2485,59
Johanna,F,44797,10,44787
Johannah,F,445,0,445
Johanne,F,218,0,218
Johannes,M,388,388,0
Johanny,F,45,0,45
Johansel,M,10,10,0
Johathan,M,613,613,0
John,M,4926703,4911037,15666
Johna,F,346,0,346
Johnae,F,80,0,80
Johnanna,F,5,0,5
Johnanthony,M,104,104,0
Johnatan,M,225,225,0
Johnatha,M,31,31,0
Johnathan,M,94559,94554,5
Johnathen,M,184,184,0
Johnatho,M,12,12,0
Johnathon,M,22853,22848,5
Johnaton,M,6,6,0
Johnattan,M,15,15,0
Johnavon,M,5,5,0
Johnbenedict,M,8,8,0
Johncarlo,M,68,68,0
Johncarlos,M,123,123,0
Johnchristopher,M,5,5,0
Johnda,F,56,0,56
Johndavid,M,160,160,0
Johneisha,F,10,0,10
Johnell,M,162,162,0
Johnelle,F,11,0,11
Johnesha,F,11,0,11
Johnetta,F,629,0,629
Johnette,F,284,0,284
Johney,M,165,165,0
Johnie,M,19352,15842,3510
Johnisha,F,109,0,109
Johnita,F,11,0,11
Johnjoseph,M,18,18,0
Johnluke,M,134,134,0
Johnmark,M,16,16,0
Johnmichael,M,699,699,0
Johnna,F,6165,0,6165
Johnnathan,M,5,5,0
Johnney,M,40,40,0
Johnnie,U,136462,93430,43032
Johnny,M,313974,312644,1330
Johnnye,F,251,5,246
Johnpatrick,M,40,40,0
Johnpaul,M,3278,3278,0
Johnrobert,M,8,8,0
Johnsie,F,893,0,893
Johnson,M,2564,2564,0
Johnta,M,5,5,0
Johntae,M,6,6,0
Johntavious,M,38,38,0
Johnthan,M,26,26,0
Johny,M,890,890,0
Johnye,F,14,0,14
Johsua,M,5,5,0
Joi,F,3300,0,3300
Joia,F,11,0,11
Joie,F,620,0,620
Jojo,F,18,0,18
Jolanda,F,100,0,100
Jolee,F,1331,0,1331
Joleen,F,3478,0,3478
Joleena,F,5,0,5
Joleigh,F,153,0,153
Jolena,F,35,0,35
Jolene,F,30855,0,30855
Jolett,F,7,0,7
Jolette,F,385,0,385
Joley,F,5,0,5
Joli,F,58,0,58
Jolie,F,10481,0,10481
Jolin,F,131,0,131
Jolina,F,204,0,204
Jolinda,F,53,0,53
Joline,F,388,0,388
Jolisa,F,73,0,73
Jolissa,F,21,0,21
Jolyn,F,189,0,189
Jolyne,F,29,0,29
Jolynn,F,1442,0,1442
Jomaira,F,13,0,13
Jomar,M,944,944,0
Jomari,M,17,17,0
Jomarie,F,19,0,19
Jomayra,F,16,0,16
Jometh,M,10,10,0
Jomo,M,52,52,0
Jon,M,165321,165235,86
Jona,F,138,24,114
Jonae,F,133,0,133
Jonael,M,360,360,0
Jonah,M,76378,76340,38
Jonahtan,M,6,6,0
Jonan,M,6,6,0
Jonanthony,M,5,5,0
Jonas,M,22103,22103,0
Jonatan,M,2285,2285,0
Jonatha,M,39,39,0
Jonathan,M,862157,860454,1703
Jonathanjoseph,M,6,6,0
Jonathen,M,264,264,0
Jonathon,M,62347,62332,15
Jonavan,M,16,16,0
Jonaven,M,8,8,0
Jonavon,M,10,10,0
Joncarlo,M,12,12,0
Joncarlos,M,13,13,0
Jonda,F,88,0,88
Jondarius,M,5,5,0
Jone,F,7,0,7
Jonee,F,5,0,5
Jonel,M,17,17,0
Jonell,F,567,5,562
Jonelle,F,963,0,963
Jonerik,M,51,51,0
Jones,M,1924,1924,0
Jonesha,F,5,0,5
Jonetta,F,15,0,15
Jonette,F,123,0,123
Jong,M,5,5,0
Jonh,M,5,5,0
Jonhatan,M,5,5,0
Joni,F,25253,16,25237
Jonibek,M,5,5,0
Jonie,F,104,0,104
Joniel,M,275,275,0
Jonier,F,6,0,6
Jonique,F,20,0,20
Jonisha,F,27,0,27
Jonita,F,22,0,22
Jonmichael,M,320,320,0
Jonna,F,2020,0,2020
Jonnathan,M,350,350,0
Jonni,F,51,0,51
Jonnie,F,3463,946,2517
Jonny,M,794,794,0
Jonothan,M,21,21,0
Jonovan,M,11,11,0
Jonpaul,M,421,421,0
Jonquil,F,5,0,5
Jontae,M,25,25,0
Jontavious,M,148,148,0
Jontavius,M,28,28,0
Jonte,M,174,168,6
Jonthan,M,120,120,0
Jontrell,M,5,5,0
Jony,M,5,5,0
Jonylah,F,5,0,5
Jood,F,21,0,21
Joon,M,32,32,0
Jophy,M,8,8,0
Joplin,F,10,0,10
Jorah,M,21,21,0
Jorawar,M,21,21,0
Jordain,F,5,0,5
Jordan,U,524864,391465,133399
Jordana,F,1673,0,1673
Jordann,F,125,0,125
Jordanna,F,30,0,30
Jordanne,F,49,0,49
Jordany,M,113,113,0
Jorden,M,5463,4697,766
Jordi,M,2072,2072,0
Jordie,F,5,0,5
Jordin,F,3617,968,2649
Jordis,F,43,0,43
Jordon,M,11471,10987,484
Jordy,M,4549,4537,12
Jordyn,F,63512,4017,59495
Jordynn,F,3369,0,3369
Jorel,M,220,220,0
Jorell,M,29,29,0
Jorene,F,5,0,5
Joretta,F,316,0,316
Jorge,M,135075,134786,289
Jorgeluis,M,157,157,0
Jorgen,M,10,10,0
Jorgina,F,5,0,5
Jori,F,525,0,525
Jorie,F,376,0,376
Joriel,M,20,20,0
Jorja,F,1205,0,1205
Jorje,M,603,603,0
Jorley,F,16,0,16
Jorman,M,10,10,0
Jory,M,900,869,31
Jos,M,6,6,0
Josabet,F,40,0,40
Josabeth,F,36,0,36
Josafat,M,75,75,0
Josaiah,M,47,47,0
Josaline,F,5,0,5
Josalyn,F,491,0,491
Josalynn,F,66,0,66
Josanne,F,5,0,5
Joscelin,F,25,0,25
Joscelyn,F,603,0,603
Jose,M,581120,578375,2745
Josealberto,M,66,66,0
Josealfredo,M,27,27,0
Joseandres,M,5,5,0
Joseangel,M,716,716,0
Joseantonio,M,361,361,0
Josearmando,M,24,24,0
Josecarlos,M,58,58,0
Josedaniel,M,16,16,0
Josede,M,32,32,0
Josedejesus,M,352,352,0
Joseeduardo,M,5,5,0
Joseenrique,M,5,5,0
Josef,M,5121,5121,0
Josefa,F,2442,0,2442
Josefina,F,10896,10,10886
Josefine,F,94,0,94
Josefita,F,97,0,97
Joseguadalupe,M,34,34,0
Joseh,M,6,6,0
Josejesus,M,7,7,0
Josejr,M,5,5,0
Josejuan,M,53,53,0
Josejulian,M,31,31,0
Joselin,F,2868,0,2868
Joseline,F,2521,0,2521
Joselinne,F,16,0,16
Joselito,M,192,192,0
Joselle,F,5,0,5
Joseluis,M,3065,3065,0
Joselyn,F,15502,0,15502
Joselyne,F,571,0,571
Joselynn,F,459,0,459
Josemanuel,M,663,663,0
Josemaria,M,324,324,0
Josemiguel,M,124,124,0
Joseph,M,2569755,2564135,5620
Josephanthony,M,5,5,0
Josephin,F,5,0,5
Josephina,F,1350,0,1350
Josephine,F,281924,65,281859
Josephmichael,M,10,10,0
Josephus,M,123,123,0
Josephyne,F,5,0,5
Joseramon,M,5,5,0
Joseth,M,5,5,0
Josette,F,3365,0,3365
Josey,F,897,30,867
Josgar,M,5,5,0
Josh,M,11697,11697,0
Josha,M,22,22,0
Joshawa,M,6,6,0
Joshlyn,F,129,0,129
Joshlynn,F,33,0,33
Joshua,M,1238300,1235287,3013
Joshuah,M,898,898,0
Joshuajames,M,5,5,0
Joshuajohn,M,5,5,0
Joshuamichael,M,5,5,0
Joshuan,M,5,5,0
Joshuaray,M,5,5,0
Joshue,M,305,305,0
Joshus,M,5,5,0
Joshwa,M,5,5,0
Josi,F,5,0,5
Josiah,M,134924,134919,5
Josian,M,11,11,0
Josiane,F,14,0,14
Josias,M,1781,1781,0
Josie,F,58939,10,58929
Josiel,M,77,77,0
Josiephine,F,183,0,183
Josilyn,F,144,0,144
Josip,M,5,5,0
Josiyah,M,150,150,0
Josje,M,5,5,0
Joslin,F,155,0,155
Joslyn,F,7810,0,7810
Joslynn,F,1450,0,1450
Josmar,M,146,146,0
Josniel,M,5,5,0
Jospeh,M,251,251,0
Josph,M,5,5,0
Josphine,F,5,0,5
Joss,M,30,30,0
Jossalyn,F,19,0,19
Josselin,F,212,0,212
Josseline,F,190,0,190
Josselyn,F,1872,0,1872
Josselyne,F,20,0,20
Jossette,F,5,0,5
Jossiah,M,15,15,0
Jossie,F,386,0,386
Josslyn,F,860,0,860
Josslynn,F,12,0,12
Jossue,M,257,257,0
Josten,M,5,5,0
Jostin,M,112,112,0
Josua,M,69,69,0
Josue,M,54000,53965,35
Josuha,M,5,5,0
Josyah,M,34,34,0
Jotham,M,50,50,0
Joua,F,7,0,7
Joud,F,64,36,28
Jourdan,F,1490,506,984
Jourdyn,F,67,0,67
Journee,F,14573,0,14573
Journei,F,1327,0,1327
Journey,F,18486,598,17888
Journi,F,3376,0,3376
Journie,F,1397,0,1397
Journiee,F,11,0,11
Journii,F,172,0,172
Joury,F,11,0,11
Jousha,M,34,34,0
Jovan,M,8086,7734,352
Jovana,F,1047,0,1047
Jovanda,F,5,0,5
Jovani,M,5508,5503,5
Jovanie,M,39,39,0
Jovanna,F,1750,0,1750
Jovanni,M,5035,5035,0
Jovannie,M,24,24,0
Jovanny,M,3563,3563,0
Jovante,M,56,56,0
Jovany,M,3340,3340,0
Jovaughn,M,6,6,0
Joven,M,11,11,0
Jovi,F,869,89,780
Jovian,M,59,59,0
Jovie,F,2892,0,2892
Jovin,M,11,11,0
Jovita,F,1820,0,1820
Jovon,M,1093,1080,13
Jovonna,F,11,0,11
Jovonni,M,5,5,0
Jovonte,M,10,10,0
Jowell,M,360,360,0
Joy,F,136100,363,135737
Joya,F,157,0,157
Joyanna,F,32,0,32
Joyanne,F,9,0,9
Joyce,F,505506,610,504896
Joyceann,F,5,0,5
Joycelin,F,11,0,11
Joycelyn,F,3120,0,3120
Joycelynn,F,15,0,15
Joycie,F,94,0,94
Joye,F,757,0,757
Joyel,F,41,0,41
Joyell,F,10,0,10
Joyelle,F,53,0,53
Joylyn,F,5,0,5
Jozef,M,175,175,0
Jozelyn,F,14,0,14
Jozette,F,21,0,21
Joziah,M,3844,3844,0
Jozie,F,144,0,144
Jozlin,F,5,0,5
Jozlyn,F,302,0,302
Jozlynn,F,102,0,102
Jquan,M,43,43,0
Jr,M,355,355,0
Jrake,M,5,5,0
Jream,F,1167,74,1093
Jru,M,323,312,11
Jrue,M,825,774,51
Jsean,M,5,5,0
Jshaun,M,5,5,0
Jshawn,M,5,5,0
Json,M,16,16,0
Jt,M,6,6,0
Juan,M,357225,355773,1452
Juana,F,14151,18,14133
Juanalberto,M,6,6,0
Juanangel,M,24,24,0
Juanantonio,M,171,171,0
Juancarlos,M,2670,2670,0
Juanda,F,32,0,32
Juandaniel,M,39,39,0
Juandavid,M,20,20,0
Juandedios,M,17,17,0
Juandiego,M,243,243,0
Juanell,F,93,0,93
Juanelle,F,22,0,22
Juanfrancisco,M,6,6,0
Juanice,F,93,0,93
Juanisha,F,7,0,7
Juanita,F,198637,174,198463
Juanito,M,139,139,0
Juanjose,M,491,491,0
Juanjr,M,5,5,0
Juanluis,M,122,122,0
Juanmanuel,M,400,400,0
Juanmiguel,M,47,47,0
Juanpablo,M,1267,1267,0
Juanramon,M,5,5,0
Juany,F,5,0,5
Juaquin,M,483,483,0
Juaquina,F,17,0,17
Jubal,M,15,15,0
Jubilee,F,1920,0,1920
Jud,M,5,5,0
Juda,M,31,31,0
Judah,M,29569,29479,90
Judas,M,111,111,0
Judd,M,1599,1599,0
Juddson,M,7,7,0
Jude,M,47833,46725,1108
Judea,F,5,0,5
Judee,F,52,0,52
Judeen,F,6,0,6
Judge,M,1130,1130,0
Judi,F,7702,0,7702
Judianne,F,5,0,5
Judie,F,3246,0,3246
Judieth,F,28,0,28
Judit,F,178,0,178
Judith,F,449660,298,449362
Judithann,F,10,0,10
Judson,M,7329,7329,0
Judy,F,378736,85,378651
Judyann,F,24,0,24
Judyth,F,159,0,159
Juel,M,100,80,20
Juelz,M,3130,3130,0
Juhi,F,15,0,15
Jujhar,M,10,10,0
Jujuan,M,33,33,0
Julaine,F,97,0,97
Julane,F,5,0,5
Jule,F,488,80,408
Julee,F,607,0,607
Juleen,F,5,0,5
Julen,M,61,61,0
Julene,F,206,0,206
Jules,M,5686,5001,685
Julez,M,5,5,0
Juli,F,3751,0,3751
Julia,F,431719,216,431503
Juliah,F,7,0,7
Julian,M,245688,244943,745
Juliana,F,60435,6,60429
Juliane,F,514,0,514
Juliani,M,10,10,0
Juliann,F,3762,0,3762
Julianna,F,46598,0,46598
Juliannah,F,5,0,5
Julianne,F,25402,0,25402
Julianny,F,14,0,14
Juliano,M,156,156,0
Julie,F,507238,220,507018
Julieana,F,101,0,101
Julieann,F,965,0,965
Julieanna,F,390,0,390
Julieanne,F,347,0,347
Julien,M,10114,10114,0
Juliene,F,5,0,5
Julienne,F,460,0,460
Juliet,F,30073,0,30073
Julieta,F,8038,0,8038
Julieth,F,545,0,545
Juliett,F,304,0,304
Julietta,F,1114,0,1114
Juliette,F,30827,0,30827
Julina,F,23,0,23
Julio,M,59459,59365,94
Juliocesar,M,163,163,0
Julious,M,269,269,0
Julisa,F,2848,0,2848
Julissa,F,23797,0,23797
Julita,F,6,0,6
Julitza,F,17,0,17
Julius,M,73991,73991,0
Juliya,F,10,0,10
Juliza,F,151,0,151
Julizza,F,6,0,6
Jullian,M,1375,1178,197
Julliana,F,46,0,46
Jullianna,F,7,0,7
Jullie,F,6,0,6
Jullien,M,18,18,0
Jullisa,F,5,0,5
Jully,F,5,0,5
Juluis,M,54,54,0
July,F,71,11,60
Julya,F,5,0,5
Julyan,M,44,44,0
Julyana,F,28,0,28
Julyanna,F,11,0,11
Julysa,F,5,0,5
Julyssa,F,457,0,457
Juman,F,5,0,5
Jumana,F,43,0,43
Jun,M,442,442,0
Juna,F,96,0,96
Junaid,M,29,29,0
June,F,196593,857,195736
Jung,F,70,5,65
Juni,F,34,0,34
Junia,F,170,0,170
Junice,F,11,0,11
Junichi,M,15,15,0
Junie,F,148,6,142
Juniel,M,10,10,0
Junior,M,37470,37465,5
Junious,M,571,571,0
Juniper,F,15773,19,15754
Junita,F,102,0,102
Junius,M,2839,2839,0
Junko,F,16,0,16
Juno,F,629,39,590
Jupiter,F,511,113,398
Jurea,F,6,0,6
Jurell,F,5,0,5
Jurgen,M,19,19,0
Juri,F,6,0,6
Jurnee,F,3037,0,3037
Jurni,F,11,0,11
Jurnie,F,6,0,6
Jury,F,22,0,22
Jushua,M,5,5,0
Jusiah,M,22,22,0
Jusitn,M,20,20,0
Justeen,F,14,0,14
Justen,M,1812,1812,0
Justene,F,12,0,12
Justice,F,34416,17327,17089
Justilia,F,5,0,5
Justin,M,785727,783665,2062
Justina,F,7413,0,7413
Justine,F,33449,1011,32438
Justinkyle,M,6,6,0
Justinmichael,M,10,10,0
Justino,M,201,201,0
Justinray,M,5,5,0
Justis,M,292,282,10
Justo,M,711,711,0
Juston,M,700,700,0
Justus,M,5708,5664,44
Justyce,F,955,29,926
Justyn,M,2259,2259,0
Justyna,F,104,0,104
Justyne,F,50,0,50
Juvenal,M,614,614,0
Juvencio,M,23,23,0
Juvens,M,16,16,0
Juventino,M,950,950,0
Juvia,F,42,0,42
Juwan,M,2600,2600,0
Juwon,M,21,21,0
Jvon,M,10,10,0
Jyaire,M,60,60,0
Jyl,F,28,0,28
Jylan,M,5,5,0
Jymir,M,10,10,0
Jyoti,F,5,0,5
Jyren,M,12,12,0
Jyrin,M,5,5,0
Jyron,M,12,12,0
Ka,F,512,5,507
Kaaliyah,F,11,0,11
Kaan,M,220,220,0
Kaaren,F,287,0,287
Kaarin,F,5,0,5
Kaavya,F,87,0,87
Kabao,F,6,0,6
Kabeer,M,10,10,0
Kabir,M,2138,2138,0
Kabrina,F,54,0,54
Kace,M,1745,1745,0
Kacee,F,476,0,476
Kacelyn,F,16,0,16
Kacelynn,F,17,0,17
Kacen,M,638,638,0
Kacey,F,9507,1003,8504
Kache,M,11,11,0
Kachina,F,5,0,5
Kaci,F,7151,0,7151
Kacia,F,5,0,5
Kacie,F,9986,0,9986
Kacper,M,829,829,0
Kacy,F,2474,37,2437
Kadan,M,10,10,0
Kadance,F,198,0,198
Kadarius,M,508,508,0
Kadarrius,M,11,11,0
Kadasia,F,5,0,5
Kade,M,19777,19777,0
Kadedra,F,78,0,78
Kadee,F,63,0,63
Kadeejah,F,5,0,5
Kadeem,M,1770,1770,0
Kadeen,M,11,11,0
Kadeesha,F,7,0,7
Kadeidra,F,25,0,25
Kadeja,F,37,0,37
Kadejah,F,150,0,150
Kaden,M,66878,66601,277
Kadence,F,10874,493,10381
Kadesha,F,128,0,128
Kadeshia,F,25,0,25
Kadesia,F,10,0,10
Kadi,F,52,0,52
Kadiatou,F,262,0,262
Kadidia,F,5,0,5
Kadie,F,745,0,745
Kadija,F,60,0,60
Kadijah,F,889,0,889
Kadijatou,F,8,0,8
Kadin,M,3583,3583,0
Kadince,F,10,0,10
Kadir,M,56,56,0
Kadisha,F,36,0,36
Kadon,M,63,63,0
Kadrian,M,34,34,0
Kady,F,878,0,878
Kadyn,M,2315,1871,444
Kadynce,F,187,0,187
Kae,F,5,0,5
Kaedan,M,8,8,0
Kaedance,F,5,0,5
Kaede,F,8,0,8
Kaeden,M,3582,3582,0
Kaedence,F,59,0,59
Kaedin,M,21,21,0
Kaedon,M,46,46,0
Kaedyn,M,518,418,100
Kaedynce,F,10,0,10
Kaegan,F,47,21,26
Kael,M,2102,2102,0
Kaela,F,4462,0,4462
Kaelah,F,62,0,62
Kaelan,M,293,288,5
Kaelani,F,449,0,449
Kaeleb,M,35,35,0
Kaelee,F,116,0,116
Kaeleigh,F,155,0,155
Kaelen,M,58,58,0
Kaeley,F,102,0,102
Kaeli,F,1114,0,1114
Kaelie,F,45,0,45
Kaelin,F,1283,138,1145
Kaelly,F,6,0,6
Kaelon,M,14,14,0
Kaely,F,288,0,288
Kaelyn,F,13496,0,13496
Kaelynn,F,3123,0,3123
Kaelynne,F,5,0,5
Kaemon,M,18,18,0
Kaena,U,33,21,12
Kaenan,M,5,5,0
Kaeo,M,178,178,0
Kaeson,M,220,220,0
Kaesyn,M,11,11,0
Kaetlyn,F,27,0,27
Kafi,F,10,0,10
Kagan,M,25,25,0
Kage,M,258,258,0
Kagen,M,25,25,0
Kahaan,M,5,5,0
Kahari,M,249,249,0
Kahealani,F,204,0,204
Kaheem,M,49,49,0
Kahekili,M,15,15,0
Kahiau,M,133,133,0
Kahla,F,101,0,101
Kahlan,F,416,0,416
Kahlani,F,1171,0,1171
Kahlen,F,13,0,13
Kahli,F,5,0,5
Kahlia,F,187,0,187
Kahlil,M,2367,2367,0
Kahmani,M,5,5,0
Kahmari,M,15,15,0
Kahne,F,10,5,5
Kahseem,M,5,5,0
Kai,M,65729,59873,5856
Kaia,F,15840,0,15840
Kaiah,F,204,0,204
Kaian,M,5,5,0
Kaicen,M,15,15,0
Kaida,F,44,0,44
Kaidan,M,173,173,0
Kaidance,F,11,0,11
Kaiden,M,49255,48694,561
Kaidence,F,2300,49,2251
Kaidon,M,47,47,0
Kaidyn,M,1798,1412,386
Kaidynce,F,16,0,16
Kaiea,M,37,37,0
Kaiel,M,10,10,0
Kaige,M,10,10,0
Kaihan,M,5,5,0
Kaija,F,71,0,71
Kaikane,M,7,7,0
Kaikea,M,28,28,0
Kaikoa,M,56,56,0
Kail,M,5,5,0
Kaila,F,12288,0,12288
Kailah,F,887,0,887
Kailan,F,53,29,24
Kailana,F,56,0,56
Kailani,F,9287,0,9287
Kailanie,F,15,0,15
Kailany,F,660,0,660
Kailash,M,77,77,0
Kaile,F,94,0,94
Kailea,F,268,0,268
Kaileah,F,27,0,27
Kaileb,M,53,53,0
Kailee,F,10969,0,10969
Kaileen,F,150,0,150
Kailei,F,42,0,42
Kaileia,F,5,0,5
Kaileigh,F,856,0,856
Kailen,U,137,84,53
Kailene,F,5,0,5
Kailer,M,81,81,0
Kailey,F,25462,7,25455
Kaili,F,1082,0,1082
Kailia,F,6,0,6
Kailie,F,223,0,223
Kailin,F,114,0,114
Kailo,M,150,150,0
Kailoh,M,5,5,0
Kailon,M,5,5,0
Kaily,F,1135,0,1135
Kailyn,F,12298,0,12298
Kailynn,F,2865,0,2865
Kaimalu,M,5,5,0
Kaimana,M,659,638,21
Kaimi,M,10,10,0
Kaimipono,M,11,11,0
Kaimir,M,7,7,0
Kain,M,1678,1678,0
Kaina,F,55,0,55
Kainalu,M,460,460,0
Kainan,M,77,77,0
Kainani,F,5,0,5
Kainat,F,5,0,5
Kaine,M,1493,1493,0
Kainen,M,200,200,0
Kainoa,M,1741,1730,11
Kainoah,M,13,13,0
Kaio,M,55,55,0
Kaior,F,40,0,40
Kaipo,M,287,287,0
Kaira,F,1395,0,1395
Kairav,M,67,67,0
Kaire,M,5,5,0
Kairee,M,31,31,0
Kairen,M,5,5,0
Kairi,F,4700,48,4652
Kairo,M,7506,7461,45
Kairos,M,139,139,0
Kais,M,30,30,0
Kaisa,F,21,0,21
Kaisei,M,5,5,0
Kaisen,M,1243,1243,0
Kaiser,M,2047,2047,0
Kaisha,F,72,0,72
Kaislee,F,93,0,93
Kaisleigh,F,16,0,16
Kaisley,F,1760,0,1760
Kaislyn,F,25,0,25
Kaislynn,F,5,0,5
Kaison,M,5009,5009,0
Kaisyn,M,197,192,5
Kaithlyn,F,51,0,51
Kaitlan,F,278,0,278
Kaitlen,F,55,0,55
Kaitlin,F,55944,6,55938
Kaitlyn,F,165141,25,165116
Kaitlyne,F,12,0,12
Kaitlynn,F,14750,5,14745
Kaitlynne,F,131,0,131
Kaito,M,491,491,0
Kaity,F,146,0,146
Kaiulani,F,107,0,107
Kaius,M,833,833,0
Kaiya,F,6366,0,6366
Kaiyah,F,220,0,220
Kaiyan,M,16,16,0
Kaiyr,M,10,10,0
Kaiyzen,M,15,15,0
Kaizen,M,975,975,0
Kaizer,M,435,435,0
Kaizlee,F,26,0,26
Kaizley,F,26,0,26
Kaizyn,M,12,12,0
Kaj,M,26,26,0
Kaja,F,13,0,13
Kajal,F,63,0,63
Kajuan,M,28,28,0
Kajuana,F,5,0,5
Kal,M,124,124,0
Kala,F,5300,0,5300
Kalab,M,7,7,0
Kaladin,M,197,197,0
Kalah,F,63,0,63
Kalai,M,91,91,0
Kalan,M,114,114,0
Kalani,F,8192,1126,7066
Kalanie,F,5,0,5
Kalanii,F,5,0,5
Kalaya,F,372,0,372
Kalayah,F,406,0,406
Kalaysia,F,6,0,6
Kalden,M,5,5,0
Kale,M,4873,4873,0
Kalea,F,2423,0,2423
Kaleah,F,2554,0,2554
Kaleb,M,83067,83056,11
Kaled,M,31,31,0
Kalee,F,1754,0,1754
Kaleel,M,12,12,0
Kaleem,M,24,24,0
Kaleen,F,42,0,42
Kaleena,F,771,0,771
Kaleesi,F,16,0,16
Kalei,F,615,40,575
Kaleia,F,274,0,274
Kaleiah,F,5,0,5
Kaleigh,F,14466,0,14466
Kaleigha,F,126,0,126
Kalel,M,2739,2739,0
Kalem,M,39,39,0
Kalen,M,2158,1967,191
Kalena,F,893,0,893
Kalene,F,192,0,192
Kaleo,M,1007,1007,0
Kalep,M,5,5,0
Kalet,M,21,21,0
Kaleth,M,95,95,0
Kalev,M,5,5,0
Kaley,F,11510,0,11510
Kaleya,F,5,0,5
Kaleyah,F,15,0,15
Kali,F,28461,68,28393
Kalia,F,3328,0,3328
Kaliah,F,1068,0,1068
Kaliana,F,118,0,118
Kalianna,F,10,0,10
Kalib,M,328,328,0
Kalie,F,3254,0,3254
Kalief,M,15,15,0
Kalif,M,45,45,0
Kalifa,F,6,0,6
Kalil,M,299,299,0
Kalila,F,193,0,193
Kalilah,F,57,0,57
Kalima,F,16,0,16
Kalimah,F,5,0,5
Kalin,F,651,375,276
Kalina,F,2046,0,2046
Kaliq,M,5,5,0
Kalisa,F,5,0,5
Kalise,F,85,0,85
Kalisha,F,171,0,171
Kalissa,F,208,0,208
Kalista,F,906,0,906
Kalix,M,16,16,0
Kaliya,F,124,0,124
Kaliyah,F,10356,0,10356
Kaliyanei,F,5,0,5
Kallan,M,46,46,0
Kalle,F,6,0,6
Kallee,F,31,0,31
Kalleigh,F,55,0,55
Kallen,M,1072,1067,5
Kalley,F,168,0,168
Kalli,F,2478,0,2478
Kallie,F,9579,0,9579
Kalliope,F,296,0,296
Kalliopi,F,28,0,28
Kallista,F,129,0,129
Kalliyan,F,5,0,5
Kallum,M,89,89,0
Kally,F,98,0,98
Kallyn,F,11,0,11
Kalman,M,400,400,0
Kalmen,M,62,62,0
Kalob,M,395,395,0
Kalon,M,79,79,0
Kaloni,F,117,0,117
Kalub,M,78,78,0
Kalum,M,10,10,0
Kalvin,M,2973,2973,0
Kaly,F,15,0,15
Kalyan,M,6,6,0
Kalyani,F,11,0,11
Kalyn,F,5210,5,5205
Kalynn,F,1584,0,1584
Kalynne,F,5,0,5
Kalyse,F,5,0,5
Kalyssa,F,165,0,165
Kalysta,F,117,0,117
Kam,M,143,112,31
Kama,F,28,0,28
Kamaal,M,11,11,0
Kamaehu,M,24,24,0
Kamahao,M,40,40,0
Kamaile,F,77,0,77
Kamaiyah,F,56,0,56
Kamakana,M,10,10,0
Kamakani,M,10,10,0
Kamal,M,1226,1226,0
Kamala,F,177,0,177
Kamalani,F,168,5,163
Kamalei,F,72,18,54
Kamani,F,376,69,307
Kamar,M,518,518,0
Kamara,F,441,0,441
Kamare,M,10,10,0
Kamaree,M,5,5,0
Kamareon,M,5,5,0
Kamari,U,14117,9843,4274
Kamaria,F,1265,0,1265
Kamariah,F,15,0,15
Kamarie,F,5,0,5
Kamarion,M,1671,1671,0
Kamarri,M,10,10,0
Kamau,M,90,90,0
Kamauri,M,229,208,21
Kamaya,F,697,0,697
Kamazi,M,6,6,0
Kamber,F,30,0,30
Kamberlyn,F,5,0,5
Kambra,F,5,0,5
Kambree,F,751,0,751
Kambrey,F,5,0,5
Kambri,F,367,0,367
Kambria,F,375,0,375
Kambrie,F,270,0,270
Kambry,F,107,0,107
Kamden,M,10618,10578,40
Kamdon,M,32,32,0
Kamdyn,U,3348,2524,824
Kamea,F,236,0,236
Kameelah,F,47,0,47
Kameisha,F,5,0,5
Kameka,F,11,0,11
Kameko,F,24,0,24
Kamel,M,99,99,0
Kamela,F,41,0,41
Kamelia,F,17,0,17
Kamen,M,5,5,0
Kameran,M,16,16,0
Kameren,M,22,22,0
Kameria,F,6,0,6
Kameron,M,38152,35781,2371
Kameryn,F,763,54,709
Kamesha,F,232,0,232
Kameshia,F,13,0,13
Kami,F,5313,0,5313
Kamia,F,387,0,387
Kamiah,F,603,0,603
Kamie,F,103,0,103
Kamika,F,20,0,20
Kamil,M,1027,1022,5
Kamila,F,16832,0,16832
Kamilah,F,4070,0,4070
Kamile,F,5,0,5
Kamilia,F,5,0,5
Kamilla,F,1500,0,1500
Kamillah,F,6,0,6
Kamille,F,3347,0,3347
Kamilo,M,53,53,0
Kamily,F,5,0,5
Kamir,M,35,35,0
Kamira,F,104,0,104
Kamisha,F,259,0,259
Kamiya,F,2051,0,2051
Kamiyah,F,3891,0,3891
Kammie,F,5,0,5
Kammy,F,12,0,12
Kamoni,F,16,0,16
Kamora,F,2979,0,2979
Kamorah,F,10,0,10
Kamori,F,97,0,97
Kamoria,F,5,0,5
Kamoura,F,5,0,5
Kamran,M,923,923,0
Kamree,F,77,0,77
Kamreigh,F,6,0,6
Kamren,M,2731,2710,21
Kamri,F,239,0,239
Kamrie,F,29,0,29
Kamrin,M,225,200,25
Kamron,M,5200,5190,10
Kamronbek,M,5,5,0
Kamry,F,113,0,113
Kamryn,F,26361,3725,22636
Kamrynn,F,100,0,100
Kamsiyochukwu,U,60,36,24
Kamuela,M,211,211,0
Kamya,F,2591,0,2591
Kamyah,F,179,0,179
Kamyia,F,5,0,5
Kamyla,F,295,0,295
Kamylah,F,12,0,12
Kamyra,F,88,0,88
Kamyri,F,8,0,8
Kana,F,97,0,97
Kanaan,M,254,254,0
Kanai,M,59,59,0
Kanaloa,M,22,22,0
Kanan,M,834,834,0
Kanani,F,310,0,310
Kanard,M,5,5,0
Kanav,M,5,5,0
Kanaya,F,5,0,5
Kandace,F,3104,0,3104
Kandee,F,12,0,12
Kandi,F,2969,0,2969
Kandice,F,3907,0,3907
Kandie,F,40,0,40
Kandis,F,657,0,657
Kandise,F,6,0,6
Kandra,F,95,0,95
Kandy,F,2793,0,2793
Kandyce,F,228,0,228
Kane,M,15551,15551,0
Kaneesha,F,183,0,183
Kaneisha,F,280,0,280
Kanen,M,20,20,0
Kanesha,F,730,0,730
Kaneshia,F,89,0,89
Kang,F,17,0,17
Kani,M,51,51,0
Kania,F,25,0,25
Kaniah,F,25,0,25
Kaniela,M,10,10,0
Kanijah,F,15,0,15
Kanika,F,311,0,311
Kanin,M,13,13,0
Kanisha,F,1329,0,1329
Kanishk,M,11,11,0
Kaniya,F,1507,0,1507
Kaniyah,F,1322,0,1322
Kanji,M,5,5,0
Kanna,F,6,0,6
Kannan,M,5,5,0
Kannon,M,4326,4326,0
Kano,M,5,5,0
Kanoa,M,458,458,0
Kanoe,F,46,0,46
Kanoelani,F,38,0,38
Kanon,M,446,439,7
Kansas,F,58,0,58
Kanwal,F,5,0,5
Kanya,F,25,0,25
Kanye,M,824,824,0
Kanyla,F,5,0,5
Kanyon,M,323,323,0
Kao,U,364,256,108
Kaoir,F,111,0,111
Kaola,F,5,0,5
Kaomi,F,5,0,5
Kaori,F,362,0,362
Kaoru,M,147,119,28
Kapena,M,36,36,0
Kapono,M,57,57,0
Kapri,F,407,12,395
Kaprice,F,6,0,6
Kar,F,5,0,5
Kara,F,99162,16,99146
Karah,F,1248,0,1248
Karalee,F,83,0,83
Karaline,F,38,0,38
Karalyn,F,142,0,142
Karalynn,F,26,0,26
Karam,M,595,595,0
Karan,F,2171,690,1481
Karandeep,M,12,12,0
Karanveer,M,25,25,0
Karanvir,M,12,12,0
Karapet,M,23,23,0
Karas,M,404,404,0
Karcyn,F,6,0,6
Karder,M,10,10,0
Karee,F,23,0,23
Kareem,M,15423,15400,23
Kareema,F,299,0,299
Kareemah,F,72,0,72
Kareen,U,403,256,147
Kareena,F,434,0,434
Karel,F,147,23,124
Kareli,F,138,0,138
Karelly,F,16,0,16
Karely,F,1771,0,1771
Karem,F,29,0,29
Karema,F,6,0,6
Karen,F,986211,782,985429
Karena,F,1140,0,1140
Karene,F,5,0,5
Karenna,F,27,0,27
Karess,F,12,0,12
Karessa,F,22,0,22
Karey,F,564,5,559
Kari,F,56652,19,56633
Karia,F,5,0,5
Kariana,F,17,0,17
Kariann,F,49,0,49
Karianna,F,11,0,11
Karianne,F,56,0,56
Karicia,F,18,0,18
Karie,F,2963,0,2963
Kariem,M,10,10,0
Karigan,F,5,0,5
Karil,F,5,0,5
Karilyn,F,22,0,22
Karim,M,4417,4411,6
Karima,F,487,0,487
Karimah,F,49,0,49
Karime,F,1758,0,1758
Karin,F,24574,0,24574
Karina,F,58162,110,58052
Karine,F,298,0,298
Karinna,F,132,0,132
Karinne,F,10,0,10
Karis,F,4098,0,4098
Karisa,F,922,0,922
Karisha,F,10,0,10
Karishma,F,302,0,302
Karisia,F,6,0,6
Karisma,F,887,0,887
Karissa,F,17411,0,17411
Karita,F,5,0,5
Kariyah,F,15,0,15
Karizma,F,472,0,472
Karl,M,94830,94786,44
Karla,F,87889,64,87825
Karlee,F,11434,0,11434
Karleen,F,393,0,393
Karlei,F,5,0,5
Karleigh,F,3337,0,3337
Karlene,F,1148,0,1148
Karley,F,5742,0,5742
Karli,F,8319,0,8319
Karlie,F,9205,0,9205
Karlin,M,5,5,0
Karlo,M,374,374,0
Karlos,M,443,443,0
Karlton,M,57,57,0
Karly,F,8238,0,8238
Karlyn,F,100,0,100
Karlyne,F,5,0,5
Karma,F,4517,46,4471
Karman,F,5,0,5
Karmello,M,60,60,0
Karmelo,M,471,471,0
Karmen,F,3724,0,3724
Karmin,F,16,0,16
Karmina,F,11,0,11
Karmyn,F,929,0,929
Karn,F,7,0,7
Karna,F,84,0,84
Karo,M,35,35,0
Karol,F,6527,402,6125
Karole,F,71,0,71
Karolina,F,2961,0,2961
Karoline,F,1258,0,1258
Karolyn,F,2288,0,2288
Karolyna,F,13,0,13
Karolyne,F,6,0,6
Karolynn,F,5,0,5
Karon,F,5347,1456,3891
Karra,F,36,0,36
Karrah,F,21,0,21
Karren,F,511,0,511
Karri,F,2352,0,2352
Karrie,F,7130,0,7130
Karriem,M,128,128,0
Karrigan,F,22,0,22
Karrin,F,10,0,10
Karrina,F,5,0,5
Karrington,F,435,0,435
Karrisa,F,6,0,6
Karry,F,161,13,148
Karsen,M,2248,1886,362
Karson,M,19014,18441,573
Karsten,M,976,976,0
Karston,M,27,27,0
Karsyn,F,9071,1719,7352
Karsynn,F,18,0,18
Karter,M,28998,25806,3192
Karthik,M,483,483,0
Karthika,F,5,0,5
Karthikeya,M,30,30,0
Kartier,M,945,940,5
Kartik,M,30,30,0
Karver,M,33,33,0
Kary,F,348,82,266
Karyl,F,525,0,525
Karyme,F,1594,0,1594
Karyn,F,10505,0,10505
Karyna,F,283,0,283
Karys,F,48,0,48
Karyssa,F,171,0,171
Kasai,M,139,139,0
Kasandra,F,6471,0,6471
Kasara,F,6,0,6
Kasarah,F,6,0,6
Kasaundra,F,15,0,15
Kase,M,3216,3216,0
Kasean,M,11,11,0
Kaseem,M,394,394,0
Kaselyn,F,7,0,7
Kasen,M,9173,9173,0
Kasey,F,39579,9023,30556
Kash,M,13954,13954,0
Kasha,F,208,0,208
Kashana,F,6,0,6
Kashanti,F,5,0,5
Kashaun,M,18,18,0
Kashawn,M,306,306,0
Kashay,F,5,0,5
Kashdon,M,5,5,0
Kashe,F,5,0,5
Kasheem,M,37,37,0
Kasheen,M,5,5,0
Kashia,F,13,0,13
Kashif,M,242,242,0
Kashish,F,5,0,5
Kashius,M,15,15,0
Kashlyn,F,30,0,30
Kashlynn,F,17,0,17
Kashmere,M,83,78,5
Kashmir,M,638,627,11
Kashon,M,7,7,0
Kashten,M,5,5,0
Kashton,M,5276,5276,0
Kashtyn,M,166,166,0
Kashvi,F,145,0,145
Kasi,F,642,0,642
Kasia,F,189,0,189
Kasidy,F,15,0,15
Kasie,F,1982,0,1982
Kasiem,M,5,5,0
Kasim,M,96,96,0
Kasin,M,5,5,0
Kasir,M,75,75,0
Kason,M,12453,12453,0
Kasondra,F,115,0,115
Kasper,M,249,249,0
Kaspian,M,5,5,0
Kasra,M,94,94,0
Kasriel,M,8,8,0
Kassandr,F,13,0,13
Kassandra,F,30304,5,30299
Kassaundra,F,48,0,48
Kassem,M,61,61,0
Kassey,F,28,0,28
Kassi,F,500,0,500
Kassia,F,5,0,5
Kassian,M,20,20,0
Kassidee,F,22,0,22
Kassidi,F,105,0,105
Kassidy,F,19153,0,19153
Kassie,F,4055,0,4055
Kassim,M,18,18,0
Kassius,M,338,338,0
Kassondra,F,183,0,183
Kassy,F,55,0,55
Kastiel,M,10,10,0
Kaston,M,27,27,0
Kasyn,M,386,370,16
Katai,M,5,5,0
Katalaya,F,89,0,89
Katalea,F,56,0,56
Kataleah,F,48,0,48
Kataleia,F,42,0,42
Katalena,F,5,0,5
Kataleya,F,2860,0,2860
Kataleyah,F,58,0,58
Katalia,F,73,0,73
Katalina,F,5846,0,5846
Katalyna,F,196,0,196
Katana,F,301,0,301
Katara,F,134,0,134
Katarina,F,6744,0,6744
Katarzyna,F,345,0,345
Katasha,F,10,0,10
Kate,F,72281,0,72281
Katee,F,36,0,36
Kateena,F,5,0,5
Katelan,F,6,0,6
Kateland,F,54,0,54
Kateleen,F,8,0,8
Katelen,F,5,0,5
Katelin,F,7300,0,7300
Katelyn,F,132716,28,132688
Katelynd,F,5,0,5
Katelyne,F,21,0,21
Katelynn,F,29227,0,29227
Katelynne,F,271,0,271
Katena,F,6,0,6
Katera,F,63,0,63
Kateri,F,420,0,420
Kateria,F,14,0,14
Katerin,F,328,0,328
Katerina,F,5291,0,5291
Katerine,F,205,0,205
Kateryna,F,5,0,5
Katey,F,499,0,499
Kathaleen,F,1129,0,1129
Kathaleya,F,22,0,22
Kathalina,F,59,0,59
Katharin,F,23,0,23
Katharina,F,261,0,261
Katharine,F,32071,0,32071
Katharyn,F,54,0,54
Kathe,F,256,0,256
Katheleen,F,28,0,28
Kathelyn,F,6,0,6
Katherin,F,1209,0,1209
Katherina,F,150,0,150
Katherine,F,618846,216,618630
Katherinne,F,11,0,11
Kathern,F,663,0,663
Katheryn,F,8189,0,8189
Katheryne,F,264,0,264
Kathey,F,623,0,623
Kathi,F,8008,0,8008
Kathia,F,748,0,748
Kathie,F,12343,0,12343
Kathiria,F,6,0,6
Kathleen,F,705852,296,705556
Kathleena,F,5,0,5
Kathleene,F,24,0,24
Kathlene,F,950,0,950
Kathlyn,F,1448,0,1448
Kathlynn,F,7,0,7
Kathren,F,20,0,20
Kathrin,F,43,0,43
Kathrina,F,56,0,56
Kathrine,F,9126,0,9126
Kathryn,F,436444,35,436409
Kathryne,F,1430,0,1430
Kathrynn,F,5,0,5
Kathy,F,331073,32,331041
Kathya,F,318,0,318
Kathyann,F,5,0,5
Kathyleen,F,6,0,6
Kathyrn,F,538,0,538
Kati,F,2616,0,2616
Katia,F,4065,0,4065
Katiana,F,295,0,295
Katie,F,223047,20,223027
Katieann,F,10,0,10
Katilyn,F,458,0,458
Katilynn,F,5,0,5
Katima,F,5,0,5
Katina,F,8763,0,8763
Katira,F,5,0,5
Katiria,F,290,0,290
Katisha,F,99,0,99
Katiuscia,F,5,0,5
Katja,F,59,0,59
Katleyn,F,5,0,5
Katlin,F,4123,0,4123
Katlyn,F,17023,0,17023
Katlynn,F,2518,0,2518
Katniss,F,28,0,28
Kato,M,104,104,0
Katonya,F,5,0,5
Katrell,M,5,5,0
Katrena,F,153,0,153
Katriana,F,6,0,6
Katrice,F,772,0,772
Katriel,F,5,0,5
Katrin,F,50,0,50
Katrina,F,98269,15,98254
Katrine,F,15,0,15
Katrinia,F,15,0,15
Katryn,F,10,0,10
Katryna,F,94,0,94
Katsue,F,5,0,5
Katsuji,M,13,13,0
Katsuko,F,5,0,5
Katsumi,M,167,167,0
Kattaleia,F,32,0,32
Kattaleya,F,85,0,85
Kattia,F,5,0,5
Kattie,F,2426,0,2426
Kattleya,F,52,0,52
Katty,F,235,0,235
Katy,F,15338,0,15338
Katya,F,1424,0,1424
Katye,F,5,0,5
Kaua,M,12,12,0
Kauan,M,181,181,0
Kaui,F,5,0,5
Kaula,F,8,0,8
Kaulana,M,111,111,0
Kaulder,M,6,6,0
Kaushal,M,5,5,0
Kaushik,M,19,19,0
Kavan,M,54,54,0
Kavari,M,5,5,0
Kaveer,M,25,25,0
Kaveh,M,43,43,0
Kaven,M,37,37,0
Kaveon,M,28,28,0
Kavi,M,187,187,0
Kavin,M,755,755,0
Kavion,M,420,420,0
Kavious,M,17,17,0
Kavir,M,32,32,0
Kavish,M,40,40,0
Kavita,F,139,0,139
Kavon,M,1238,1238,0
Kavya,F,1023,0,1023
Kawai,M,5,5,0
Kawan,M,81,81,0
Kawana,F,252,0,252
Kawanda,F,71,0,71
Kawanna,F,89,0,89
Kawaski,M,5,5,0
Kawehi,F,66,0,66
Kawelo,M,5,5,0
Kawena,F,77,15,62
Kawhi,M,57,57,0
Kawika,M,770,770,0
Kay,F,94942,1494,93448
Kaya,F,7968,102,7866
Kayah,F,5,0,5
Kayal,F,6,0,6
Kayan,F,92,32,60
Kayana,F,107,0,107
Kayani,F,5,0,5
Kayanna,F,66,0,66
Kaybree,F,39,0,39
Kayce,F,2202,1290,912
Kaycee,F,5274,20,5254
Kaycen,M,666,666,0
Kayceon,M,31,31,0
Kayci,F,252,0,252
Kaycie,F,600,0,600
Kayda,F,19,0,19
Kaydan,M,40,40,0
Kaydance,F,562,0,562
Kayde,M,41,41,0
Kaydee,F,703,0,703
Kayden,M,74109,67379,6730
Kaydence,F,16743,154,16589
Kaydi,F,5,0,5
Kaydie,F,6,0,6
Kaydin,M,369,291,78
Kaydince,F,18,0,18
Kaydon,M,350,350,0
Kaydyn,M,5,5,0
Kaye,F,9974,71,9903
Kayelee,F,5,0,5
Kayelynn,F,5,0,5
Kayhan,M,16,16,0
Kayin,M,12,12,0
Kayla,F,342931,83,342848
Kaylaann,F,6,0,6
Kaylah,F,4750,0,4750
Kaylahni,F,5,0,5
Kaylamarie,F,32,0,32
Kaylan,F,2593,17,2576
Kaylana,F,72,0,72
Kaylanee,F,5,0,5
Kaylani,F,7913,0,7913
Kaylanie,F,254,0,254
Kaylanni,F,22,0,22
Kaylany,F,10,0,10
Kayle,F,2018,5,2013
Kaylea,F,1233,0,1233
Kayleah,F,10,0,10
Kayleb,M,965,965,0
Kaylee,F,136926,40,136886
Kayleeann,F,5,0,5
Kayleen,F,4453,0,4453
Kayleena,F,12,0,12
Kaylei,F,729,0,729
Kayleigh,F,32588,5,32583
Kaylen,F,5348,237,5111
Kaylena,F,15,0,15
Kaylene,F,2109,0,2109
Kayler,M,5,5,0
Kayley,F,6524,0,6524
Kayli,F,5001,0,5001
Kaylia,F,27,0,27
Kayliana,F,137,0,137
Kaylie,F,20101,0,20101
Kayliegh,F,5,0,5
Kaylin,F,17078,10,17068
Kaylina,F,47,0,47
Kaylinn,F,30,0,30
Kayln,F,16,0,16
Kaylob,M,5,5,0
Kaylon,U,449,332,117
Kayloni,F,108,0,108
Kaylonnie,F,5,0,5
Kaylor,F,35,0,35
Kayly,F,48,0,48
Kaylyn,F,9597,0,9597
Kaylynn,F,9715,0,9715
Kaylynne,F,16,0,16
Kayne,M,621,621,0
Kaynen,M,5,5,0
Kayomi,F,17,0,17
Kayon,M,5,5,0
Kayori,F,17,0,17
Kayra,F,149,0,149
Kayron,F,10,5,5
Kaysan,M,7,7,0
Kayse,F,15,0,15
Kaysean,M,5,5,0
Kaysee,F,5,0,5
Kaysen,M,4488,4462,26
Kaysha,F,93,0,93
Kayshawn,M,61,61,0
Kaysi,F,5,0,5
Kaysie,F,114,0,114
Kaysin,M,21,21,0
Kayslee,F,7,0,7
Kayson,M,11756,11749,7
Kayte,F,5,0,5
Kaytee,F,11,0,11
Kayti,F,5,0,5
Kaytie,F,6,0,6
Kaytlin,F,1708,0,1708
Kaytlyn,F,1191,0,1191
Kaytlynn,F,291,0,291
Kayton,F,6,0,6
Kayvan,M,6,6,0
Kayvion,M,26,26,0
Kayvon,M,307,307,0
Kayzen,M,11,11,0
Kayzlee,F,60,0,60
Kaz,M,47,47,0
Kazandra,F,86,0,86
Kazi,M,145,123,22
Kazimir,M,14,14,0
Kazlynn,F,5,0,5
Kazue,F,133,0,133
Kazuki,M,19,19,0
Kazuko,F,289,0,289
Kazumi,M,59,59,0
Kazuo,M,599,599,0
Kazuto,M,30,30,0
Kazuye,F,12,0,12
Kazuyo,F,6,0,6
Kazuyoshi,M,5,5,0
Kazzandra,F,5,0,5
Kc,M,518,446,72
Kea,F,5,0,5
Keaden,M,5,5,0
Keagan,M,7046,6695,351
Keagen,M,142,142,0
Keaghan,M,5,5,0
Keagon,M,10,10,0
Keahi,M,153,148,5
Keaira,F,622,0,622
Keairra,F,5,0,5
Keaka,M,21,21,0
Keala,F,204,11,193
Kealani,F,179,0,179
Kealii,M,127,127,0
Kealohilani,F,57,0,57
Keamber,F,23,0,23
Keambria,F,10,0,10
Kean,M,51,51,0
Keana,F,1136,0,1136
Keandra,F,461,0,461
Keandre,M,1530,1530,0
Keandrea,F,51,0,51
Keane,M,191,191,0
Keani,F,142,0,142
Keanna,F,1775,0,1775
Keano,M,11,11,0
Keante,M,5,5,0
Keanthony,M,10,10,0
Keanu,M,6195,6190,5
Keara,F,2728,0,2728
Kearia,F,10,0,10
Kearra,F,77,0,77
Kearsten,F,11,0,11
Kearstin,F,40,0,40
Kearstyn,F,5,0,5
Keary,M,10,10,0
Keasha,F,30,0,30
Keasia,F,883,0,883
Keaton,M,19981,19787,194
Keatyn,F,5,0,5
Keauna,F,10,0,10
Keaundra,F,21,0,21
Keawe,M,21,21,0
Kebrina,F,15,0,15
Kechia,F,15,0,15
Kecia,F,1866,0,1866
Kedar,M,34,34,0
Kedarius,M,18,18,0
Kedra,F,29,0,29
Kedric,M,96,96,0
Kedrick,M,755,755,0
Kedwin,M,5,5,0
Kee,M,965,965,0
Keeana,F,6,0,6
Keefe,M,20,20,0
Keegan,M,37410,35899,1511
Keegen,M,5,5,0
Keela,F,17,0,17
Keelan,M,1443,1438,5
Keeland,M,5,5,0
Keeleigh,F,10,0,10
Keeley,F,3385,0,3385
Keeli,F,120,0,120
Keelie,F,159,0,159
Keelin,F,70,0,70
Keely,F,8961,0,8961
Keelyn,F,42,16,26
Keena,F,379,7,372
Keenan,M,14500,14500,0
Keenen,M,373,373,0
Keenon,M,10,10,0
Keenya,F,10,0,10
Keera,F,10,0,10
Keerat,F,24,0,24
Keerthana,F,44,0,44
Keerthi,F,10,0,10
Keesha,F,1208,0,1208
Keeshawn,M,8,8,0
Keeton,M,81,81,0
Keeva,F,58,0,58
Keevin,M,6,6,0
Keeya,F,7,0,7
Kegan,M,1651,1651,0
Kehaulani,F,160,0,160
Kehlani,F,10259,0,10259
Kehlany,F,38,0,38
Kei,M,80,80,0
Keia,F,10,0,10
Keiana,F,267,0,267
Keianna,F,114,0,114
Keiara,F,357,0,357
Keiden,M,17,17,0
Keidra,F,18,0,18
Keidy,F,325,0,325
Keifer,M,221,221,0
Keigan,M,63,63,0
Keiji,M,23,23,0
Keikilani,F,5,0,5
Keiko,F,256,0,256
Keila,F,4696,0,4696
Keilah,F,421,0,421
Keilan,M,319,319,0
Keilana,F,97,0,97
Keilani,F,3243,0,3243
Keilanny,F,6,0,6
Keilany,F,371,0,371
Keilee,F,28,0,28
Keileigh,F,5,0,5
Keiley,F,11,0,11
Keili,F,49,0,49
Keilly,F,181,0,181
Keilon,M,12,12,0
Keily,F,3582,0,3582
Keilyn,F,455,0,455
Keino,M,5,5,0
Keion,M,1216,1216,0
Keiona,F,43,0,43
Keiondre,M,5,5,0
Keionna,F,33,0,33
Keiosha,F,5,0,5
Keir,M,94,94,0
Keira,F,30933,0,30933
Keirah,F,16,0,16
Keiran,M,115,115,0
Keirra,F,244,0,244
Keirsten,F,211,0,211
Keiry,F,1071,0,1071
Keisa,F,115,0,115
Keisean,M,5,5,0
Keisha,F,19896,0,19896
Keishawn,M,103,103,0
Keishla,F,50,0,50
Keisi,F,29,0,29
Keisuke,M,24,24,0
Keisy,F,271,0,271
Keita,M,31,31,0
Keith,M,435188,434934,254
Keitha,F,247,0,247
Keithan,M,55,55,0
Keithen,M,25,25,0
Keivon,M,22,22,0
Kejuan,M,535,535,0
Kekai,M,48,48,0
Kekoa,M,1262,1257,5
Kela,F,46,0,46
Kelahni,F,6,0,6
Kelaia,F,5,0,5
Kelan,M,362,362,0
Kelani,F,722,0,722
Kelbie,F,10,0,10
Kelby,M,1603,1361,242
Kelce,F,34,0,34
Kelcee,F,59,0,59
Kelcey,F,701,31,670
Kelci,F,807,0,807
Kelcie,F,1386,0,1386
Kelcy,F,83,0,83
Keldon,M,15,15,0
Keldric,M,10,10,0
Keldrick,M,235,235,0
Kelechi,M,54,47,7
Kelee,F,5,0,5
Keleigh,F,35,0,35
Kelene,F,5,0,5
Keli,F,1941,0,1941
Kelia,F,63,0,63
Kelii,M,102,102,0
Kelijah,M,6,6,0
Kelin,M,16,16,0
Kelis,F,1896,0,1896
Kelise,F,53,0,53
Kellan,M,8481,8475,6
Kelle,F,706,0,706
Kellee,F,1433,0,1433
Kelleen,F,72,0,72
Kellen,M,14560,14455,105
Kellene,F,32,0,32
Keller,M,1608,1608,0
Kelley,F,45746,2122,43624
Kelli,F,72892,6,72886
Kelliann,F,84,0,84
Kellianne,F,111,0,111
Kellie,F,48428,0,48428
Kellin,M,240,240,0
Kellsey,F,6,0,6
Kellsie,F,29,0,29
Kelly,F,549340,77903,471437
Kellyann,F,1040,0,1040
Kellyanne,F,72,0,72
Kellye,F,1085,0,1085
Kellyn,F,297,0,297
Kelsay,F,10,0,10
Kelsea,F,3949,0,3949
Kelsee,F,450,0,450
Kelsey,F,149979,1989,147990
Kelsi,F,7793,0,7793
Kelsie,F,17360,0,17360
Kelso,M,6,6,0
Kelson,M,95,95,0
Kelsy,F,1327,0,1327
Kelsye,F,5,0,5
Kelton,M,3378,3378,0
Kelvin,M,48100,48094,6
Kelvon,M,5,5,0
Kelwin,M,5,5,0
Kely,F,5,0,5
Kem,U,56,33,23
Kemal,M,5,5,0
Kemani,F,65,18,47
Kemar,M,150,150,0
Kemari,M,675,624,51
Kemarion,M,325,325,0
Kemarrion,M,5,5,0
Kemauri,M,76,76,0
Kemaury,M,5,5,0
Kemaya,F,5,0,5
Kemba,F,16,0,16
Kemberly,F,267,0,267
Kemi,F,5,0,5
Kemily,F,10,0,10
Kemiya,F,7,0,7
Kemiyah,F,43,0,43
Kemon,M,53,53,0
Kemoni,F,44,15,29
Kemontae,M,5,5,0
Kemonte,M,18,18,0
Kemora,F,158,0,158
Kemp,M,54,54,0
Kemper,M,119,119,0
Kemuel,M,26,26,0
Kemya,F,70,0,70
Ken,M,28361,28361,0
Kena,F,194,0,194
Kenadee,F,604,0,604
Kenadi,F,387,0,387
Kenadie,F,722,0,722
Kenady,F,33,0,33
Kenai,M,747,747,0
Kenan,M,1919,1919,0
Kenard,M,20,20,0
Kenay,M,8,8,0
Kenda,F,514,0,514
Kendahl,F,63,0,63
Kendal,F,7615,1329,6286
Kendale,M,26,26,0
Kendall,F,92180,29963,62217
Kendallyn,F,11,0,11
Kendalyn,F,112,0,112
Kendalynn,F,27,0,27
Kendarious,M,75,75,0
Kendarius,M,652,652,0
Kendarrius,M,16,16,0
Kendel,F,35,20,15
Kendell,M,1992,1757,235
Kenden,M,5,5,0
Kenderick,M,26,26,0
Kendi,F,16,0,16
Kendia,F,9,0,9
Kendis,F,10,0,10
Kendle,F,5,0,5
Kendly,M,5,5,0
Kendon,M,35,35,0
Kendra,F,95574,35,95539
Kendrah,F,10,0,10
Kendrea,F,8,0,8
Kendrell,M,68,68,0
Kendria,F,151,0,151
Kendric,M,679,679,0
Kendrick,M,29102,29097,5
Kendrix,M,241,241,0
Kendry,M,91,91,0
Kendy,F,12,0,12
Kendyl,F,3022,0,3022
Kendyll,F,348,0,348
Kenechukwu,M,19,19,0
Kenedi,F,154,0,154
Kenedy,F,132,0,132
Keneisha,F,20,0,20
Kenesha,F,195,0,195
Keneshia,F,28,0,28
Keneth,M,62,62,0
Keng,M,213,213,0
Kenia,F,7984,6,7978
Keniah,F,5,0,5
Kenichi,M,135,135,0
Keniel,M,100,100,0
Kenisha,F,2517,0,2517
Kenith,M,47,47,0
Keniya,F,98,0,98
Keniyah,F,124,0,124
Kenji,M,3135,3135,0
Kenlee,F,1037,0,1037
Kenlei,F,5,0,5
Kenleigh,F,1234,0,1234
Kenley,F,5871,130,5741
Kenli,F,73,0,73
Kenlie,F,49,0,49
Kenlin,M,5,5,0
Kenly,F,44,0,44
Kenn,M,5,5,0
Kenna,F,9010,19,8991
Kennadee,F,39,0,39
Kennadi,F,834,0,834
Kennadie,F,58,0,58
Kennady,F,414,0,414
Kennan,M,65,65,0
Kennard,M,313,313,0
Kennede,F,11,0,11
Kennedee,F,15,0,15
Kennedi,F,13457,0,13457
Kennedie,F,275,0,275
Kennedy,F,91099,3971,87128
Kenner,M,10,10,0
Kennesha,F,21,0,21
Kenneth,M,1276505,1274881,1624
Kennetha,F,33,0,33
Kenney,M,358,358,0
Kennia,F,260,0,260
Kennidy,F,5,0,5
Kennie,M,30,30,0
Kenniel,M,6,6,0
Kennisha,F,54,0,54
Kennith,M,6732,6732,0
Kenniyah,F,6,0,6
Kennon,M,128,128,0
Kennth,M,262,262,0
Kenny,M,47322,47305,17
Kennya,F,199,0,199
Keno,M,11,11,0
Kenosha,F,57,0,57
Kenric,M,96,96,0
Kenrick,M,194,194,0
Kensey,F,50,0,50
Kenshin,M,29,29,0
Kensi,F,117,0,117
Kensie,F,188,0,188
Kensington,F,1745,0,1745
Kenslee,F,501,0,501
Kenslei,F,32,0,32
Kensleigh,F,332,0,332
Kensley,F,7186,58,7128
Kensli,F,82,0,82
Kenslie,F,79,0,79
Kensly,F,5,0,5
Kenson,M,29,29,0
Kenston,M,12,12,0
Kent,M,64385,64385,0
Kenta,M,88,88,0
Kentaro,M,22,22,0
Kentavious,M,336,336,0
Kentavius,M,42,42,0
Kentley,F,5,0,5
Kento,M,113,113,0
Kenton,M,5994,5994,0
Kentravion,M,5,5,0
Kentravious,M,25,25,0
Kentrell,M,2589,2579,10
Keny,M,5,5,0
Kenya,F,23862,891,22971
Kenyada,F,38,0,38
Kenyah,F,16,0,16
Kenyan,M,71,71,0
Kenyana,F,10,0,10
Kenyanna,F,5,0,5
Kenyata,F,177,15,162
Kenyatta,F,4538,1659,2879
Kenyatte,M,10,10,0
Kenyetta,F,1567,6,1561
Kenyon,M,4256,4256,0
Kenza,F,151,0,151
Kenzee,F,5,0,5
Kenzi,F,1380,0,1380
Kenzie,F,18921,5,18916
Kenzington,F,107,0,107
Kenzlee,F,697,0,697
Kenzleigh,F,318,0,318
Kenzley,F,856,0,856
Kenzli,F,5,0,5
Kenzlie,F,135,0,135
Kenzly,F,6,0,6
Kenzo,M,2988,2988,0
Kenzy,F,161,0,161
Keo,M,15,15,0
Keoka,F,23,0,23
Keoki,M,168,168,0
Keola,M,347,347,0
Keon,M,6872,6872,0
Keona,F,1285,13,1272
Keondra,F,373,0,373
Keondre,M,456,456,0
Keondria,F,13,0,13
Keone,M,117,117,0
Keoni,M,1860,1860,0
Keonna,F,493,0,493
Keonta,M,5,5,0
Keontae,M,308,308,0
Keontay,M,11,11,0
Keonte,M,505,505,0
Keosha,F,1139,0,1139
Keoshia,F,7,0,7
Kepler,M,25,25,0
Kera,F,1089,0,1089
Kerby,M,74,74,0
Kerem,M,132,132,0
Keren,F,2786,0,2786
Kerensa,F,10,0,10
Keri,F,29283,5,29278
Keria,F,10,0,10
Keriann,F,238,0,238
Kerianne,F,144,0,144
Kerie,F,11,0,11
Kerigan,F,15,0,15
Kerim,M,47,47,0
Kerin,F,340,0,340
Kerissa,F,16,0,16
Kerith,F,12,0,12
Kerline,F,54,0,54
Kerly,F,12,0,12
Kermit,M,12363,12363,0
Kern,M,10,10,0
Kerney,M,13,13,0
Kerolos,M,31,31,0
Keron,M,112,112,0
Kerra,F,17,0,17
Kerri,F,34402,0,34402
Kerria,F,5,0,5
Kerriann,F,305,0,305
Kerrianne,F,117,0,117
Kerrie,F,5881,0,5881
Kerrigan,F,865,0,865
Kerrilyn,F,5,0,5
Kerrin,F,308,0,308
Kerrington,F,131,0,131
Kerry,F,92013,46387,45626
Kerryann,F,63,0,63
Kerryn,F,5,0,5
Kersten,F,41,0,41
Kerstin,F,631,0,631
Kerstyn,F,16,0,16
Kerven,M,5,5,0
Kervens,M,82,82,0
Kervin,M,384,384,0
Kerwin,M,400,400,0
Keryn,F,33,0,33
Kesan,M,5,5,0
Kesean,M,311,311,0
Kesha,F,3691,0,3691
Keshana,F,11,0,11
Keshara,F,10,0,10
Keshaun,M,1205,1205,0
Keshav,M,514,514,0
Keshawn,M,4482,4477,5
Keshawna,F,46,0,46
Keshia,F,4063,0,4063
Keshon,M,293,293,0
Keshun,M,202,202,0
Kesia,F,36,0,36
Kesler,M,5,5,0
Kesley,F,5,0,5
Keslyn,F,5,0,5
Kessler,M,27,27,0
Keston,M,44,44,0
Kestrel,F,5,0,5
Kestutis,M,5,5,0
Ketan,M,9,9,0
Ketara,F,5,0,5
Kethan,M,5,5,0
Ketina,F,5,0,5
Ketra,F,5,0,5
Ketrick,M,7,7,0
Ketsia,F,11,0,11
Ketsy,F,5,0,5
Ketty,F,11,0,11
Keturah,F,1075,0,1075
Ketzaly,F,87,0,87
Keundra,F,5,0,5
Keva,F,69,0,69
Kevan,M,851,851,0
Kevaughn,M,10,10,0
Keven,M,5017,5017,0
Keveon,M,5,5,0
Kevin,M,1182322,1179766,2556
Kevinisha,F,6,0,6
Kevion,M,288,288,0
Kevis,M,5,5,0
Kevon,M,3607,3607,0
Kevondrick,M,5,5,0
Kevontae,M,12,12,0
Kevonte,M,60,60,0
Kevork,M,31,31,0
Kevyn,M,716,711,5
Kewan,M,13,13,0
Kewanda,F,5,0,5
Kewanna,F,18,0,18
Kewon,M,24,24,0
Keya,F,376,0,376
Keyaan,M,5,5,0
Keyaira,F,91,0,91
Keyan,M,108,108,0
Keyana,F,2020,0,2020
Keyani,F,34,0,34
Keyanna,F,1752,0,1752
Keyanta,F,5,0,5
Keyara,F,488,0,488
Keyarah,F,6,0,6
Keyasia,F,35,0,35
Keyatta,F,5,0,5
Keyden,M,152,152,0
Keydi,F,7,0,7
Keyera,F,102,0,102
Keygan,M,16,16,0
Keyhla,F,11,0,11
Keyla,F,7261,0,7261
Keylan,M,208,208,0
Keylani,F,221,0,221
Keylee,F,389,0,389
Keyleen,F,6,0,6
Keylen,F,52,5,47
Keyler,M,57,57,0
Keyli,F,605,0,605
Keylie,F,16,0,16
Keylin,F,440,5,435
Keylon,M,59,59,0
Keylor,M,282,282,0
Keyly,F,21,0,21
Keyoka,F,20,0,20
Keyon,M,3910,3904,6
Keyona,F,1255,0,1255
Keyonda,F,5,0,5
Keyondra,F,43,0,43
Keyondre,M,25,25,0
Keyonna,F,1810,0,1810
Keyonni,F,5,0,5
Keyontae,M,20,20,0
Keyonte,M,20,20,0
Keyra,F,223,0,223
Keyren,M,5,5,0
Keyri,F,23,0,23
Keysha,F,457,0,457
Keyshaun,M,75,75,0
Keyshawn,M,2825,2825,0
Keyshia,F,5,0,5
Keyshon,M,11,11,0
Keyshone,M,5,5,0
Keyshun,M,5,5,0
Keysi,F,42,0,42
Keyton,M,74,74,0
Keyvon,M,26,26,0
Kezia,F,459,0,459
Keziah,F,2365,0,2365
Kha,M,5,5,0
Khaalis,M,6,6,0
Khachik,M,15,15,0
Khadeejah,F,5,0,5
Khadeem,M,11,11,0
Khadeja,F,10,0,10
Khadejah,F,78,0,78
Khaden,M,27,27,0
Khadija,F,2962,0,2962
Khadijah,F,5464,0,5464
Khadim,M,6,6,0
Khadir,M,5,5,0
Khadjah,F,5,0,5
Khadra,F,5,0,5
Khady,F,16,0,16
Khai,M,1569,1549,20
Khaiden,M,5,5,0
Khaila,F,52,0,52
Khailani,F,11,0,11
Khair,M,12,12,0
Khairi,M,18,18,0
Khairo,M,7,7,0
Khala,F,5,0,5
Khalan,M,20,20,0
Khalani,F,1614,0,1614
Khalaya,F,6,0,6
Khalea,F,11,0,11
Khaleah,F,7,0,7
Khaleb,M,237,237,0
Khaled,M,1240,1240,0
Khaleef,M,16,16,0
Khaleel,M,215,215,0
Khaleesi,F,4090,0,4090
Khalel,M,10,10,0
Khalen,M,5,5,0
Khalessi,F,45,0,45
Khali,F,511,37,474
Khalia,F,1704,0,1704
Khaliah,F,115,0,115
Khalid,M,5601,5601,0
Khalief,M,10,10,0
Khalif,M,735,735,0
Khalifa,M,10,10,0
Khalik,M,6,6,0
Khalil,M,21726,21726,0
Khalilah,F,650,0,650
Khaliq,M,96,96,0
Khaliya,F,12,0,12
Khaliyah,F,493,0,493
Khallid,M,6,6,0
Khalon,M,10,10,0
Khaloni,F,5,0,5
Khalyla,F,39,0,39
Khamani,M,297,254,43
Khamari,M,1326,1284,42
Khambrel,M,59,59,0
Khamila,F,65,0,65
Khan,M,5,5,0
Khang,M,440,440,0
Khanh,U,153,105,48
Khaniya,F,10,0,10
Khara,F,71,0,71
Khari,U,3937,2943,994
Kharisma,F,5,0,5
Kharlie,F,5,0,5
Kharma,F,16,0,16
Kharson,M,5,5,0
Kharter,M,120,115,5
Khary,M,233,233,0
Khaseem,M,10,10,0
Khasir,M,30,30,0
Khayden,M,56,56,0
Khayla,F,100,0,100
Khayr,M,5,5,0
Khayree,M,20,20,0
Khaza,M,1080,1075,5
Khazi,M,43,43,0
Khelani,F,324,0,324
Kherington,F,107,0,107
Kheumani,F,7,0,7
Khia,F,107,0,107
Khiabet,F,6,0,6
Khiana,F,10,0,10
Khianna,F,7,0,7
Khiara,F,6,0,6
Khiry,M,486,486,0
Khiya,F,15,0,15
Khizar,M,10,10,0
Khloe,F,46542,0,46542
Khloee,F,630,0,630
Khloey,F,147,0,147
Khloi,F,15,0,15
Khloie,F,226,0,226
Khoa,M,238,238,0
Khodee,M,5,5,0
Khoi,M,123,123,0
Khole,F,152,0,152
Khori,F,137,0,137
Khris,M,33,33,0
Khristi,F,5,0,5
Khristian,M,1237,1232,5
Khristina,F,196,0,196
Khristine,F,20,0,20
Khristopher,M,500,500,0
Khriz,M,50,50,0
Khrystal,F,11,0,11
Khrystina,F,6,0,6
Khrystyna,F,5,0,5
Khrystyne,F,12,0,12
Khushi,F,754,0,754
Khushpreet,F,5,0,5
Khya,F,5,0,5
Khyair,M,6,6,0
Khyir,M,19,19,0
Khyla,F,121,0,121
Khylan,M,216,216,0
Khyle,M,5,5,0
Khylee,F,261,0,261
Khyleigh,F,5,0,5
Khylen,M,52,52,0
Khyler,M,55,55,0
Khyli,F,5,0,5
Khylie,F,129,0,129
Khylin,M,46,46,0
Khyra,F,5,0,5
Khyree,M,724,724,0
Khyrein,M,13,13,0
Khyren,M,11,11,0
Khyri,M,6,6,0
Khyrie,M,215,215,0
Khyro,M,10,10,0
Khysen,M,5,5,0
Khyson,M,267,267,0
Khyzer,M,24,24,0
Ki,M,6,6,0
Kia,F,5518,28,5490
Kiaan,M,1859,1859,0
Kiah,F,1017,0,1017
Kiahna,F,29,0,29
Kiai,M,25,25,0
Kiaira,F,38,0,38
Kiamesha,F,13,0,13
Kian,M,10243,10243,0
Kiana,F,23955,8,23947
Kiandra,F,102,0,102
Kianga,F,5,0,5
Kiani,F,460,0,460
Kianie,F,5,0,5
Kianna,F,6176,0,6176
Kiannah,F,30,0,30
Kianni,F,5,0,5
Kiansh,M,22,22,0
Kiante,M,59,59,0
Kiara,F,53197,93,53104
Kiarah,F,328,0,328
Kiaraliz,F,12,0,12
Kiari,F,236,13,223
Kiarra,F,2152,0,2152
Kiasia,F,15,0,15
Kiauna,F,10,0,10
Kiaya,F,33,0,33
Kidus,M,281,281,0
Kieara,F,69,0,69
Kiefer,M,590,590,0
Kiel,M,1144,1144,0
Kiela,F,9,0,9
Kiele,F,48,0,48
Kiely,F,122,0,122
Kien,M,36,36,0
Kier,M,10,10,0
Kiera,F,19250,0,19250
Kierah,F,5,0,5
Kieran,M,13592,13405,187
Kieren,M,40,40,0
Kiernan,M,407,396,11
Kierra,F,13815,0,13815
Kierre,M,11,11,0
Kierstan,F,15,0,15
Kiersten,F,12283,0,12283
Kierstin,F,1510,0,1510
Kierston,F,33,0,33
Kierstyn,F,927,0,927
Kiesha,F,1151,0,1151
Kiet,M,24,24,0
Kieth,M,396,396,0
Kieu,F,16,0,16
Kiichi,M,7,7,0
Kijana,M,61,55,6
Kijuan,M,10,10,0
Kiki,F,74,0,74
Kikue,F,247,0,247
Kikumi,F,6,0,6
Kikuye,F,48,0,48
Kikuyo,F,13,0,13
Kila,F,17,0,17
Kilani,F,24,0,24
Kile,M,49,49,0
Kilee,F,360,0,360
Kileigh,F,26,0,26
Kiley,F,16844,84,16760
Kilian,M,1024,1024,0
Killian,M,12784,12784,0
Kilyan,M,5,5,0
Kilynn,F,17,0,17
Kim,F,208923,32087,176836
Kima,F,15,0,15
Kimala,F,15,0,15
Kimanh,F,5,0,5
Kimani,F,1125,530,595
Kimara,F,21,0,21
Kimari,F,23,0,23
Kimaya,F,248,0,248
Kimball,M,413,413,0
Kimbella,F,40,0,40
Kimber,F,7584,21,7563
Kimberely,F,722,0,722
Kimberl,F,29,0,29
Kimberle,F,287,0,287
Kimberlea,F,25,0,25
Kimberlee,F,13907,0,13907
Kimberleigh,F,11,0,11
Kimberley,F,35163,0,35163
Kimberli,F,1642,0,1642
Kimberlie,F,1375,0,1375
Kimberlin,F,156,0,156
Kimberlina,F,18,0,18
Kimberly,F,844966,1849,843117
Kimberlyann,F,45,0,45
Kimberlyanne,F,10,0,10
Kimberlyn,F,1255,0,1255
Kimberlynn,F,130,0,130
Kimbery,F,5,0,5
Kimble,M,11,11,0
Kimbley,F,92,0,92
Kimbra,F,300,0,300
Kimela,F,16,0,16
Kimerly,F,5,0,5
Kimetha,F,10,0,10
Kimi,F,517,172,345
Kimia,F,168,0,168
Kimie,F,218,0,218
Kimiko,F,826,0,826
Kimimila,F,11,0,11
Kimitra,F,6,0,6
Kimiya,F,23,0,23
Kimiye,F,52,0,52
Kimiyo,F,67,0,67
Kimla,F,5,0,5
Kimm,F,31,0,31
Kimmarie,F,65,0,65
Kimmi,F,10,0,10
Kimmie,F,193,5,188
Kimmy,F,81,0,81
Kimo,M,376,376,0
Kimoni,M,5,5,0
Kimora,F,8517,0,8517
Kimorah,F,22,0,22
Kimothy,M,5,5,0
Kimsey,M,5,5,0
Kimya,F,65,0,65
Kimyata,F,5,0,5
Kimyatta,F,38,0,38
Kimyetta,F,10,0,10
Kin,M,5,5,0
Kina,F,151,0,151
Kinan,M,73,73,0
Kinberly,F,11,0,11
Kincaid,M,5,5,0
Kinda,F,10,0,10
Kindall,F,36,0,36
Kindle,F,30,0,30
Kindra,F,1561,0,1561
Kindu,M,5,5,0
King,M,31675,31675,0
Kinga,F,22,0,22
Kingdavid,M,22,22,0
Kingdom,M,39,39,0
Kingjames,M,5,5,0
Kingslee,U,16,11,5
Kingsley,M,5335,4301,1034
Kingson,M,5,5,0
Kingsten,M,102,102,0
Kingston,M,41682,41682,0
Kingstyn,M,109,109,0
Kinisha,F,6,0,6
Kinlee,F,1476,0,1476
Kinleigh,F,1159,0,1159
Kinley,F,18074,0,18074
Kinnick,M,371,366,5
Kinsey,F,5237,0,5237
Kinslee,F,3970,0,3970
Kinsleigh,F,1310,0,1310
Kinsler,M,209,193,16
Kinsley,F,43383,5,43378
Kinslie,F,15,0,15
Kinston,M,47,47,0
Kinta,U,17,11,6
Kinte,M,72,72,0
Kinue,F,10,0,10
Kinya,F,12,0,12
Kinza,F,59,0,59
Kinze,F,7,0,7
Kinzee,F,5,0,5
Kinzey,F,15,0,15
Kinzie,F,313,0,313
Kinzlee,F,562,0,562
Kinzleigh,F,18,0,18
Kinzley,F,1587,0,1587
Kion,M,268,268,0
Kiona,F,225,0,225
Kioni,F,10,0,10
Kionna,F,97,0,97
Kior,F,99,5,94
Kiora,F,5,0,5
Kip,M,4459,4459,0
Kipp,M,249,249,0
Kippy,F,11,6,5
Kipton,M,423,423,0
Kiptyn,M,178,178,0
Kira,F,36911,0,36911
Kirah,F,54,0,54
Kiran,U,2033,1368,665
Kirandeep,F,28,0,28
Kirbie,F,17,0,17
Kirby,M,10642,8772,1870
Kiri,F,56,0,56
Kiriaki,F,6,0,6
Kiril,M,5,5,0
Kirill,M,93,93,0
Kirin,M,112,88,24
Kirk,M,63534,63534,0
Kirkland,M,406,406,0
Kiron,M,5,5,0
Kirpa,F,5,0,5
Kirra,F,1176,0,1176
Kirstan,F,10,0,10
Kirsten,F,50162,9,50153
Kirsti,F,175,0,175
Kirstie,F,2536,0,2536
Kirstin,F,6045,0,6045
Kirsty,F,161,0,161
Kirstyn,F,847,0,847
Kirt,M,1423,1423,0
Kirti,F,5,0,5
Kirubel,M,13,13,0
Kisa,F,10,0,10
Kisha,F,5168,0,5168
Kishan,M,338,338,0
Kishawn,M,6,6,0
Kishia,F,11,0,11
Kissie,F,5,0,5
Kissy,F,24,0,24
Kit,U,1278,887,391
Kitai,M,20,20,0
Kitana,F,391,0,391
Kito,M,15,15,0
Kitt,F,10,0,10
Kittie,F,138,0,138
Kitty,F,7092,0,7092
Kitzia,F,126,0,126
Kiva,F,25,0,25
Kiven,M,10,10,0
Kiwane,M,10,10,0
Kiya,F,1791,0,1791
Kiyaan,M,74,74,0
Kiyah,F,879,0,879
Kiyan,M,1068,1068,0
Kiyana,F,294,0,294
Kiyanna,F,51,0,51
Kiyansh,M,5,5,0
Kiyara,F,81,0,81
Kiyo,F,36,0,36
Kiyoko,F,613,0,613
Kiyomi,F,809,5,804
Kiyon,M,46,46,0
Kiyono,F,30,0,30
Kiyoshi,M,762,762,0
Kiyoto,M,21,21,0
Kizzie,F,522,0,522
Kizzy,F,1913,0,1913
Kjell,M,10,10,0
Kjersten,F,23,0,23
Kjerstin,F,16,0,16
Kla,F,5,0,5
Klaira,F,5,0,5
Klaire,F,464,0,464
Klani,F,96,0,96
Klara,F,1065,0,1065
Klarisa,F,33,0,33
Klarissa,F,1606,0,1606
Klarity,F,5,0,5
Klaryssa,F,40,0,40
Klaudia,F,355,0,355
Klaus,M,204,204,0
Klay,M,285,285,0
Klayton,M,1041,1041,0
Klea,F,26,0,26
Kleber,M,34,34,0
Klee,F,48,0,48
Kleigh,F,36,0,36
Klein,M,5,5,0
Kleo,F,18,0,18
Klever,M,5,5,0
Kline,M,5,5,0
Klint,M,38,38,0
Klinton,M,49,49,0
Kloe,F,1748,0,1748
Kloee,F,70,0,70
Kloey,F,574,0,574
Kloie,F,209,0,209
Klover,F,79,0,79
Klyde,M,22,22,0
Klye,M,11,11,0
Klynn,F,191,0,191
Kmari,M,5,5,0
Knight,M,222,222,0
Knoah,M,13,13,0
Knolan,M,5,5,0
Knowledge,M,1175,1175,0
Knox,M,19181,19176,5
Knoxlee,F,5,0,5
Knoxleigh,F,5,0,5
Knoxx,M,32,32,0
Knute,M,5,5,0
Koa,M,4608,4431,177
Koah,M,315,315,0
Koalii,M,5,5,0
Koamalu,M,13,13,0
Kobe,M,20352,20307,45
Koben,M,5,5,0
Kobey,M,38,38,0
Kobi,U,629,475,154
Kobie,M,337,319,18
Koby,M,3647,3647,0
Koda,M,4221,4169,52
Kodah,M,63,63,0
Kodey,M,19,19,0
Kodi,F,2436,1122,1314
Kodiak,M,91,91,0
Kodie,F,299,165,134
Kody,M,21311,21283,28
Koe,M,165,165,0
Koehn,M,5,5,0
Koen,M,3006,3006,0
Kofi,M,305,305,0
Kohana,F,5,0,5
Kohei,M,5,5,0
Kohen,M,5207,5207,0
Kohl,M,420,420,0
Koi,F,201,105,96
Koichi,M,71,71,0
Koji,M,133,133,0
Koki,M,6,6,0
Kol,M,10,10,0
Kolbe,M,274,274,0
Kolbi,F,61,0,61
Kolbie,F,250,6,244
Kolby,M,9156,9055,101
Kole,M,7440,7440,0
Koleson,M,39,39,0
Koleta,F,5,0,5
Kolette,F,15,0,15
Kolin,M,376,376,0
Kolina,F,6,0,6
Kolleen,F,108,0,108
Kollin,M,891,891,0
Kollins,F,332,0,332
Kollyn,F,7,0,7
Kollyns,F,531,0,531
Kolsen,M,66,66,0
Kolson,M,867,867,0
Kolston,M,55,55,0
Kolsyn,M,5,5,0
Kolt,M,1386,1386,0
Kolten,M,3869,3869,0
Kolter,M,395,395,0
Koltin,M,61,61,0
Kolton,M,14705,14705,0
Koltyn,M,195,195,0
Komal,F,141,0,141
Komalpreet,F,5,0,5
Kona,M,80,75,5
Koneta,F,6,0,6
Kong,M,675,675,0
Kongmeng,M,72,72,0
Koni,F,11,0,11
Konner,M,3899,3899,0
Konnie,F,74,0,74
Konnor,M,3837,3837,0
Konrad,M,1269,1269,0
Konstantin,M,117,117,0
Konstantina,F,43,0,43
Konstantine,M,12,12,0
Konstantinos,M,870,870,0
Konstanty,M,5,5,0
Koon,M,10,10,0
Kooper,M,2182,2140,42
Kora,F,6587,0,6587
Korah,F,22,0,22
Koraima,F,53,0,53
Koral,F,94,0,94
Koraline,F,61,0,61
Koran,M,28,28,0
Korayma,F,5,0,5
Korban,M,23,23,0
Korben,M,795,795,0
Korbin,M,7423,7423,0
Korbyn,M,2085,1982,103
Kordae,M,17,17,0
Korde,M,5,5,0
Kordell,M,398,398,0
Koreen,F,26,0,26
Koren,F,238,0,238
Korena,F,11,0,11
Korey,M,8446,8337,109
Kori,F,11091,81,11010
Korie,F,524,0,524
Korin,F,124,0,124
Korina,F,1043,0,1043
Korinna,F,24,0,24
Korinne,F,96,0,96
Korissa,F,17,0,17
Korla,F,5,0,5
Kornelia,F,5,0,5
Korra,F,944,0,944
Korri,F,6,0,6
Korrie,F,29,0,29
Korrin,F,11,0,11
Korrina,F,16,0,16
Korrine,F,21,0,21
Korryn,F,11,0,11
Kort,M,6,6,0
Kortez,M,39,39,0
Kortlyn,F,5,0,5
Kortlynn,F,6,0,6
Kortnee,F,17,0,17
Kortney,F,3236,5,3231
Kortni,F,126,0,126
Kortnie,F,23,0,23
Korver,M,111,111,0
Kory,M,11274,11161,113
Koryn,F,35,0,35
Koryna,F,5,0,5
Kosta,M,13,13,0
Kostantinos,M,26,26,0
Kostas,M,31,31,0
Koston,M,27,27,0
Kota,M,149,149,0
Kotaro,M,17,17,0
Kotryna,F,5,0,5
Koty,M,21,21,0
Kou,M,472,472,0
Koua,M,10,10,0
Kourosh,M,28,28,0
Kourtlyn,F,21,0,21
Kourtlynn,F,5,0,5
Kourtnee,F,25,0,25
Kourtney,F,11569,61,11508
Kourtni,F,85,0,85
Kourtnie,F,37,0,37
Kove,M,75,75,0
Kowan,M,5,5,0
Kowen,M,15,15,0
Kowsar,F,5,0,5
Koy,M,104,99,5
Kraig,M,3288,3288,0
Kramer,M,130,130,0
Kraven,M,10,10,0
Kree,U,178,120,58
Kreed,M,416,416,0
Kreg,M,49,49,0
Kreig,M,5,5,0
Kreigh,M,10,10,0
Kreindy,F,26,0,26
Kresta,F,5,0,5
Krew,M,2445,2445,0
Kridha,F,5,0,5
Krikor,M,17,17,0
Krimson,F,49,0,49
Kris,F,22022,11002,11020
Krisalyn,F,11,0,11
Krisann,F,5,0,5
Krish,M,3632,3632,0
Krisha,F,830,0,830
Krishal,M,6,6,0
Krishan,M,53,53,0
Krishang,M,10,10,0
Krishav,M,46,46,0
Krishawn,M,5,5,0
Krishay,M,5,5,0
Krishika,F,5,0,5
Krishiv,M,423,423,0
Krishna,U,1341,854,487
Krisi,F,5,0,5
Krisinda,F,11,0,11
Krislyn,F,241,0,241
Krislynn,F,139,0,139
Krisna,M,5,5,0
Kriss,U,15,10,5
Krissa,F,15,0,15
Krissi,F,31,0,31
Krissie,F,10,0,10
Krissy,F,611,0,611
Krista,F,71204,0,71204
Kristal,F,9055,0,9055
Kristalyn,F,20,0,20
Kristan,F,2988,0,2988
Kriste,F,15,0,15
Kristeen,F,155,0,155
Kristeena,F,6,0,6
Kristel,F,920,0,920
Kristela,F,5,0,5
Kristell,F,32,0,32
Kristelle,F,12,0,12
Kristen,F,216955,462,216493
Kristena,F,35,0,35
Kristene,F,99,0,99
Kristi,F,74216,0,74216
Kristian,M,21827,17341,4486
Kristiana,F,985,0,985
Kristiane,F,5,0,5
Kristiann,F,5,0,5
Kristianna,F,142,0,142
Kristianne,F,16,0,16
Kristie,F,35770,0,35770
Kristien,F,7,0,7
Kristin,F,177300,359,176941
Kristina,F,134246,21,134225
Kristinamarie,F,7,0,7
Kristine,F,81142,0,81142
Kristl,F,5,0,5
Kristle,F,232,0,232
Kristofe,M,9,9,0
Kristofer,M,6749,6749,0
Kristoff,M,64,64,0
Kristoffer,M,1862,1862,0
Kristofor,M,103,103,0
Kristol,F,10,0,10
Kriston,F,34,0,34
Kristoph,M,44,44,0
Kristopher,M,60741,60730,11
Kristy,F,67992,0,67992
Kristyl,F,12,0,12
Kristyn,F,6053,0,6053
Kristyna,F,61,0,61
Kristyne,F,17,0,17
Krithi,F,26,0,26
Krithik,M,37,37,0
Krithika,F,5,0,5
Kriti,F,52,0,52
Kritika,F,5,0,5
Krizia,F,172,0,172
Kroi,M,8,8,0
Kross,M,662,662,0
Kroy,M,21,21,0
Krrish,M,5,5,0
Kru,M,85,85,0
Krue,M,431,431,0
Krunal,M,5,5,0
Krupa,F,32,0,32
Kruti,F,6,0,6
Kruz,M,1142,1142,0
Kruze,M,40,40,0
Krymson,F,10,0,10
Krysta,F,4269,0,4269
Krystal,F,72340,17,72323
Krystale,F,11,0,11
Krystalyn,F,15,0,15
Krystalynn,F,5,0,5
Krystan,F,21,0,21
Krystel,F,269,0,269
Krystelle,F,5,0,5
Krysten,F,2153,0,2153
Krysti,F,91,0,91
Krystian,M,752,729,23
Krystiana,F,15,0,15
Krystie,F,46,0,46
Krystin,F,1520,0,1520
Krystina,F,2898,0,2898
Krystine,F,193,0,193
Krystle,F,12003,0,12003
Krystn,F,6,0,6
Krystopher,M,30,30,0
Krystyn,F,40,0,40
Krystyna,F,423,0,423
Krystyne,F,10,0,10
Krzysztof,M,161,161,0
Ksenia,F,44,0,44
Kseniya,F,5,0,5
Kshawn,M,11,11,0
Ku,M,5,5,0
Kuba,M,31,31,0
Kue,M,22,22,0
Kuhao,M,13,13,0
Kujtim,M,6,6,0
Kulia,F,5,0,5
Kullen,M,117,117,0
Kulture,F,17,0,17
Kum,F,17,0,17
Kumar,M,8,8,0
Kunal,M,538,538,0
Kunga,M,30,30,0
Kunio,M,29,29,0
Kunta,M,202,202,0
Kupaa,M,21,21,0
Kupono,M,33,33,0
Kuran,M,5,5,0
Kurk,M,5,5,0
Kursten,F,6,0,6
Kurstin,F,22,0,22
Kurt,M,81814,81814,0
Kurtis,M,14317,14317,0
Kush,M,379,379,0
Kushal,M,31,31,0
Kushtrim,M,5,5,0
Kutana,F,5,0,5
Kutter,M,258,258,0
Kuuipo,F,92,0,92
Kuulei,F,70,0,70
Kuzey,M,10,10,0
Kvon,M,5,5,0
Kwabena,M,74,74,0
Kwadwo,M,5,5,0
Kwaku,M,44,44,0
Kwamaine,M,19,19,0
Kwamane,M,19,19,0
Kwame,M,1905,1905,0
Kwamel,M,5,5,0
Kwan,M,11,11,0
Kwana,F,5,0,5
Kwane,M,5,5,0
Kwanza,F,10,0,10
Kwasi,M,80,80,0
Kween,F,6,0,6
Kweli,M,7,7,0
Kwesi,M,129,129,0
Ky,M,154,154,0
Kya,F,3984,0,3984
Kyah,F,1208,0,1208
Kyair,M,215,215,0
Kyaira,F,5,0,5
Kyaire,M,684,684,0
Kyan,M,2240,2240,0
Kyana,F,654,0,654
Kyani,F,6,0,6
Kyanna,F,525,0,525
Kyara,F,1966,0,1966
Kyarah,F,6,0,6
Kyarra,F,8,0,8
Kyasia,F,181,0,181
Kyden,M,441,441,0
Kye,M,3104,3104,0
Kyeem,M,5,5,0
Kyeir,M,5,5,0
Kyera,F,10,0,10
Kyerra,F,5,0,5
Kyesha,F,59,0,59
Kyia,F,52,0,52
Kyiah,F,10,0,10
Kyian,M,5,5,0
Kyjuan,M,151,151,0
Kyla,F,40061,0,40061
Kylah,F,4134,0,4134
Kylan,M,8036,7924,112
Kyland,M,83,83,0
Kylani,F,104,0,104
Kylar,U,768,543,225
Kyle,M,487629,482079,5550
Kylea,F,231,0,231
Kyleah,F,29,0,29
Kyleanthony,M,5,5,0
Kylee,F,48175,13,48162
Kyleen,F,58,0,58
Kylei,F,232,0,232
Kyleigh,F,18093,0,18093
Kylematthew,M,6,6,0
Kylen,M,2814,2809,5
Kylene,F,459,0,459
Kyler,M,36668,35886,782
Kyley,F,229,0,229
Kyli,F,517,0,517
Kylia,F,50,0,50
Kyliam,M,27,27,0
Kylian,M,2183,2183,0
Kylie,F,117728,34,117694
Kyliee,F,99,0,99
Kyliegh,F,11,0,11
Kylin,M,1065,838,227
Kyllian,M,5,5,0
Kylo,M,3203,3203,0
Kylon,M,446,446,0
Kylynn,F,206,0,206
Kym,F,329,6,323
Kymani,M,3325,3044,281
Kymari,M,33,33,0
Kymber,F,228,0,228
Kymberlee,F,50,0,50
Kymberli,F,33,0,33
Kymberly,F,816,0,816
Kymere,M,15,15,0
Kymir,M,373,373,0
Kymora,F,171,0,171
Kyna,F,43,0,43
Kynadee,F,28,0,28
Kynadi,F,15,0,15
Kyndal,F,3148,5,3143
Kyndall,F,4867,5,4862
Kyndel,F,40,0,40
Kyndell,F,30,0,30
Kyndle,F,69,0,69
Kyndra,F,647,0,647
Kynedi,F,11,0,11
Kyng,M,1575,1575,0
Kyngston,M,381,381,0
Kynisha,F,13,0,13
Kynlea,F,5,0,5
Kynlee,F,5039,0,5039
Kynlei,F,5,0,5
Kynleigh,F,1184,0,1184
Kynley,F,65,0,65
Kynli,F,75,0,75
Kynlie,F,101,0,101
Kynnedi,F,529,0,529
Kynnedy,F,59,0,59
Kynslee,F,1206,0,1206
Kynsleigh,F,94,0,94
Kynsley,F,261,0,261
Kynslie,F,29,0,29
Kynzee,F,19,0,19
Kynzie,F,142,0,142
Kynzlee,F,422,0,422
Kynzleigh,F,49,0,49
Kynzley,F,6,0,6
Kynzlie,F,11,0,11
Kyo,M,5,5,0
Kyoko,F,11,0,11
Kyomi,F,267,0,267
Kyon,M,90,90,0
Kyong,F,45,0,45
Kyra,F,34753,0,34753
Kyrah,F,829,0,829
Kyran,M,1197,1197,0
Kyre,M,16,16,0
Kyree,M,6291,6231,60
Kyrell,M,30,30,0
Kyren,M,1707,1707,0
Kyrene,F,5,0,5
Kyrese,M,5,5,0
Kyri,F,30,15,15
Kyria,F,11,0,11
Kyriakos,M,13,13,0
Kyrian,M,10,10,0
Kyrie,M,16729,14884,1845
Kyriee,M,7,7,0
Kyrillos,M,25,25,0
Kyrin,M,716,716,0
Kyro,M,1615,1615,0
Kyron,M,2348,2348,0
Kyros,M,5,5,0
Kyrsten,F,656,0,656
Kyrstie,F,5,0,5
Kyrstin,F,222,0,222
Kyseem,M,17,17,0
Kysen,M,518,518,0
Kyser,M,30,30,0
Kysha,F,35,0,35
Kyshawn,M,7,7,0
Kysir,M,24,24,0
Kyson,M,7606,7606,0
Kyung,F,55,0,55
Kyzen,M,100,100,0
Kyzer,M,906,906,0
Kyzier,M,13,13,0
Kyzir,M,17,17,0
La,F,565,21,544
Laakea,M,140,135,5
Laasya,F,62,0,62
Labarron,M,34,34,0
Labella,F,5,0,5
Labib,M,5,5,0
Labradford,M,5,5,0
Labrea,F,5,0,5
Labrenda,F,5,0,5
Labria,F,23,0,23
Labrittany,F,16,0,16
Labron,M,21,21,0
Lace,F,18,0,18
Lacee,F,796,0,796
Lacey,F,51012,43,50969
Lachanda,F,20,0,20
Lachandra,F,66,0,66
Lachelle,F,384,0,384
Lacheryl,F,5,0,5
Lachlan,M,3809,3809,0
Laci,F,7011,0,7011
Lacie,F,7715,0,7715
Lacinda,F,10,0,10
Lacole,F,10,0,10
Laconda,F,5,0,5
Laconya,F,5,0,5
Lacresha,F,281,0,281
Lacresia,F,6,0,6
Lacretia,F,78,0,78
Lacrisha,F,5,0,5
Lacrystal,F,10,0,10
Lacy,F,19825,3511,16314
Ladainian,M,78,78,0
Ladaisha,F,27,0,27
Ladamien,M,5,5,0
Ladan,F,10,0,10
Ladana,F,6,0,6
Ladarian,M,17,17,0
Ladarion,M,29,29,0
Ladarious,M,66,66,0
Ladarius,M,3642,3642,0
Ladarrion,M,6,6,0
Ladarrius,M,644,644,0
Ladasha,F,10,0,10
Ladasia,F,11,0,11
Ladavion,M,5,5,0
Ladawn,F,297,0,297
Ladawna,F,5,0,5
Ladd,M,26,26,0
Laddie,M,360,360,0
Ladean,F,15,0,15
Ladeana,F,7,0,7
Ladeja,F,36,0,36
Ladell,F,52,27,25
Ladelle,F,11,0,11
Ladena,F,5,0,5
Ladene,F,6,0,6
Laderrick,M,21,21,0
Ladina,F,5,0,5
Ladislado,M,12,12,0
Ladislaus,M,19,19,0
Ladislav,M,5,5,0
Ladon,M,73,73,0
Ladona,F,11,0,11
Ladonna,F,17835,0,17835
Ladonte,M,5,5,0
Ladora,F,5,0,5
Lady,F,227,0,227
Ladye,F,5,0,5
Laekyn,F,5,0,5
Lael,F,395,66,329
Laela,F,465,0,465
Laelah,F,44,0,44
Laelani,F,12,0,12
Laelia,F,5,0,5
Laelynn,F,5,0,5
Laena,F,7,0,7
Lafaun,F,5,0,5
Lafaye,F,5,0,5
Lafayette,M,1208,1208,0
Lafe,M,5,5,0
Lafonda,F,52,0,52
Lafondra,F,7,0,7
Lagina,F,5,0,5
Lahela,F,27,0,27
Lahna,F,10,0,10
Lahoma,F,549,0,549
Lai,F,75,0,75
Laia,F,439,0,439
Laiah,F,21,0,21
Laiana,F,10,0,10
Laiba,F,291,0,291
Laiden,M,11,11,0
Laiken,F,411,11,400
Laiklyn,F,15,0,15
Laikyn,F,811,0,811
Laikynn,F,49,0,49
Laila,F,39482,0,39482
Lailah,F,5401,0,5401
Lailani,F,1304,0,1304
Lailany,F,24,0,24
Lailoni,F,22,0,22
Lailyn,F,11,0,11
Lain,M,11,11,0
Laina,F,950,0,950
Laine,F,1534,281,1253
Lainee,F,224,0,224
Lainey,F,16083,0,16083
Laini,F,6,0,6
Lainie,F,270,0,270
Laird,M,307,307,0
Laisa,F,31,0,31
Laisha,F,1558,0,1558
Laith,M,1767,1767,0
Laityn,F,16,0,16
Laiya,F,36,0,36
Laiyah,F,305,0,305
Laiyla,F,15,0,15
Laiza,F,109,0,109
Lajarvis,M,5,5,0
Lajessica,F,5,0,5
Lajoyce,F,13,0,13
Lajuan,F,247,97,150
Lajuana,F,645,0,645
Lajuane,M,7,7,0
Lajuanna,F,5,0,5
Lakai,M,63,63,0
Lakayla,F,330,0,330
Lake,U,759,570,189
Lakecia,F,69,0,69
Lakedra,F,17,0,17
Lakeem,M,10,10,0
Lakeesha,F,551,0,551
Lakeeta,F,5,0,5
Lakeia,F,29,0,29
Lakeisa,F,6,0,6
Lakeisha,F,11443,6,11437
Lakeita,F,5,0,5
Lakeith,M,38,38,0
Lakeitha,F,306,0,306
Lakely,F,47,0,47
Lakelyn,F,1382,0,1382
Lakelynn,F,1066,0,1066
Lakema,F,5,0,5
Laken,F,4911,749,4162
Lakendra,F,1303,0,1303
Lakendria,F,16,0,16
Lakendrick,M,355,355,0
Lakenya,F,495,0,495
Lakeria,F,46,0,46
Lakesha,F,7134,0,7134
Lakeshia,F,3838,0,3838
Lakesia,F,154,0,154
Lakessa,F,5,0,5
Laketa,F,73,0,73
Laketha,F,22,0,22
Lakevia,F,17,0,17
Lakeya,F,323,0,323
Lakeyn,F,7,0,7
Lakeysha,F,461,0,461
Lakhi,M,5,5,0
Lakia,F,1309,0,1309
Lakie,F,11,0,11
Lakiesha,F,856,0,856
Lakima,F,21,0,21
Lakin,F,501,15,486
Lakindra,F,5,0,5
Lakira,F,5,0,5
Lakisa,F,5,0,5
Lakisha,F,11179,0,11179
Lakishia,F,23,0,23
Lakita,F,576,0,576
Lakiya,F,21,0,21
Lakota,F,266,110,156
Lakresha,F,5,0,5
Lakrisha,F,16,0,16
Laksh,M,32,32,0
Lakshmi,F,123,0,123
Laksmi,F,5,0,5
Lakyn,F,1362,0,1362
Lakynn,F,21,0,21
Lakyra,F,5,0,5
Lala,F,231,0,231
Lalani,F,10,0,10
Lalanya,F,5,0,5
Lalena,F,53,0,53
Lalia,F,5,0,5
Lalita,F,7,0,7
Lallie,F,10,0,10
Lalo,M,60,60,0
Lam,M,76,76,0
Lama,F,10,0,10
Lamanda,F,11,0,11
Lamar,M,29712,29493,219
Lamarcus,M,1706,1706,0
Lamari,M,45,45,0
Lamaria,F,49,0,49
Lamario,M,41,41,0
Lamarion,M,421,421,0
Lamark,M,5,5,0
Lamarr,M,878,873,5
Lamaya,F,41,0,41
Lambert,M,646,646,0
Lamberto,M,73,73,0
Lameek,M,21,21,0
Lameeka,F,5,0,5
Lamees,F,64,0,64
Lameka,F,16,0,16
Lamel,M,85,85,0
Lamerle,F,28,0,28
Lamesha,F,27,0,27
Lamia,F,137,0,137
Lamiah,F,10,0,10
Lamika,F,5,0,5
Lamine,M,49,49,0
Lamir,M,58,58,0
Lamiracle,F,7,0,7
Lamisha,F,13,0,13
Lamiya,F,57,0,57
Lamiyah,F,163,0,163
Lamon,M,77,77,0
Lamona,F,6,0,6
Lamond,M,22,22,0
Lamonica,F,479,0,479
Lamont,M,19826,19826,0
Lamontae,M,5,5,0
Lamonte,M,773,773,0
Lamorris,M,5,5,0
Lamya,F,954,0,954
Lan,F,244,13,231
Lana,F,52106,0,52106
Lanae,F,433,0,433
Lanah,F,40,0,40
Lanai,F,36,0,36
Lanasia,F,31,0,31
Lanay,F,5,0,5
Lanaya,F,176,0,176
Lance,M,102354,102354,0
Lancelot,M,23,23,0
Lancer,M,5,5,0
Landa,F,41,0,41
Landan,M,933,933,0
Landen,M,24948,24936,12
Lander,M,10,10,0
Landin,M,1261,1261,0
Landis,M,131,120,11
Lando,M,96,96,0
Landon,M,177826,177679,147
Landra,F,5,0,5
Landree,F,275,0,275
Landrey,F,29,0,29
Landri,F,407,0,407
Landrie,F,365,0,365
Landry,F,7963,3811,4152
Landy,F,6,0,6
Landyn,M,10789,10409,380
Landynn,M,5,5,0
Lane,M,41228,40008,1220
Lanea,F,11,0,11
Lanee,F,29,0,29
Laneisha,F,77,0,77
Lanell,F,688,0,688
Lanelle,F,348,0,348
Lanesha,F,115,0,115
Laneshia,F,10,0,10
Lanessa,F,10,0,10
Lanetta,F,65,0,65
Lanette,F,2329,0,2329
Laney,F,11083,0,11083
Lang,M,28,28,0
Langdon,M,5,5,0
Langley,F,19,0,19
Langston,M,4451,4440,11
Lani,F,3335,0,3335
Lania,F,116,0,116
Laniah,F,116,0,116
Lanie,F,2495,0,2495
Laniece,F,18,0,18
Lanier,M,76,71,5
Lanika,F,15,0,15
Laniqua,F,5,0,5
Lanique,F,10,0,10
Lanise,F,21,0,21
Lanisha,F,253,0,253
Lanita,F,1114,0,1114
Lanitra,F,10,0,10
Laniya,F,1974,0,1974
Laniyah,F,2503,0,2503
Lanna,F,157,0,157
Lannette,F,48,0,48
Lannie,U,437,304,133
Lanny,M,6728,6728,0
Lanora,F,224,0,224
Lanorris,M,26,26,0
Lansana,M,5,5,0
Lansing,M,35,35,0
Lantz,M,5,5,0
Lany,F,6,0,6
Lanya,F,169,0,169
Lanyah,F,10,0,10
Lanyia,F,5,0,5
Lanyiah,F,5,0,5
Laporcha,F,11,0,11
Laporche,F,19,0,19
Laporscha,F,5,0,5
Laporsche,F,19,0,19
Laporsha,F,325,0,325
Laportia,F,17,0,17
Laprecious,F,6,0,6
Laquan,M,1170,1165,5
Laquana,F,167,0,167
Laquanda,F,743,0,743
Laquandra,F,42,0,42
Laquanna,F,16,0,16
Laquanta,F,28,0,28
Laquasha,F,41,0,41
Laquasia,F,48,0,48
Laquesha,F,220,0,220
Laqueta,F,5,0,5
Laquetta,F,109,0,109
Laquinta,F,554,0,554
Laquinthia,F,5,0,5
Laquinton,M,34,34,0
Laquisha,F,1635,0,1635
Laquishia,F,5,0,5
Laquita,F,4602,0,4602
Laquitha,F,6,0,6
Laquitta,F,75,0,75
Lara,F,25780,0,25780
Larae,F,810,0,810
Laraine,F,1846,0,1846
Laramie,F,580,147,433
Larayne,F,30,0,30
Laree,F,183,0,183
Lareen,F,52,0,52
Lareina,F,69,0,69
Laren,F,22,0,22
Larena,F,29,0,29
Larence,M,55,55,0
Larene,F,34,0,34
Larenz,M,31,31,0
Larenzo,M,15,15,0
Laresha,F,5,0,5
Larhonda,F,1097,0,1097
Lari,F,37,0,37
Lariah,F,231,0,231
Larimar,F,6,0,6
Larina,F,31,0,31
Larinda,F,5,0,5
Larisa,F,1107,0,1107
Larissa,F,20106,0,20106
Larita,F,141,0,141
Laritza,F,36,0,36
Lariyah,F,138,0,138
Lariza,F,29,0,29
Lark,F,241,0,241
Larkin,F,702,197,505
Larkyn,F,33,0,33
Larnell,M,52,52,0
Laron,M,2490,2490,0
Laronda,F,848,0,848
Laroy,M,23,23,0
Laroyce,M,5,5,0
Larraine,F,210,0,210
Larrie,U,34,24,10
Larry,M,804881,803882,999
Lars,M,2788,2788,0
Larsen,F,5,0,5
Larson,M,117,117,0
Larue,F,2169,254,1915
Laruen,F,11,0,11
Larwence,M,13,13,0
Lary,M,226,226,0
Laryssa,F,207,0,207
Lasalle,M,5,5,0
Lasandra,F,318,0,318
Lasaro,M,33,33,0
Lasasha,F,8,0,8
Lasaundra,F,5,0,5
Lasean,F,12,7,5
Lasha,F,81,0,81
Lashae,F,415,0,415
Lashan,F,97,0,97
Lashana,F,205,0,205
Lashanae,F,30,0,30
Lashanay,F,5,0,5
Lashanda,F,3697,0,3697
Lashandra,F,413,0,413
Lashane,F,12,0,12
Lashanique,F,14,0,14
Lashanna,F,125,0,125
Lashannon,F,6,0,6
Lashanta,F,21,0,21
Lashanti,F,104,0,104
Lashara,F,5,0,5
Lasharn,F,5,0,5
Lashaun,F,421,101,320
Lashauna,F,54,0,54
Lashaunda,F,483,0,483
Lashaundra,F,76,0,76
Lashavia,F,5,0,5
Lashawn,F,7175,1352,5823
Lashawna,F,416,0,416
Lashawnda,F,1138,0,1138
Lashawndra,F,15,0,15
Lashay,F,1012,0,1012
Lashea,F,54,0,54
Lasheena,F,63,0,63
Lasheika,F,5,0,5
Lasheka,F,16,0,16
Lashell,F,57,0,57
Lashelle,F,68,0,68
Lashera,F,5,0,5
Lashira,F,5,0,5
Lashon,F,760,86,674
Lashona,F,17,0,17
Lashond,F,5,0,5
Lashonda,F,8043,0,8043
Lashondra,F,514,0,514
Lashone,F,93,0,93
Lashonna,F,5,0,5
Lashun,F,188,17,171
Lashuna,F,5,0,5
Lashunda,F,1587,0,1587
Lashundra,F,572,0,572
Lashune,F,6,0,6
Lasondra,F,21,0,21
Lasonia,F,47,0,47
Lasonja,F,74,0,74
Lasonya,F,815,0,815
Lassie,F,202,0,202
Lasya,F,44,0,44
Laszlo,M,105,105,0
Latacha,F,12,0,12
Latamara,F,5,0,5
Latangela,F,5,0,5
Latania,F,49,0,49
Latanya,F,8227,0,8227
Latanza,F,10,0,10
Latara,F,510,0,510
Latarsha,F,1404,0,1404
Latarya,F,5,0,5
Latasha,F,28621,8,28613
Latashia,F,744,0,744
Latasia,F,20,0,20
Lataurus,M,5,5,0
Latausha,F,10,0,10
Latavia,F,1071,0,1071
Lataya,F,49,0,49
Latayna,F,5,0,5
Latayvia,F,5,0,5
Lateasha,F,16,0,16
Latecia,F,13,0,13
Lateef,M,215,215,0
Lateefa,F,5,0,5
Lateefah,F,189,0,189
Lateesha,F,24,0,24
Lateisha,F,174,0,174
Lateria,F,11,0,11
Laterica,F,21,0,21
Laterra,F,5,0,5
Laterrance,M,5,5,0
Laterrica,F,29,0,29
Latesha,F,1958,0,1958
Lateshia,F,69,0,69
Latham,M,5,5,0
Lathan,M,1919,1919,0
Lathen,M,10,10,0
Latia,F,1547,0,1547
Latiana,F,16,0,16
Laticia,F,781,0,781
Latiera,F,5,0,5
Latiesha,F,10,0,10
Latif,M,47,47,0
Latifa,F,222,0,222
Latifah,F,837,0,837
Latijera,F,11,0,11
Latika,F,16,0,16
Latima,F,6,0,6
Latina,F,708,0,708
Latiqua,F,15,0,15
Latisa,F,26,0,26
Latisha,F,16463,7,16456
Latishia,F,34,0,34
Latoi,F,5,0,5
Latoia,F,31,0,31
Latoiya,F,6,0,6
Latondra,F,5,0,5
Latonga,F,5,0,5
Latonia,F,3723,0,3723
Latonja,F,179,0,179
Latonya,F,20198,5,20193
Latora,F,39,0,39
Latoria,F,1677,0,1677
Latorria,F,6,0,6
Latorsha,F,11,0,11
Latorya,F,106,0,106
Latosha,F,5344,0,5344
Latoshia,F,308,0,308
Latoy,F,7,0,7
Latoya,F,43975,7,43968
Latoyah,F,5,0,5
Latoyia,F,861,0,861
Latoyna,F,5,0,5
Latravia,F,12,0,12
Latravious,M,6,6,0
Latrease,F,5,0,5
Latrece,F,88,0,88
Latrecia,F,37,0,37
Latrell,M,2059,2011,48
Latrelle,F,148,0,148
Latrenda,F,89,0,89
Latresa,F,49,0,49
Latrese,F,91,0,91
Latresha,F,19,0,19
Latressa,F,5,0,5
Latrica,F,42,0,42
Latrice,F,7510,0,7510
Latricia,F,3499,0,3499
Latrina,F,1218,0,1218
Latrisha,F,599,0,599
Latronda,F,5,0,5
Latroy,M,41,41,0
Lattie,F,16,5,11
Latunya,F,21,0,21
Laudie,M,12,12,0
Launa,F,305,0,305
Laura,F,755118,602,754516
Lauraann,F,11,0,11
Laurabelle,F,5,0,5
Lauraine,F,89,0,89
Laurajean,F,5,0,5
Laural,F,48,0,48
Lauralee,F,246,0,246
Lauran,F,183,0,183
Laurance,M,169,169,0
Laure,F,464,0,464
Laureano,M,5,5,0
Laureat,M,6,6,0
Lauree,F,15,0,15
Laureen,F,4618,0,4618
Laurel,F,41482,321,41161
Lauren,F,474305,1991,472314
Laurena,F,15,0,15
Laurence,M,32702,32674,28
Laurencia,F,5,0,5
Laurencio,M,6,6,0
Laurene,F,1594,0,1594
Laurent,M,441,441,0
Lauretta,F,4623,0,4623
Laurette,F,1250,0,1250
Laurey,F,12,0,12
Lauri,F,8895,0,8895
Laurice,F,128,0,128
Laurie,F,162952,265,162687
Laurieann,F,92,0,92
Laurien,M,5,5,0
Laurier,M,172,172,0
Laurin,F,193,0,193
Laurinda,F,184,0,184
Laurine,F,330,0,330
Laurissa,F,62,0,62
Laurita,F,5,0,5
Lauro,M,1383,1383,0
Laury,F,105,0,105
Lauryn,F,19833,6,19827
Laurynn,F,49,0,49
Lautaro,M,6,6,0
Lavada,F,1723,0,1723
Lavaeh,F,5,0,5
Lavance,M,5,5,0
Lavante,M,7,7,0
Lavanya,F,10,0,10
Lavar,M,856,856,0
Lavaris,M,12,12,0
Lavasia,F,5,0,5
Lavaughn,F,65,15,50
Lavaun,F,17,0,17
Laveah,F,27,0,27
Laveda,F,44,0,44
Lavell,M,919,909,10
Lavelle,U,860,580,280
Lavena,F,93,0,93
Lavender,F,771,0,771
Lavenia,F,80,0,80
Lavera,F,504,0,504
Laverda,F,10,0,10
Lavere,M,10,10,0
Lavergne,F,335,0,335
Laverle,F,5,0,5
Lavern,U,10508,6791,3717
Laverna,F,1309,0,1309
Laverne,F,49784,10358,39426
Laveta,F,396,0,396
Lavetta,F,25,0,25
Lavette,F,195,0,195
Lavi,M,56,56,0
Lavina,F,2256,0,2256
Lavinia,F,1240,0,1240
Lavita,F,12,0,12
Lavon,F,4156,1274,2882
Lavona,F,309,0,309
Lavonda,F,1469,0,1469
Lavone,F,58,0,58
Lavonia,F,290,0,290
Lavonna,F,190,0,190
Lavonne,F,12968,0,12968
Lavonta,M,5,5,0
Lavontae,M,11,11,0
Lavonte,M,216,216,0
Lavoris,F,29,5,24
Lavren,F,22,0,22
Lawaia,M,15,15,0
Lawan,F,7,0,7
Lawana,F,1043,0,1043
Lawanda,F,9730,0,9730
Lawandra,F,5,0,5
Lawanna,F,652,0,652
Lawayne,M,12,12,0
Lawerance,M,24,24,0
Lawerence,M,1258,1258,0
Lawernce,M,26,26,0
Lawless,M,5,5,0
Lawrance,M,400,400,0
Lawren,F,72,0,72
Lawrence,M,444260,444153,107
Lawsen,M,5,5,0
Lawson,M,12583,12535,48
Lawsyn,F,5,0,5
Lawton,M,591,591,0
Lawyer,M,113,113,0
Laya,F,712,0,712
Layah,F,403,0,403
Layal,F,209,0,209
Layan,F,1880,0,1880
Layana,F,160,0,160
Layani,F,25,0,25
Layanna,F,21,0,21
Laycee,F,34,0,34
Layden,M,219,219,0
Layke,M,5,5,0
Layken,F,247,11,236
Laykin,F,15,0,15
Layla,F,116586,9,116577
Laylah,F,5769,0,5769
Laylani,F,1769,0,1769
Laylanie,F,94,0,94
Layleen,F,7,0,7
Laylene,F,5,0,5
Layloni,F,12,0,12
Laylonie,F,31,0,31
Laymon,M,31,31,0
Layna,F,1067,0,1067
Layne,M,12066,9754,2312
Laynee,F,457,0,457
Layni,F,35,0,35
Laynie,F,726,0,726
Layonna,F,10,0,10
Laysha,F,394,0,394
Layten,M,5,5,0
Layth,M,95,95,0
Layton,M,7755,7533,222
Lazar,M,205,205,0
Lazara,F,20,0,20
Lazaria,F,77,0,77
Lazariah,F,10,0,10
Lazaro,M,5132,5132,0
Lazarus,M,1354,1354,0
Lazer,M,515,515,0
Lazerrick,M,5,5,0
Lazlo,M,15,15,0
Lc,M,6,6,0
Le,F,61,5,56
Lea,F,27149,0,27149
Leaann,F,6,0,6
Leah,F,241640,23,241617
Leahna,F,5,0,5
Leala,F,5,0,5
Lealer,F,5,0,5
Lealon,M,6,6,0
Leam,M,30,30,0
Leamon,M,906,906,0
Lean,F,24,10,14
Leana,F,1699,0,1699
Leanah,F,5,0,5
Leander,M,1824,1824,0
Leandra,F,3757,0,3757
Leandre,M,282,282,0
Leandrea,F,27,0,27
Leandrew,M,34,34,0
Leandro,M,7522,7522,0
Leane,F,25,0,25
Leaner,F,25,0,25
Leani,F,5,0,5
Leann,F,20561,0,20561
Leanna,F,20021,0,20021
Leanne,F,25478,0,25478
Leanny,F,39,0,39
Leanora,F,127,0,127
Leanore,F,230,0,230
Leanza,F,5,0,5
Lear,F,21,0,21
Leart,M,5,5,0
Leasa,F,129,0,129
Leasha,F,5,0,5
Leasia,F,143,0,143
Leatha,F,2107,0,2107
Leatrice,F,3038,0,3038
Leavy,M,7,7,0
Leba,F,63,0,63
Lebaron,M,12,12,0
Lebarron,M,6,6,0
Lebron,M,479,479,0
Lecia,F,208,0,208
Lecil,M,47,47,0
Lectoria,F,5,0,5
Leda,F,275,0,275
Ledarius,M,86,86,0
Ledarrius,M,11,11,0
Leddy,F,36,0,36
Ledell,M,49,49,0
Ledford,M,18,18,0
Ledger,M,2942,2942,0
Ledia,F,5,0,5
Ledora,F,113,0,113
Lee,M,272810,217191,55619
Leea,F,10,0,10
Leeah,F,295,0,295
Leeam,M,11,11,0
Leeana,F,133,0,133
Leeandra,F,25,0,25
Leeann,F,9971,0,9971
Leeanna,F,1086,0,1086
Leeanne,F,957,0,957
Leeasia,F,5,0,5
Leeba,F,236,0,236
Leela,F,2452,0,2452
Leelah,F,34,0,34
Leelan,M,29,29,0
Leeland,M,1462,1462,0
Leelee,F,5,0,5
Leeman,M,17,17,0
Leen,F,683,0,683
Leena,F,3487,0,3487
Leeon,M,6,6,0
Leeroy,M,1446,1446,0
Leesa,F,1957,0,1957
Leesha,F,5,0,5
Leevi,M,55,55,0
Leeya,F,33,0,33
Leeyah,F,25,0,25
Leeza,F,199,0,199
Legacee,F,5,0,5
Legaci,F,443,5,438
Legacie,F,35,0,35
Legacy,F,5499,1646,3853
Legend,M,20908,20704,204
Legendary,M,5,5,0
Legion,M,6,6,0
Legrand,M,41,41,0
Legrande,M,10,10,0
Legynd,M,10,10,0
Lehi,M,6,6,0
Lehiwa,F,5,0,5
Lehlani,F,37,0,37
Lehman,M,24,24,0
Lehua,F,96,0,96
Lehuanani,F,6,0,6
Lei,F,80,0,80
Leia,F,13954,0,13954
Leiah,F,359,0,359
Leialoha,F,11,0,11
Leiana,F,250,0,250
Leiani,F,25,0,25
Leianna,F,103,0,103
Leib,M,222,222,0
Leibish,M,147,147,0
Leiby,M,60,60,0
Leida,F,44,0,44
Leidi,F,10,0,10
Leidy,F,190,0,190
Leif,M,5186,5186,0
Leigh,F,38336,1672,36664
Leigha,F,3762,0,3762
Leighann,F,1095,0,1095
Leighanna,F,56,0,56
Leighanne,F,111,0,111
Leighla,F,144,0,144
Leighlani,F,13,0,13
Leighton,F,14056,4349,9707
Leightyn,F,12,0,12
Leila,F,43207,0,43207
Leilah,F,2615,0,2615
Leilahni,F,5,0,5
Leilana,F,74,0,74
Leiland,M,63,63,0
Leilanee,F,5,0,5
Leilaney,F,5,0,5
Leilani,F,45805,0,45805
Leilanie,F,438,0,438
Leilanni,F,118,0,118
Leilanny,F,13,0,13
Leilany,F,3236,0,3236
Leileen,F,6,0,6
Leilene,F,94,0,94
Leiloni,F,43,0,43
Leily,F,5,0,5
Leimomi,F,27,0,27
Leina,F,82,0,82
Leinaala,F,23,0,23
Leira,F,21,0,21
Leisa,F,3260,0,3260
Leisha,F,422,0,422
Leita,F,5,0,5
Leiya,F,15,0,15
Leiyah,F,15,0,15
Lejend,M,34,34,0
Lejla,F,122,0,122
Lejon,M,55,55,0
Lekeisha,F,136,0,136
Lekendrick,M,16,16,0
Lekesha,F,127,0,127
Lekeshia,F,70,0,70
Lekisha,F,300,0,300
Lela,F,27423,0,27423
Lelah,F,102,0,102
Lelan,M,34,34,0
Leland,M,50731,50731,0
Lelani,F,141,0,141
Lelania,F,5,0,5
Lelar,F,36,0,36
Leldon,M,97,97,0
Lelia,F,7692,0,7692
Leliana,F,5,0,5
Lella,F,31,0,31
Lelon,M,12,12,0
Lelton,M,15,15,0
Lem,M,78,78,0
Lema,F,6,0,6
Lemar,M,183,183,0
Lemarcus,M,28,28,0
Lemmie,M,31,26,5
Lemon,M,109,86,23
Lemond,M,5,5,0
Lemont,M,41,41,0
Lemoyne,M,5,5,0
Lempi,F,60,0,60
Lemuel,M,4112,4112,0
Len,M,987,987,0
Lena,F,106252,0,106252
Lenae,F,15,0,15
Lenard,M,5538,5538,0
Lenda,F,155,0,155
Lendon,M,5,5,0
Lendora,F,11,0,11
Lenee,F,15,0,15
Lenell,M,50,50,0
Lenette,F,79,0,79
Leng,M,190,190,0
Leni,F,533,0,533
Lenin,M,696,696,0
Lenina,F,5,0,5
Lenis,M,5,5,0
Lenise,F,18,0,18
Lenita,F,53,0,53
Lenna,F,515,0,515
Lennan,F,5,0,5
Lennard,M,26,26,0
Lennart,M,35,35,0
Lenni,F,21,0,21
Lennie,F,1749,297,1452
Lennin,M,16,16,0
Lennis,M,90,83,7
Lennix,U,52,31,21
Lennon,F,13984,4998,8986
Lennox,U,14570,10604,3966
Lenny,M,4505,4446,59
Lennyn,F,137,0,137
Leno,M,21,21,0
Lenoard,M,5,5,0
Lenon,M,20,20,0
Lenora,F,27918,0,27918
Lenord,M,198,198,0
Lenore,F,16592,0,16592
Lenox,M,921,871,50
Lenton,M,143,143,0
Lenvil,M,5,5,0
Lenville,M,49,49,0
Lenward,M,6,6,0
Lenwood,M,962,962,0
Lenya,F,5,0,5
Lenyx,F,5,0,5
Lenzy,M,13,13,0
Leo,M,229031,228816,215
Leobardo,M,1880,1880,0
Leocadia,F,263,0,263
Leocadio,M,26,26,0
Leoda,F,10,0,10
Leodis,M,56,56,0
Leola,F,20179,0,20179
Leoma,F,112,0,112
Leon,M,168514,168493,21
Leona,F,90584,0,90584
Leonard,M,280741,280675,66
Leonarda,F,206,0,206
Leonardo,M,85290,85282,8
Leonce,M,234,234,0
Leoncio,M,54,54,0
Leondra,F,86,0,86
Leondre,M,28,28,0
Leone,F,2800,29,2771
Leonel,M,22675,22675,0
Leonela,F,534,0,534
Leoni,F,9,0,9
Leonia,F,205,0,205
Leonid,M,38,38,0
Leonidas,M,7102,7102,0
Leonide,M,5,5,0
Leonides,M,87,87,0
Leonie,F,314,0,314
Leonila,F,88,0,88
Leonilda,F,5,0,5
Leonise,F,5,0,5
Leonna,F,63,0,63
Leonor,F,4266,0,4266
Leonora,F,3121,0,3121
Leonore,F,817,0,817
Leontine,F,105,0,105
Leopold,M,1319,1319,0
Leopoldo,M,4323,4323,0
Leor,M,47,47,0
Leora,F,5703,0,5703
Leory,M,5,5,0
Leota,F,6087,0,6087
Leotha,F,63,0,63
Leotis,M,84,84,0
Leovanni,M,98,98,0
Leovardo,M,42,42,0
Lequan,M,22,22,0
Lera,F,679,0,679
Leron,M,196,196,0
Lerone,M,5,5,0
Leronia,F,5,0,5
Leroy,M,188794,188770,24
Les,M,1189,1189,0
Lesa,F,9300,0,9300
Lesha,F,137,0,137
Leshawn,M,46,36,10
Leshia,F,103,0,103
Lesia,F,2078,0,2078
Lesieli,F,6,0,6
Leslea,F,10,0,10
Leslee,F,1956,0,1956
Lesley,F,31421,1203,30218
Lesleyann,F,5,0,5
Lesli,F,2921,0,2921
Leslie,F,370080,103919,266161
Leslieann,F,85,0,85
Lesliee,F,5,0,5
Lesly,F,12662,59,12603
Leslye,F,822,0,822
Lessie,F,9448,178,9270
Lessley,F,6,0,6
Lesslie,F,136,0,136
Lessly,F,286,0,286
Lesta,F,5,0,5
Lestat,M,27,27,0
Lester,M,118501,118469,32
Lesvia,F,6,0,6
Leta,F,5888,0,5888
Letcher,M,41,41,0
Letecia,F,57,0,57
Letesha,F,5,0,5
Letetia,F,5,0,5
Letha,F,12750,0,12750
Lether,F,16,0,16
Lethia,F,44,0,44
Letica,F,10,0,10
Leticia,F,39142,59,39083
Letisha,F,669,0,669
Letisia,F,380,0,380
Letitia,F,6757,0,6757
Letizia,F,10,0,10
Letoya,F,16,0,16
Letrice,F,22,0,22
Letricia,F,16,0,16
Letta,F,16,0,16
Letti,F,32,0,32
Letticia,F,121,0,121
Lettie,F,4340,0,4340
Letty,F,1299,0,1299
Lety,F,10,0,10
Letzy,F,5,0,5
Leul,M,23,23,0
Lev,M,1587,1587,0
Leva,F,30,0,30
Levada,F,5,0,5
Levan,M,11,11,0
Levana,F,6,0,6
Levar,M,1129,1129,0
Levell,M,51,51,0
Levelle,M,5,5,0
Levent,M,5,5,0
Leveon,M,6,6,0
Levere,M,5,5,0
Levern,M,737,732,5
Leverne,M,135,135,0
Levert,M,47,47,0
Levester,M,88,88,0
Levi,M,189943,189621,322
Leviathan,M,162,162,0
Levie,M,87,87,0
Levii,M,21,21,0
Levin,M,187,187,0
Levis,F,5,0,5
Leviticus,M,156,156,0
Levon,M,2040,2024,16
Levonia,F,23,0,23
Levonte,M,5,5,0
Levy,M,1171,1121,50
Lew,M,110,110,0
Lewie,M,64,64,0
Lewis,M,138970,138960,10
Lex,M,937,937,0
Lexa,F,362,0,362
Lexani,F,46,0,46
Lexee,F,20,0,20
Lexey,F,5,0,5
Lexi,F,25667,0,25667
Lexia,F,85,0,85
Lexie,F,12744,6,12738
Lexiel,M,5,5,0
Lexii,F,22,0,22
Lexine,F,33,0,33
Lexington,F,480,197,283
Lexis,F,1749,0,1749
Lexton,M,5,5,0
Lexus,F,4955,22,4933
Lexxi,F,7,0,7
Lexxie,F,5,0,5
Lexxus,F,6,0,6
Lexy,F,1289,0,1289
Leya,F,390,0,390
Leyah,F,372,0,372
Leyanna,F,5,0,5
Leyda,F,28,0,28
Leydi,F,84,0,84
Leyla,F,7654,0,7654
Leylah,F,440,0,440
Leyland,M,10,10,0
Leylani,F,1412,0,1412
Leylanie,F,114,0,114
Leylany,F,22,0,22
Leyna,F,812,0,812
Leyre,F,6,0,6
Leyton,M,1010,995,15
Leza,F,6,0,6
Lezer,M,5,5,0
Lezlee,F,5,0,5
Lezli,F,5,0,5
Lezlie,F,628,0,628
Lezly,F,233,0,233
Li,F,50,12,38
Lia,F,22291,0,22291
Liah,F,1445,0,1445
Liahna,F,6,0,6
Liam,M,313803,313787,16
Lian,M,2719,2440,279
Liana,F,15738,0,15738
Liandra,F,11,0,11
Liandro,M,5,5,0
Liane,F,1606,0,1606
Lianet,F,18,0,18
Liangelo,M,40,40,0
Liani,F,211,0,211
Liann,F,6,0,6
Lianna,F,4049,0,4049
Liannah,F,6,0,6
Lianne,F,1055,0,1055
Lianni,F,10,0,10
Lianny,F,70,0,70
Liany,F,5,0,5
Liara,F,120,0,120
Liat,F,70,0,70
Liav,M,5,5,0
Liba,F,725,0,725
Liban,M,55,55,0
Libbie,F,155,0,155
Libby,F,11738,0,11738
Liberato,M,5,5,0
Libertad,F,5,0,5
Liberty,F,12270,0,12270
Libni,F,45,0,45
Liboria,F,7,0,7
Liborio,M,77,77,0
Libra,F,12,0,12
Librada,F,328,0,328
Librado,M,679,679,0
Licet,F,32,0,32
Licette,F,11,0,11
Licia,F,45,0,45
Lida,F,929,0,929
Liddie,F,81,0,81
Lidia,F,7941,0,7941
Liduvina,F,5,0,5
Lidwina,F,5,0,5
Lidya,F,15,0,15
Liel,F,174,0,174
Lielle,F,251,0,251
Liem,M,99,99,0
Lien,F,116,0,116
Liese,F,5,0,5
Liesel,F,95,0,95
Liesl,F,251,0,251
Lieutenant,M,5,5,0
Liev,M,135,135,0
Liezl,F,6,0,6
Lige,M,73,73,0
Light,M,11,11,0
Ligia,F,183,0,183
Liisa,F,15,0,15
Lila,F,64232,0,64232
Lilac,F,15,0,15
Lilah,F,18885,0,18885
Lilas,F,10,0,10
Lilburn,M,132,132,0
Lile,F,5,0,5
Lilee,F,91,0,91
Lileigh,F,5,0,5
Lili,F,1371,0,1371
Lilia,F,10407,0,10407
Liliah,F,5,0,5
Lilian,F,15564,0,15564
Liliana,F,67325,80,67245
Liliane,F,54,0,54
Liliani,F,5,0,5
Liliann,F,49,0,49
Lilianna,F,6786,0,6786
Lilianne,F,128,0,128
Lilibet,F,16,0,16
Lilibeth,F,892,0,892
Lilie,F,123,0,123
Lilieth,F,5,0,5
Lilikoi,F,8,0,8
Lilinoe,F,105,0,105
Lilit,F,251,0,251
Lilith,F,9745,0,9745
Liliya,F,97,0,97
Lilja,F,6,0,6
Lilla,F,840,0,840
Lillard,M,149,149,0
Lillee,F,130,0,130
Liller,F,10,0,10
Lilley,F,8,0,8
Lilli,F,1085,0,1085
Lillia,F,292,0,292
Lilliam,F,190,0,190
Lillian,F,397314,71,397243
Lilliana,F,19912,0,19912
Lilliann,F,194,0,194
Lillianna,F,4741,0,4741
Lillianne,F,152,0,152
Lillie,F,115218,48,115170
Lilliemae,F,20,0,20
Lillion,F,5,0,5
Lillith,F,683,0,683
Lilly,F,56437,6,56431
Lillyan,F,1020,0,1020
Lillyana,F,2189,0,2189
Lillyann,F,1089,0,1089
Lillyanna,F,1986,0,1986
Lillyanne,F,196,0,196
Lillybeth,F,5,0,5
Lillymae,F,5,0,5
Lillyonna,F,5,0,5
Lilo,F,40,0,40
Lilou,F,46,0,46
Lilu,F,5,0,5
Lily,F,169551,12,169539
Lilya,F,61,0,61
Lilyan,F,1893,0,1893
Lilyana,F,8147,0,8147
Lilyanah,F,6,0,6
Lilyann,F,1702,0,1702
Lilyanna,F,3436,0,3436
Lilyanne,F,414,0,414
Lilybeth,F,94,0,94
Lilyona,F,5,0,5
Lilyrose,F,136,0,136
Lilyth,F,30,0,30
Limairy,F,5,0,5
Limayri,F,6,0,6
Limmie,M,5,5,0
Lin,F,98,0,98
Lina,F,11928,0,11928
Linas,M,33,33,0
Linc,M,5,5,0
Lincoln,M,90411,89432,979
Lincy,F,6,0,6
Linda,F,1451244,1762,1449482
Lindalee,F,34,0,34
Lindberg,M,32,32,0
Lindbergh,M,153,153,0
Linde,F,6,0,6
Lindell,M,902,902,0
Linden,U,940,645,295
Linder,F,11,0,11
Lindi,F,59,0,59
Lindia,F,5,0,5
Lindita,F,5,0,5
Lindley,F,99,5,94
Lindon,M,14,14,0
Lindsay,F,129319,1593,127726
Lindsee,F,15,0,15
Lindsey,F,158626,3449,155177
Lindsi,F,52,0,52
Lindsie,F,135,0,135
Lindsy,F,657,0,657
Lindwood,M,6,6,0
Lindy,F,4522,460,4062
Lindzy,F,6,0,6
Linell,F,6,0,6
Linette,F,1963,0,1963
Linford,M,142,142,0
Ling,F,31,0,31
Linh,F,610,51,559
Link,M,933,933,0
Linken,M,5,5,0
Linkin,M,920,920,0
Linkoln,M,71,71,0
Linley,F,411,0,411
Linn,U,199,135,64
Linna,F,24,0,24
Linnae,F,16,0,16
Linnea,F,5324,0,5324
Linnette,F,127,0,127
Linnie,F,3456,10,3446
Lino,M,2235,2235,0
Linsay,F,42,0,42
Linsey,F,2861,0,2861
Linsy,F,5,0,5
Linton,M,647,647,0
Linus,M,1863,1863,0
Linville,M,107,107,0
Linward,M,5,5,0
Linwood,M,9672,9672,0
Linzi,F,5,0,5
Linzie,F,10,0,10
Linzy,F,49,0,49
Lio,M,54,54,0
Lion,M,63,63,0
Lionardo,M,10,10,0
Lionel,M,26593,26593,0
Lionell,M,284,284,0
Lionor,F,5,0,5
Lior,M,358,320,38
Liora,F,468,0,468
Lipa,M,878,873,5
Lira,F,16,0,16
Liria,F,5,0,5
Liridon,M,18,18,0
Liridona,F,35,0,35
Lirio,F,10,0,10
Liron,F,11,0,11
Lisa,F,965560,1297,964263
Lisaann,F,215,0,215
Lisabeth,F,163,0,163
Lisamarie,F,833,0,833
Lisandra,F,792,0,792
Lisandro,M,1160,1160,0
Lisania,F,16,0,16
Lisanne,F,39,0,39
Lisbel,F,5,0,5
Lisbet,F,485,0,485
Lisbeth,F,3256,0,3256
Lise,F,1155,0,1155
Liset,F,571,0,571
Liseth,F,316,0,316
Lisett,F,198,0,198
Lisette,F,7321,0,7321
Lisha,F,886,0,886
Lisia,F,5,0,5
Lisle,M,10,10,0
Lismary,F,5,0,5
Lissa,F,1397,0,1397
Lissandra,F,22,0,22
Lisset,F,812,0,812
Lissete,F,137,0,137
Lisseth,F,254,0,254
Lissett,F,181,0,181
Lissette,F,6287,0,6287
Lissie,F,51,0,51
Lister,M,7,7,0
Liston,M,187,187,0
Lisvet,F,5,0,5
Lita,F,1181,0,1181
Lithzy,F,5,0,5
Litsy,F,10,0,10
Littie,F,22,0,22
Little,M,105,105,0
Littleton,M,10,10,0
Litzi,F,238,0,238
Litzy,F,5998,0,5998
Liv,F,4795,0,4795
Livan,M,93,93,0
Livana,F,15,0,15
Lively,F,139,0,139
Livi,F,94,0,94
Livia,F,6787,0,6787
Liviana,F,75,0,75
Livie,F,94,0,94
Livier,F,160,0,160
Livingston,M,6,6,0
Livio,M,10,10,0
Livvy,F,41,0,41
Livy,F,17,0,17
Liya,F,1136,0,1136
Liyah,F,1026,0,1026
Liyana,F,714,0,714
Liyat,F,6,0,6
Liz,F,7184,0,7184
Liza,F,11810,0,11810
Lizabeth,F,2480,0,2480
Lizandra,F,60,0,60
Lizandro,M,351,351,0
Lizania,F,29,0,29
Lizanne,F,134,0,134
Lizbet,F,701,0,701
Lizbeth,F,23068,0,23068
Lizbett,F,10,0,10
Lizel,F,5,0,5
Lizet,F,1769,0,1769
Lizeth,F,7565,5,7560
Lizett,F,772,0,772
Lizette,F,10224,5,10219
Lizmarie,F,97,0,97
Lizmary,F,31,0,31
Lizvet,F,10,0,10
Lizveth,F,5,0,5
Lizvette,F,5,0,5
Lizza,F,5,0,5
Lizzet,F,336,0,336
Lizzete,F,20,0,20
Lizzeth,F,243,0,243
Lizzett,F,45,0,45
Lizzette,F,1132,0,1132
Lizzie,F,20692,0,20692
Lizzieann,F,5,0,5
Lizzy,F,77,0,77
Lladira,F,5,0,5
Llana,F,5,0,5
Llesenia,F,101,0,101
Llewellyn,M,582,582,0
Llewyn,M,87,87,0
Lleyton,M,89,89,0
Lliam,M,26,26,0
Lloana,F,5,0,5
Lloyd,M,150249,150234,15
Lluliana,F,8,0,8
Lluvia,F,2480,0,2480
Lo,M,6,6,0
Loa,F,59,0,59
Loan,F,120,0,120
Loana,F,6,0,6
Loann,F,16,0,16
Loay,M,5,5,0
Loc,M,32,32,0
Locadio,M,6,6,0
Lochlan,M,3000,3000,0
Lochlann,M,17,17,0
Lochlyn,F,10,0,10
Locke,M,156,156,0
Lockie,F,16,0,16
Locklyn,F,16,0,16
Lodell,F,5,0,5
Lodema,F,5,0,5
Lodena,F,5,0,5
Loeta,F,20,0,20
Loetta,F,10,0,10
Loette,F,6,0,6
Lofton,M,6,6,0
Logan,M,401044,372472,28572
Logann,F,42,0,42
Logen,M,201,201,0
Loghan,F,46,23,23
Logun,M,16,16,0
Logyn,F,5,0,5
Loic,M,37,37,0
Loida,F,133,0,133
Lois,F,318396,863,317533
Loise,F,53,5,48
Lokelani,F,20,0,20
Loki,M,752,752,0
Lola,F,78715,0,78715
Lolah,F,6,0,6
Loleta,F,15,0,15
Lolita,F,4592,0,4592
Lollie,F,61,0,61
Lolly,F,5,0,5
Loma,F,333,0,333
Loman,M,5,5,0
Lomax,M,36,36,0
Lometa,F,29,0,29
Lon,M,5027,5027,0
Lona,F,4384,0,4384
Lonas,M,6,6,0
Londa,F,231,0,231
Londell,M,11,11,0
Londen,F,37,5,32
Londin,F,5,0,5
London,F,48715,7441,41274
Londyn,F,24601,21,24580
Londynn,F,2197,0,2197
Lonell,M,10,10,0
Loney,U,17,11,6
Long,M,878,878,0
Loni,F,1545,0,1545
Lonia,F,5,0,5
Lonie,F,320,41,279
Lonn,M,5,5,0
Lonna,F,866,0,866
Lonnell,M,100,100,0
Lonnie,M,90159,87101,3058
Lonny,M,3427,3427,0
Lonza,M,10,10,0
Lonzell,M,5,5,0
Lonzie,M,109,109,0
Lonzo,M,1301,1301,0
Lonzy,M,5,5,0
Loomis,M,5,5,0
Lopaka,M,93,93,0
Lora,F,43352,0,43352
Lorain,F,31,0,31
Loraine,F,12061,27,12034
Loralai,F,5,0,5
Loralee,F,220,0,220
Loralei,F,386,0,386
Lorali,F,10,0,10
Loralie,F,20,0,20
Loralye,F,5,0,5
Loran,M,599,567,32
Loras,M,191,191,0
Lorayne,F,308,0,308
Lord,M,17,17,0
Lore,F,146,0,146
Loreal,F,428,0,428
Lorean,F,273,0,273
Loredana,F,36,0,36
Loree,F,857,0,857
Loreen,F,1402,0,1402
Lorel,F,32,0,32
Lorelai,F,7573,0,7573
Lorelei,F,13121,0,13121
Loreley,F,6,0,6
Loreli,F,26,0,26
Lorelie,F,10,0,10
Lorell,F,5,0,5
Lorella,F,5,0,5
Lorelle,F,25,0,25
Lorely,F,33,0,33
Loren,M,49730,40324,9406
Lorena,F,35579,70,35509
Lorenda,F,26,0,26
Lorene,F,33386,0,33386
Lorenia,F,16,0,16
Lorenso,M,29,29,0
Lorenz,M,115,115,0
Lorenza,F,3372,1900,1472
Lorenzo,M,74638,74638,0
Loreta,F,237,0,237
Loretha,F,339,0,339
Loreto,M,16,16,0
Loretta,F,163519,5,163514
Lorette,F,151,0,151
Loretto,F,34,0,34
Lorez,F,5,0,5
Lori,F,339349,90,339259
Loria,F,417,0,417
Loriana,F,34,0,34
Loriann,F,2134,0,2134
Lorianna,F,6,0,6
Lorianne,F,397,0,397
Lorie,F,19278,0,19278
Lorien,F,74,0,74
Loriene,F,15,0,15
Lorik,M,15,15,0
Lorilee,F,68,0,68
Lorilei,F,6,0,6
Lorilyn,F,15,0,15
Lorin,U,2063,1322,741
Lorina,F,367,0,367
Lorinda,F,1896,0,1896
Lorine,F,6039,0,6039
Loring,M,104,104,0
Loris,F,86,0,86
Lorisa,F,10,0,10
Lorissa,F,201,0,201
Lorita,F,243,0,243
Lorma,F,5,0,5
Lorn,M,5,5,0
Lorna,F,22881,0,22881
Lorne,M,1453,1453,0
Lorra,F,10,0,10
Lorrain,F,6,0,6
Lorraina,F,17,0,17
Lorraine,F,203960,57,203903
Lorrayne,F,211,0,211
Lorre,F,10,0,10
Lorren,F,5,0,5
Lorrene,F,5,0,5
Lorretta,F,400,0,400
Lorri,F,6338,0,6338
Lorriane,F,26,0,26
Lorrie,F,14930,0,14930
Lorrin,M,10,10,0
Lorrine,F,11,0,11
Lorry,F,110,0,110
Lory,F,698,11,687
Loryn,F,323,0,323
Lossie,F,437,0,437
Lota,F,17,0,17
Lothar,M,5,5,0
Lothrop,M,5,5,0
Lotoya,F,49,0,49
Lotta,F,5,0,5
Lottie,F,28681,0,28681
Lotus,F,696,10,686
Lou,F,27507,591,26916
Louann,F,2663,0,2663
Louanna,F,53,0,53
Louanne,F,326,0,326
Louard,M,5,5,0
Louay,M,5,5,0
Louden,M,5,5,0
Louella,F,7775,0,7775
Louelle,F,6,0,6
Louetta,F,74,0,74
Lougenia,F,6,0,6
Louie,M,23892,23497,395
Louis,M,375065,374699,366
Louisa,F,11358,0,11358
Louise,F,284529,226,284303
Louisiana,F,16,0,16
Louka,M,5,5,0
Loukas,M,57,57,0
Loukisha,F,6,0,6
Loula,F,5,0,5
Louna,F,19,0,19
Loura,F,17,0,17
Lourdes,F,12192,5,12187
Louren,F,5,0,5
Lourie,F,57,0,57
Lousie,F,5,0,5
Louvenia,F,1795,0,1795
Louvinia,F,5,0,5
Love,F,2035,49,1986
Loveah,F,13,0,13
Loveda,F,6,0,6
Lovelace,M,18,18,0
Loveless,M,5,5,0
Lovell,M,777,767,10
Lovella,F,57,0,57
Lovely,F,704,0,704
Lovelyn,F,61,0,61
Lovelynn,F,27,0,27
Lovenia,F,99,0,99
Loveta,F,42,0,42
Lovett,M,62,62,0
Lovetta,F,26,0,26
Lovette,F,26,0,26
Lovey,F,5,0,5
Lovie,F,2646,17,2629
Lovina,F,345,0,345
Lowana,F,7,0,7
Lowanda,F,10,0,10
Lowell,M,36138,36138,0
Lowen,F,99,44,55
Lowery,M,5,5,0
Lowry,M,5,5,0
Loxley,F,50,0,50
Loy,M,1651,1580,71
Loyal,M,2144,2098,46
Loyalty,F,1440,32,1408
Loyce,F,1927,77,1850
Loyd,M,17859,17854,5
Loyda,F,7,0,7
Loyde,M,5,5,0
Loye,M,19,19,0
Loyola,F,34,0,34
Ltanya,F,47,0,47
Lu,F,2091,0,2091
Lua,F,407,0,407
Luan,M,220,210,10
Luana,F,1899,0,1899
Luann,F,13000,0,13000
Luanna,F,118,0,118
Luanne,F,6225,0,6225
Luba,F,88,0,88
Luberdie,F,5,0,5
Luberta,F,165,0,165
Lubertha,F,189,0,189
Lubna,F,10,0,10
Lubov,F,5,0,5
Luby,M,108,108,0
Luc,M,1827,1827,0
Luca,M,59941,59373,568
Lucah,M,112,112,0
Lucan,M,19,19,0
Lucas,M,307786,307742,44
Lucca,M,5642,5480,162
Luccas,M,60,60,0
Lucciana,F,34,0,34
Lucciano,M,128,128,0
Luceal,F,27,0,27
Lucecita,F,8,0,8
Lucely,F,5,0,5
Lucerito,F,186,0,186
Lucero,F,5938,70,5868
Lucesita,F,5,0,5
Lucetta,F,57,0,57
Luci,F,501,0,501
Lucia,F,47571,5,47566
Lucian,M,8344,8344,0
Luciana,F,12363,0,12363
Lucianna,F,714,0,714
Luciano,M,12904,12904,0
Lucie,F,2472,0,2472
Luciel,F,84,0,84
Lucielle,F,5,0,5
Lucien,M,5001,5001,0
Lucienne,F,351,0,351
Lucifer,M,76,76,0
Lucila,F,1455,0,1455
Lucile,F,24272,0,24272
Lucilla,F,58,0,58
Lucille,F,205330,5,205325
Lucina,F,267,0,267
Lucinda,F,30034,0,30034
Lucine,F,37,0,37
Lucio,M,4037,4037,0
Lucious,M,2093,2093,0
Lucius,M,4454,4454,0
Lucky,M,826,796,30
Lucrecia,F,139,0,139
Lucretia,F,5070,0,5070
Lucrezia,F,23,0,23
Lucus,M,126,126,0
Lucy,F,193420,10,193410
Lucyann,F,5,0,5
Lucyle,F,10,0,10
Luddie,F,10,5,5
Ludean,F,21,0,21
Ludell,F,19,0,19
Ludger,M,36,36,0
Ludie,F,909,33,876
Ludivina,F,271,0,271
Ludmilla,F,6,0,6
Ludwig,M,863,863,0
Ludwika,F,5,0,5
Ludwin,M,17,17,0
Lue,F,4098,82,4016
Luecile,F,5,0,5
Luella,F,21513,0,21513
Luetta,F,383,0,383
Luevenia,F,43,0,43
Lugarda,F,16,0,16
Lugardita,F,5,0,5
Lugene,F,153,57,96
Lugenia,F,87,0,87
Luian,M,5,5,0
Luigi,M,2324,2324,0
Luis,M,285090,284400,690
Luisa,F,10373,0,10373
Luisalberto,M,103,103,0
Luisalfredo,M,17,17,0
Luisana,F,312,0,312
Luisangel,M,761,761,0
Luisantonio,M,54,54,0
Luisdavid,M,5,5,0
Luise,F,38,0,38
Luiseduardo,M,6,6,0
Luisenrique,M,116,116,0
Luisfelipe,M,10,10,0
Luisfernando,M,81,81,0
Luisgustavo,M,6,6,0
Luismanuel,M,16,16,0
Luismario,M,14,14,0
Luismiguel,M,32,32,0
Luiz,M,1583,1583,0
Luiza,F,371,0,371
Lujain,F,82,0,82
Lujean,F,5,0,5
Luka,M,20228,20198,30
Lukah,M,200,200,0
Lukas,M,39749,39742,7
Lukasz,M,218,218,0
Luke,M,304511,304478,33
Luken,M,5,5,0
Lukus,M,26,26,0
Lula,F,52890,10,52880
Lulabelle,F,6,0,6
Lular,F,23,0,23
Lulu,F,2256,0,2256
Luma,F,10,0,10
Lumen,F,38,0,38
Lumi,F,138,0,138
Lumina,F,12,0,12
Lumir,M,74,74,0
Lun,F,17,0,17
Luna,F,71833,0,71833
Lunabella,F,16,0,16
Lunabelle,F,25,0,25
Lunah,F,5,0,5
Lunamae,F,5,0,5
Lunarose,F,5,0,5
Lunden,F,12,5,7
Lundon,F,5,0,5
Lundy,M,10,10,0
Lundyn,F,221,0,221
Lunette,F,16,0,16
Lunna,F,66,0,66
Lupe,F,21535,4848,16687
Lupie,F,6,0,6
Lupita,F,4123,0,4123
Luqman,M,257,257,0
Lura,F,3394,0,3394
Lurdes,F,106,0,106
Lurene,F,37,0,37
Luretha,F,32,0,32
Lurlean,F,5,0,5
Lurleen,F,5,0,5
Lurlene,F,124,0,124
Lurline,F,683,0,683
Lus,F,129,0,129
Lusero,F,39,0,39
Lusia,F,35,0,35
Lusiano,M,13,13,0
Lusine,F,72,0,72
Luster,M,182,182,0
Luther,M,53980,53975,5
Lutrelle,F,5,0,5
Lutricia,F,51,0,51
Luvender,M,5,5,0
Luvenia,F,1448,0,1448
Luvern,M,40,40,0
Luverne,U,1133,766,367
Luvina,F,7,0,7
Luvinia,F,5,0,5
Luwana,F,6,0,6
Luwanda,F,5,0,5
Lux,F,1229,614,615
Luxe,F,11,5,6
Luxton,M,10,10,0
Luz,F,24666,335,24331
Luzelena,F,87,0,87
Luzer,M,26,26,0
Luzia,F,10,0,10
Luzma,F,5,0,5
Luzmaria,F,318,0,318
Ly,F,57,13,44
Lya,F,405,0,405
Lyah,F,49,0,49
Lyall,M,10,10,0
Lyam,M,884,884,0
Lyan,M,207,207,0
Lyana,F,170,0,170
Lyann,F,21,0,21
Lyanna,F,2252,0,2252
Lyanne,F,176,0,176
Lyasia,F,5,0,5
Lyda,F,1044,0,1044
Lydell,M,283,283,0
Lydia,F,163839,28,163811
Lydiann,F,44,0,44
Lydie,F,10,0,10
Lyfe,M,5,5,0
Lyla,F,39572,0,39572
Lylah,F,6502,0,6502
Lyle,M,52356,52333,23
Lylia,F,6,0,6
Lyliana,F,25,0,25
Lylla,F,26,0,26
Lyllian,F,16,0,16
Lyly,F,5,0,5
Lyman,M,3293,3293,0
Lyn,F,4492,178,4314
Lyna,F,103,0,103
Lynae,F,72,0,72
Lynanne,F,6,0,6
Lyncoln,M,21,21,0
Lynda,F,74396,0,74396
Lyndal,M,6,6,0
Lyndall,M,5,5,0
Lyndee,F,84,0,84
Lyndel,M,5,5,0
Lyndell,M,272,245,27
Lynden,F,65,37,28
Lyndi,F,233,0,233
Lyndia,F,167,0,167
Lyndie,F,5,0,5
Lyndle,M,16,16,0
Lyndon,M,4710,4682,28
Lyndsay,F,4713,0,4713
Lyndsee,F,12,0,12
Lyndsey,F,12290,0,12290
Lyndsi,F,171,0,171
Lyndsie,F,286,0,286
Lyndsy,F,28,0,28
Lynea,F,5,0,5
Lynee,F,5,0,5
Lynell,F,431,26,405
Lynelle,F,392,0,392
Lynetta,F,166,0,166
Lynette,F,38977,0,38977
Lynford,M,6,6,0
Lyniah,F,6,0,6
Lynix,F,5,0,5
Lynlee,F,865,0,865
Lynleigh,F,156,0,156
Lynley,F,43,0,43
Lynn,F,225833,47605,178228
Lynna,F,202,0,202
Lynnae,F,75,0,75
Lynnann,F,5,0,5
Lynnda,F,72,0,72
Lynne,F,58732,10,58722
Lynnea,F,82,0,82
Lynnel,F,7,0,7
Lynnell,F,17,0,17
Lynnett,F,5,0,5
Lynnetta,F,10,0,10
Lynnette,F,11678,0,11678
Lynnex,F,20,0,20
Lynnie,F,5,0,5
Lynnix,F,5,0,5
Lynnlee,F,309,0,309
Lynnleigh,F,21,0,21
Lynnmarie,F,18,0,18
Lynnon,F,5,0,5
Lynnox,F,67,0,67
Lynnsey,F,15,0,15
Lynsey,F,2911,0,2911
Lynsie,F,100,0,100
Lynwood,M,2167,2167,0
Lynx,M,22,22,0
Lynzee,F,41,0,41
Lynzi,F,17,0,17
Lynzie,F,22,0,22
Lyon,M,218,218,0
Lyra,F,5231,0,5231
Lyric,F,21760,3037,18723
Lyrica,F,251,0,251
Lyrical,F,10,0,10
Lyrik,F,403,111,292
Lyriq,F,127,0,127
Lysa,F,37,0,37
Lysander,M,63,63,0
Lysandra,F,27,0,27
Lysette,F,258,0,258
Lysle,M,11,11,0
Lyssa,F,160,0,160
Lytzy,F,5,0,5
Lyvia,F,10,0,10
Lyza,F,37,0,37
Lyzeth,F,5,0,5
Lyzette,F,69,0,69
Ma,F,153,0,153
Maahi,F,76,0,76
Maahir,M,5,5,0
Maalik,M,26,26,0
Maaliyah,F,11,0,11
Maame,F,5,0,5
Maanvi,F,38,0,38
Maanya,F,50,0,50
Maasai,M,5,5,0
Maayan,F,162,0,162
Maaz,M,126,126,0
Mabel,F,78674,0,78674
Mabell,F,62,0,62
Mabelle,F,69,0,69
Mable,F,40025,0,40025
Mabry,F,525,0,525
Mac,M,5434,5434,0
Macady,F,11,0,11
Macaela,F,27,0,27
Macala,F,5,0,5
Macallan,M,26,26,0
Macarena,F,61,0,61
Macari,M,5,5,0
Macaria,F,85,0,85
Macario,M,1562,1562,0
Macarthur,M,178,178,0
Macaulay,M,16,16,0
Macayla,F,859,0,859
Mace,M,189,189,0
Macedonio,M,56,56,0
Macee,F,511,0,511
Macel,F,308,0,308
Macen,M,70,70,0
Macenzie,F,5,0,5
Maceo,M,606,606,0
Macey,F,9271,0,9271
Machai,M,10,10,0
Machele,F,16,0,16
Machell,F,10,0,10
Machelle,F,1290,0,1290
Machi,M,15,15,0
Maci,F,19357,0,19357
Maciah,M,27,27,0
Macie,F,19066,0,19066
Maciej,M,102,102,0
Maciel,F,31,0,31
Macil,F,87,0,87
Mack,M,32962,32962,0
Mackay,M,12,12,0
Mackayla,F,238,0,238
Mackenna,F,1823,0,1823
Mackensie,F,64,0,64
Mackenson,M,5,5,0
Mackenzee,F,81,0,81
Mackenzi,F,605,9,596
Mackenzie,F,143043,5542,137501
Mackenzy,F,140,0,140
Mackey,M,15,15,0
Mackie,F,67,35,32
Mackinzie,F,80,0,80
Macklin,M,806,806,0
Macklyn,F,10,0,10
Mackson,M,5,5,0
Mackynzie,F,17,0,17
Maclain,M,10,10,0
Maclan,M,5,5,0
Maclean,M,5,5,0
Maclin,M,27,27,0
Maclovia,F,10,0,10
Maclovio,M,5,5,0
Macon,M,419,414,5
Macrina,F,10,0,10
Macsen,M,16,16,0
Macy,F,29186,13,29173
Macyn,F,104,0,104
Mada,F,11,0,11
Madai,F,166,0,166
Madailein,F,6,0,6
Madaleine,F,5,0,5
Madalena,F,40,0,40
Madalene,F,102,0,102
Madalin,F,12,0,12
Madaline,F,1268,0,1268
Madalyn,F,19041,0,19041
Madalyne,F,61,0,61
Madalynn,F,7506,0,7506
Madalynne,F,38,0,38
Madani,F,11,0,11
Madasyn,F,5,0,5
Maday,F,6,0,6
Maddalena,F,143,0,143
Maddalyn,F,61,0,61
Maddax,M,21,21,0
Maddelyn,F,71,0,71
Maddelynn,F,5,0,5
Madden,M,6299,5952,347
Maddex,M,589,589,0
Maddi,F,5,0,5
Maddie,F,3279,0,3279
Maddilyn,F,264,0,264
Maddilynn,F,154,0,154
Maddisen,F,20,0,20
Maddison,F,21346,0,21346
Maddisyn,F,267,0,267
Maddix,M,882,871,11
Maddon,M,44,44,0
Maddox,M,44001,43332,669
Maddux,M,2323,2318,5
Maddy,F,83,0,83
Maddyn,F,228,0,228
Maddyson,F,159,0,159
Maddyx,F,5,0,5
Madeira,F,5,0,5
Madelaine,F,962,0,962
Madelein,F,18,0,18
Madeleine,F,38944,8,38936
Madelena,F,5,0,5
Madelene,F,358,0,358
Madeley,F,5,0,5
Madeleyn,F,62,0,62
Madeliene,F,11,0,11
Madelin,F,1169,0,1169
Madelina,F,5,0,5
Madeline,F,191147,30,191117
Madelis,F,6,0,6
Madell,F,7,0,7
Madelon,F,284,0,284
Madelyn,F,104476,9,104467
Madelyne,F,1154,0,1154
Madelynn,F,16261,0,16261
Madelynne,F,475,0,475
Madge,F,7590,0,7590
Madgeline,F,5,0,5
Madgie,F,45,0,45
Madhav,M,110,110,0
Madi,F,17,0,17
Madie,F,1373,0,1373
Madigan,F,103,0,103
Madiha,F,22,0,22
Madilyn,F,21048,0,21048
Madilynn,F,9591,0,9591
Madilynne,F,47,0,47
Madina,F,513,0,513
Madisen,F,3480,0,3480
Madison,F,413142,3230,409912
Madissen,F,5,0,5
Madisson,F,617,0,617
Madisyn,F,15811,0,15811
Madisynn,F,11,0,11
Madix,M,52,52,0
Madlyn,F,319,0,319
Madoc,M,5,5,0
Madolyn,F,133,0,133
Madonna,F,6088,0,6088
Madox,M,14,14,0
Madsen,M,5,5,0
Madylin,F,49,0,49
Madysen,F,1351,0,1351
Madysin,F,7,0,7
Madyson,F,11784,0,11784
Mae,F,80094,11,80083
Maebell,F,187,0,187
Maebelle,F,80,0,80
Maebry,F,61,0,61
Maedell,F,32,0,32
Maedelle,F,5,0,5
Maegan,F,7036,0,7036
Maegen,F,132,0,132
Maeghan,F,119,0,119
Mael,M,495,495,0
Maela,F,15,0,15
Maelani,F,176,0,176
Maelee,F,355,0,355
Maeleigh,F,161,0,161
Maeli,F,5,0,5
Maelie,F,53,0,53
Maelle,F,60,0,60
Maelyn,F,904,0,904
Maelynn,F,1290,0,1290
Maelys,F,10,0,10
Maeson,M,76,65,11
Maesyn,F,24,0,24
Maeva,F,337,0,337
Maeve,F,21605,0,21605
Maeven,F,9,0,9
Maevery,F,10,0,10
Maevis,F,10,0,10
Maevry,F,9,0,9
Maevyn,F,18,0,18
Mafalda,F,861,0,861
Magaby,F,52,0,52
Magalene,F,37,0,37
Magali,F,2297,0,2297
Magalie,F,41,0,41
Magaline,F,29,0,29
Magalis,F,5,0,5
Magally,F,25,0,25
Magaly,F,3705,0,3705
Magan,F,1406,0,1406
Magda,F,1544,0,1544
Magdala,F,17,0,17
Magdalen,F,612,0,612
Magdalena,F,14250,0,14250
Magdalene,F,4309,0,4309
Magdaleno,M,400,400,0
Magdaline,F,96,0,96
Magdalyn,F,6,0,6
Magdelena,F,10,0,10
Magdelene,F,5,0,5
Magdiel,M,80,80,0
Magen,F,1803,0,1803
Maggi,F,10,0,10
Maggie,F,93702,15,93687
Maggy,F,12,0,12
Maghan,F,16,0,16
Magic,M,11,11,0
Magnolia,F,15641,0,15641
Magnus,M,3520,3520,0
Maguadalupe,F,11,0,11
Maguire,M,6,6,0
Maha,F,723,0,723
Mahad,M,180,180,0
Mahala,F,270,0,270
Mahaley,F,5,0,5
Mahalia,F,346,0,346
Maham,F,17,0,17
Mahamadou,M,231,231,0
Mahamed,M,60,60,0
Mahan,M,5,5,0
Mahari,F,26,10,16
Mahathi,F,27,0,27
Mahati,F,5,0,5
Mahayla,F,74,0,74
Mahdi,M,1070,1070,0
Mahdiya,F,16,0,16
Mahealani,F,340,0,340
Maheen,F,123,0,123
Mahek,F,85,0,85
Mahelet,F,11,0,11
Mahendra,M,6,6,0
Maher,M,142,142,0
Mahesh,M,5,5,0
Mahi,F,538,0,538
Mahika,F,110,0,110
Mahima,F,60,0,60
Mahin,M,5,5,0
Mahina,F,364,0,364
Mahir,M,587,587,0
Mahira,F,270,0,270
Mahiyah,F,14,0,14
Mahjabeen,F,5,0,5
Mahkai,M,27,27,0
Mahki,M,231,231,0
Mahlani,F,77,0,77
Mahlia,F,57,0,57
Mahlik,M,10,10,0
Mahlon,M,1899,1899,0
Mahmoud,M,1331,1331,0
Mahmud,M,11,11,0
Mahnoor,F,318,0,318
Mahogany,F,2206,0,2206
Mahonri,M,5,5,0
Mahreen,F,38,0,38
Mahrosh,F,5,0,5
Mahsa,F,122,0,122
Mahum,F,16,0,16
Mahzi,M,39,39,0
Mai,F,3377,5,3372
Maia,F,14193,0,14193
Maiah,F,240,0,240
Maiana,F,5,0,5
Maicol,M,5,5,0
Maida,F,548,0,548
Maidah,F,15,0,15
Maie,F,5,0,5
Maigan,F,11,0,11
Maija,F,137,0,137
Maika,U,97,63,34
Maikel,M,53,53,0
Maikol,M,37,37,0
Maila,F,121,0,121
Mailani,F,162,0,162
Maile,F,2219,0,2219
Mailee,F,51,0,51
Maileen,F,5,0,5
Mailen,F,305,0,305
Mailey,F,47,0,47
Maili,F,32,0,32
Mailin,F,18,0,18
Maille,F,10,0,10
Maily,F,132,0,132
Mailyn,F,280,0,280
Maimouna,F,253,0,253
Maimuna,F,40,0,40
Mainor,M,6,6,0
Maiquel,F,6,0,6
Maira,F,4541,5,4536
Mairani,F,6,0,6
Mairany,F,16,0,16
Maire,F,5,0,5
Mairead,F,537,0,537
Mairim,F,10,0,10
Mairin,F,39,0,39
Mairyn,F,27,0,27
Maisee,F,7,0,7
Maisey,F,85,0,85
Maisha,F,727,0,727
Maisie,F,7684,0,7684
Maisley,F,37,0,37
Maison,M,2834,2806,28
Maisy,F,2002,0,2002
Maisyn,F,791,0,791
Maite,F,2661,0,2661
Maitland,M,5,5,0
Maiya,F,2349,0,2349
Maiyah,F,21,0,21
Maiyer,F,8,0,8
Maiza,F,19,0,19
Maize,F,5,0,5
Maizee,F,22,0,22
Maizen,M,5,5,0
Maizey,F,42,0,42
Maizie,F,860,0,860
Maizy,F,305,0,305
Maja,F,562,0,562
Majd,M,41,41,0
Majed,M,5,5,0
Majel,F,10,0,10
Majerle,F,5,0,5
Majesti,F,13,0,13
Majestic,F,10,5,5
Majesty,F,1630,181,1449
Majid,M,31,31,0
Major,M,15564,15564,0
Majorie,F,47,0,47
Majour,M,5,5,0
Makaela,F,1173,0,1173
Makai,M,6990,6990,0
Makaiah,F,5,0,5
Makaila,F,3223,0,3223
Makailah,F,81,0,81
Makailyn,F,5,0,5
Makaio,M,485,485,0
Makaiya,F,20,0,20
Makala,F,2009,0,2009
Makalah,F,123,0,123
Makalia,F,10,0,10
Makalyn,F,10,0,10
Makalynn,F,5,0,5
Makamae,F,10,0,10
Makana,M,305,283,22
Makani,M,54,54,0
Makar,M,22,22,0
Makari,M,638,633,5
Makay,M,5,5,0
Makaya,F,92,0,92
Makayla,F,106014,20,105994
Makaylah,F,1898,0,1898
Makaylee,F,391,0,391
Makaylie,F,5,0,5
Makaylin,F,6,0,6
Makeba,F,188,0,188
Makeda,F,470,0,470
Makel,M,80,80,0
Makell,F,57,6,51
Makelle,F,22,0,22
Makena,F,4768,5,4763
Makenah,F,16,0,16
Makenize,F,5,0,5
Makenlee,F,11,0,11
Makenlie,F,5,0,5
Makenna,F,31614,0,31614
Makennah,F,42,0,42
Makensie,F,22,0,22
Makenzee,F,103,0,103
Makenzi,F,1878,0,1878
Makenzie,F,42906,10,42896
Makenzy,F,335,0,335
Makeo,M,5,5,0
Makesha,F,72,0,72
Makeyla,F,78,0,78
Makhai,M,180,180,0
Makhari,M,18,18,0
Makhi,M,2926,2926,0
Makhia,F,230,0,230
Maki,U,20,15,5
Makia,F,116,0,116
Makiah,F,837,16,821
Makinlee,F,5,0,5
Makinley,F,751,0,751
Makinna,F,16,0,16
Makinsey,F,15,0,15
Makinzie,F,88,0,88
Makisha,F,42,0,42
Makiya,F,1799,0,1799
Makiyah,F,2406,0,2406
Makkah,F,5,0,5
Mako,M,35,35,0
Makoa,M,676,676,0
Makoto,M,128,128,0
Maks,M,10,10,0
Maksim,M,1595,1595,0
Maksym,M,144,144,0
Maksymilian,M,161,161,0
Makua,M,5,5,0
Makya,F,236,0,236
Makyah,F,27,0,27
Makye,M,10,10,0
Makyia,F,5,0,5
Makyla,F,1088,0,1088
Makylah,F,33,0,33
Makynlee,F,102,0,102
Makynli,F,18,0,18
Makynna,F,25,0,25
Makynzee,F,10,0,10
Makynzi,F,6,0,6
Makynzie,F,192,0,192
Mala,F,35,0,35
Malaak,F,15,0,15
Malacai,M,5,5,0
Malachai,M,283,283,0
Malachi,M,58086,58081,5
Malachite,M,6,6,0
Malachy,M,53,53,0
Malahni,F,24,0,24
Malai,F,5,0,5
Malaia,F,31,0,31
Malaiah,F,5,0,5
Malaika,F,847,0,847
Malaina,F,62,0,62
Malaiya,F,33,0,33
Malaiyah,F,36,0,36
Malajah,F,5,0,5
Malak,F,2501,0,2501
Malakai,M,13530,13530,0
Malakhai,M,35,35,0
Malakhi,M,1629,1629,0
Malaki,M,2978,2978,0
Malakye,M,21,21,0
Malana,F,116,0,116
Malani,F,4581,0,4581
Malania,F,10,0,10
Malanie,F,50,0,50
Malanii,F,15,0,15
Malaquias,M,5,5,0
Malarie,F,61,0,61
Malasia,F,53,0,53
Malaya,F,6428,0,6428
Malayah,F,2987,0,2987
Malayiah,F,35,0,35
Malayjah,F,10,0,10
Malayla,F,5,0,5
Malayna,F,251,0,251
Malaynah,F,7,0,7
Malaysha,F,30,0,30
Malayshia,F,15,0,15
Malaysia,F,9255,0,9255
Malcolm,M,62602,62602,0
Malcom,M,1753,1753,0
Male,M,1358,1358,0
Malea,F,448,0,448
Maleah,F,7207,0,7207
Maleeha,F,5,0,5
Maleek,M,686,686,0
Maleeka,F,10,0,10
Maleena,F,124,0,124
Maleia,F,177,0,177
Maleiah,F,11,0,11
Maleigh,F,5,0,5
Maleigha,F,382,0,382
Maleik,M,20,20,0
Malek,M,1522,1522,0
Maleka,F,11,0,11
Malekai,M,17,17,0
Maleko,M,5,5,0
Malena,F,1544,0,1544
Maleni,F,451,0,451
Maleny,F,197,0,197
Malerie,F,260,0,260
Maleya,F,35,0,35
Maleyah,F,80,0,80
Malgorzata,F,21,0,21
Mali,F,234,0,234
Malia,F,27284,0,27284
Maliah,F,3793,0,3793
Malibu,F,16,0,16
Malichi,M,11,11,0
Malick,M,87,87,0
Malie,F,84,0,84
Maliek,M,210,210,0
Maliha,F,498,0,498
Malik,M,46513,46507,6
Malika,F,2766,0,2766
Malikah,F,199,0,199
Malikai,M,645,645,0
Malike,M,11,11,0
Malikhi,M,5,5,0
Maliki,M,179,179,0
Malillany,F,49,0,49
Malin,F,75,0,75
Malina,F,2021,0,2021
Malinda,F,15070,0,15070
Malini,F,5,0,5
Maliq,M,57,57,0
Malique,M,776,776,0
Malisa,F,644,0,644
Malisha,F,16,0,16
Malissa,F,4781,0,4781
Malissia,F,5,0,5
Malissie,F,5,0,5
Maliya,F,1189,0,1189
Maliyah,F,13368,0,13368
Malka,F,5286,0,5286
Malke,F,30,0,30
Malkie,F,54,0,54
Malky,F,2356,0,2356
Mallary,F,47,0,47
Mallie,F,817,10,807
Mallika,F,21,0,21
Mallori,F,339,0,339
Mallorie,F,2313,0,2313
Mallory,F,55687,40,55647
Malo,M,6,6,0
Malone,F,8,0,8
Maloni,F,96,0,96
Maloree,F,10,0,10
Malori,F,94,0,94
Malorie,F,1728,0,1728
Malory,F,215,0,215
Malosi,M,12,12,0
Malta,F,17,0,17
Malu,F,17,0,17
Malvern,M,6,6,0
Malvery,F,11,0,11
Malvin,M,454,454,0
Malvina,F,270,0,270
Maly,F,37,0,37
Malya,F,5,0,5
Malyk,M,5,5,0
Malyn,F,5,0,5
Malynda,F,23,0,23
Malyssa,F,36,0,36
Mama,F,10,0,10
Mamadi,M,5,5,0
Mamadou,M,1105,1105,0
Mamady,M,5,5,0
Mame,F,94,0,94
Mamie,F,47252,0,47252
Mammie,F,954,0,954
Mamon,M,6,6,0
Mamoru,M,116,116,0
Mamye,F,5,0,5
Man,F,42,20,22
Mana,F,131,16,115
Manaal,F,13,0,13
Manabu,M,6,6,0
Manahil,F,38,0,38
Manaia,F,52,0,52
Manal,F,324,0,324
Manar,F,145,0,145
Manas,M,17,17,0
Manasa,F,17,0,17
Manases,M,12,12,0
Manasi,F,24,0,24
Manasseh,M,10,10,0
Manasvi,F,41,0,41
Manav,M,225,225,0
Manda,F,529,0,529
Mandalyn,F,5,0,5
Mandee,F,135,0,135
Mandeep,F,132,69,63
Mandel,M,5,5,0
Mandela,M,10,10,0
Mandi,F,7711,0,7711
Mandie,F,812,0,812
Mandisa,F,49,0,49
Mandy,F,36992,6,36986
Mane,F,38,0,38
Maneh,F,74,0,74
Manelyk,F,33,0,33
Manessa,F,7,0,7
Manette,F,5,0,5
Manford,M,156,156,0
Manfred,M,170,170,0
Manha,F,706,0,706
Maniah,F,11,0,11
Manish,M,50,50,0
Manisha,F,129,0,129
Maniya,F,47,0,47
Maniyah,F,126,0,126
Manjot,U,69,48,21
Mankirat,M,10,10,0
Manley,M,285,285,0
Manly,M,24,24,0
Manmeet,F,5,0,5
Mannat,F,260,0,260
Mannie,M,118,101,17
Manning,M,246,246,0
Mannix,M,26,26,0
Manny,M,1941,1941,0
Manoah,M,11,11,0
Manoj,M,5,5,0
Manolo,M,518,518,0
Manon,F,65,0,65
Manpreet,F,243,77,166
Manraj,M,171,171,0
Manreet,F,76,0,76
Manrique,M,5,5,0
Mansa,M,25,25,0
Mansfield,M,5,5,0
Mansi,F,105,0,105
Mansirat,F,5,0,5
Mansoor,M,5,5,0
Mansour,M,6,6,0
Mantas,M,5,5,0
Mantej,M,5,5,0
Manu,M,51,51,0
Manual,M,38,38,0
Manuel,M,182867,182447,420
Manuela,F,8042,5,8037
Manuelita,F,396,0,396
Manuelito,M,6,6,0
Manuella,F,59,0,59
Manveer,M,65,65,0
Manvi,F,5,0,5
Manvik,M,10,10,0
Manvir,M,52,42,10
Manya,F,107,0,107
Mao,F,83,0,83
Maor,M,6,6,0
Maple,F,1085,0,1085
Mar,F,127,12,115
Mara,F,18823,0,18823
Maragret,F,5,0,5
Marah,F,628,0,628
Maraki,F,5,0,5
Maral,F,82,0,82
Maralee,F,51,0,51
Maralyn,F,159,0,159
Maram,F,298,0,298
Maranda,F,9060,0,9060
Maraya,F,131,0,131
Marayah,F,31,0,31
Marbella,F,1321,0,1321
Marc,M,137443,137432,11
Marcanthony,M,684,684,0
Marcea,F,5,0,5
Marcedes,F,5,0,5
Marcee,F,17,0,17
Marceil,F,26,0,26
Marcel,M,14629,14602,27
Marcela,F,6506,0,6506
Marcelene,F,5,0,5
Marcelina,F,1552,0,1552
Marceline,F,2928,0,2928
Marcelino,M,4716,4716,0
Marcell,M,1871,1827,44
Marcella,F,57600,0,57600
Marcelle,F,1852,10,1842
Marcellina,F,5,0,5
Marcelline,F,67,0,67
Marcellino,M,6,6,0
Marcello,M,3628,3628,0
Marcellous,M,20,20,0
Marcellus,M,4432,4432,0
Marcelo,M,9515,9515,0
Marcelus,M,10,10,0
Marcelyn,F,15,0,15
Marcene,F,111,0,111
Marcey,F,135,0,135
Marche,F,10,0,10
Marchelle,F,147,0,147
Marchello,M,112,112,0
Marcheta,F,48,0,48
Marci,F,11024,0,11024
Marcia,F,128662,0,128662
Marcial,M,822,822,0
Marciana,F,6,0,6
Marciano,M,238,238,0
Marcie,F,11604,0,11604
Marcile,F,92,0,92
Marcille,F,56,0,56
Marcin,M,194,194,0
Marcine,F,21,0,21
Marcio,M,16,16,0
Marcjacob,M,5,5,0
Marck,M,122,122,0
Marco,M,71691,71652,39
Marcoantonio,M,914,914,0
Marcos,M,49713,49701,12
Marcua,M,5,5,0
Marcus,M,235087,234861,226
Marcuz,M,5,5,0
Marcy,F,17825,6,17819
Mardel,F,5,0,5
Mardell,F,544,0,544
Mardella,F,15,0,15
Mardelle,F,176,0,176
Mardi,F,70,0,70
Mardochee,M,5,5,0
Mare,M,5,5,0
Marea,F,5,0,5
Mareco,M,7,7,0
Mareena,F,19,0,19
Marek,M,1305,1305,0
Mareli,F,706,0,706
Marelie,F,6,0,6
Marelin,F,29,0,29
Marelly,F,9,0,9
Marely,F,2151,0,2151
Marelyn,F,202,0,202
Maren,F,8529,0,8529
Marena,F,137,0,137
Marene,F,5,0,5
Mareo,M,5,5,0
Maresa,F,22,0,22
Maressa,F,10,0,10
Maretta,F,5,0,5
Marfa,F,5,0,5
Margalit,F,5,0,5
Margaree,F,101,0,101
Margaret,F,1142611,760,1141851
Margaretann,F,21,0,21
Margarete,F,244,0,244
Margaretmary,F,12,0,12
Margarett,F,2281,0,2281
Margaretta,F,691,0,691
Margarette,F,2731,0,2731
Margarit,F,5,0,5
Margarita,F,35382,32,35350
Margarite,F,155,0,155
Margarito,M,3778,3778,0
Margaux,F,1869,0,1869
Marge,F,1647,0,1647
Margeaux,F,54,0,54
Margene,F,371,0,371
Margeret,F,10,0,10
Margert,F,20,0,20
Margery,F,11489,0,11489
Marget,F,20,0,20
Margherita,F,306,0,306
Margia,F,5,0,5
Margie,F,99353,0,99353
Margit,F,11,0,11
Margo,F,20952,0,20952
Margorie,F,7,0,7
Margot,F,16340,0,16340
Margree,F,12,0,12
Margret,F,4432,0,4432
Margrett,F,212,0,212
Margretta,F,26,0,26
Margrette,F,65,0,65
Marguarite,F,5,0,5
Marguerita,F,90,0,90
Marguerite,F,73944,0,73944
Margueritte,F,74,0,74
Marguis,M,7,7,0
Marguita,F,143,0,143
Margulia,F,5,0,5
Margurette,F,10,0,10
Margurite,F,153,0,153
Margy,F,157,0,157
Mari,F,10973,0,10973
Maria,F,551793,2731,549062
Mariaalice,F,39,0,39
Mariaangelica,F,5,0,5
Mariabelen,F,6,0,6
Mariaceleste,F,15,0,15
Mariaclara,F,78,0,78
Mariacristina,F,5,0,5
Mariade,F,25,0,25
Mariadejesus,F,320,0,320
Mariadel,F,10,0,10
Mariadelaluz,F,18,0,18
Mariadelcarmen,F,229,0,229
Mariadelosang,F,54,0,54
Mariadelosangel,F,5,0,5
Mariadelourdes,F,11,0,11
Mariaeduard,F,11,0,11
Mariaeduarda,F,130,0,130
Mariaelena,F,936,0,936
Mariaemilia,F,5,0,5
Mariaesther,F,5,0,5
Mariafernanda,F,690,0,690
Mariaguadalupe,F,421,0,421
Mariah,F,110624,7,110617
Mariahelena,F,5,0,5
Mariaisabel,F,203,0,203
Mariajose,F,1622,0,1622
Mariajulia,F,8,0,8
Mariali,F,6,0,6
Marializ,F,40,0,40
Marialuisa,F,198,0,198
Marialuiza,F,26,0,26
Marialy,F,8,0,8
Mariam,F,13264,0,13264
Mariama,F,929,0,929
Mariamawit,F,10,0,10
Mariame,F,64,0,64
Marian,F,130113,59,130054
Mariana,F,40263,10,40253
Mariane,F,22,0,22
Marianela,F,92,0,92
Mariangel,F,147,0,147
Mariangela,F,29,0,29
Mariann,F,4169,0,4169
Marianna,F,12546,0,12546
Marianne,F,59969,0,59969
Marianny,F,25,0,25
Mariano,M,6706,6706,0
Mariapaula,F,5,0,5
Mariateresa,F,51,0,51
Mariatheresa,F,5,0,5
Maribel,F,21996,73,21923
Maribell,F,143,0,143
Maribella,F,246,0,246
Maribelle,F,271,0,271
Maribeth,F,3408,0,3408
Marica,F,23,0,23
Maricar,F,7,0,7
Maricarmen,F,574,0,574
Marice,F,11,6,5
Maricel,F,82,0,82
Maricela,F,11092,5,11087
Maricelda,F,16,0,16
Maricella,F,952,0,952
Marico,M,87,87,0
Maricris,F,5,0,5
Maricruz,F,2066,0,2066
Maricsa,F,11,0,11
Maricus,M,10,10,0
Maridee,F,5,0,5
Marie,F,466171,183,465988
Mariel,F,4226,0,4226
Mariela,F,9336,5,9331
Mariele,F,5,0,5
Marielena,F,623,0,623
Marieli,F,17,0,17
Marielis,F,15,0,15
Mariella,F,2615,0,2615
Marielle,F,2214,0,2214
Mariellen,F,207,0,207
Mariely,F,435,0,435
Marielys,F,43,0,43
Mariem,F,5,0,5
Marieme,F,5,0,5
Marietta,F,9174,0,9174
Mariette,F,17,0,17
Marifer,F,121,0,121
Marigny,F,16,0,16
Marigold,F,1353,0,1353
Mariha,F,10,0,10
Mariham,F,5,0,5
Marija,F,12,0,12
Marijane,F,138,0,138
Marijo,F,214,0,214
Marijose,F,32,0,32
Marika,F,526,0,526
Marikay,F,12,0,12
Mariko,F,438,0,438
Marilee,F,3931,0,3931
Marilena,F,58,0,58
Marili,F,58,0,58
Marilin,F,192,0,192
Marillyn,F,61,0,61
Marilou,F,1333,0,1333
Marilouise,F,13,0,13
Marilu,F,965,0,965
Mariluz,F,34,0,34
Marily,F,213,0,213
Marilyn,F,369863,95,369768
Marilyne,F,5,0,5
Marilynn,F,9419,0,9419
Marilynne,F,134,0,134
Marimar,F,151,0,151
Marin,F,3744,119,3625
Marina,F,33735,0,33735
Marinda,F,65,0,65
Marine,F,151,0,151
Marinell,F,7,0,7
Marines,F,6,0,6
Marinna,F,65,0,65
Marino,M,462,462,0
Marinus,M,42,42,0
Mario,M,146883,146525,358
Marioalberto,M,16,16,0
Marion,F,227275,63493,163782
Marionna,F,42,0,42
Marios,M,5,5,0
Maripaz,F,22,0,22
Mariposa,F,38,0,38
Maris,F,343,0,343
Marisa,F,45756,0,45756
Marisabel,F,129,0,129
Marisal,F,8,0,8
Marisel,F,70,0,70
Marisela,F,8461,5,8456
Mariselda,F,32,0,32
Marisella,F,41,0,41
Marisha,F,238,0,238
Mariska,F,189,0,189
Marisleysis,F,13,0,13
Marisol,F,32204,141,32063
Marison,F,5,0,5
Marissa,F,118441,42,118399
Marit,F,83,0,83
Marita,F,1584,0,1584
Maritere,F,14,0,14
Marites,F,22,0,22
Maritsa,F,342,0,342
Maritssa,F,11,0,11
Maritza,F,20838,23,20815
Marium,F,10,0,10
Marius,M,516,516,0
Mariusz,M,11,11,0
Marivel,F,1454,0,1454
Marivi,F,19,0,19
Marivic,F,5,0,5
Marixa,F,39,0,39
Mariya,F,960,0,960
Mariyah,F,5103,0,5103
Mariyam,F,15,0,15
Mariza,F,529,0,529
Marizela,F,6,0,6
Marizol,F,88,0,88
Marja,F,22,0,22
Marjan,F,17,0,17
Marjani,F,6,0,6
Marjean,F,263,0,263
Marji,F,5,0,5
Marjie,F,24,0,24
Marjo,F,12,0,12
Marjona,F,6,0,6
Marjorie,F,259245,10,259235
Marjory,F,4655,0,4655
Mark,M,1356931,1355094,1837
Marka,F,5,0,5
Markandrew,M,5,5,0
Markanthony,M,957,957,0
Markavion,M,5,5,0
Markavious,M,12,12,0
Markayla,F,1141,0,1141
Markee,M,18,18,0
Markeese,M,11,11,0
Markeisha,F,439,0,439
Markeith,M,549,549,0
Markel,M,2662,2662,0
Markell,M,2679,2679,0
Markella,F,5,0,5
Marken,M,10,10,0
Markeria,F,5,0,5
Markese,M,106,106,0
Markesha,F,201,0,201
Markeshia,F,54,0,54
Markesia,F,5,0,5
Marketa,F,38,0,38
Marketia,F,5,0,5
Marketta,F,25,0,25
Markevia,F,5,0,5
Markevion,M,5,5,0
Markevious,M,75,75,0
Markham,M,11,11,0
Marki,F,5,0,5
Markia,F,488,0,488
Markie,F,507,11,496
Markiesha,F,11,0,11
Markis,M,36,36,0
Markisha,F,229,0,229
Markita,F,1151,0,1151
Markiyah,F,5,0,5
Markjoseph,M,13,13,0
Marko,M,2105,2105,0
Markos,M,113,113,0
Markus,M,10954,10954,0
Marky,M,6,6,0
Marla,F,34960,0,34960
Marlaina,F,125,0,125
Marlaine,F,10,0,10
Marlan,M,22,22,0
Marlana,F,633,0,633
Marland,M,104,104,0
Marlane,F,151,0,151
Marlayna,F,17,0,17
Marlaysia,F,5,0,5
Marlea,F,5,0,5
Marlee,F,13984,5,13979
Marleen,F,1882,0,1882
Marleena,F,5,0,5
Marlei,F,195,0,195
Marleigh,F,4178,0,4178
Marlen,F,3935,21,3914
Marlena,F,7230,0,7230
Marlene,F,126423,15,126408
Marleni,F,202,0,202
Marlenne,F,163,0,163
Marleny,F,555,0,555
Marlet,F,6,0,6
Marley,F,32411,3197,29214
Marli,F,862,0,862
Marlie,F,2361,0,2361
Marlies,F,5,0,5
Marlin,M,16182,15778,404
Marlina,F,189,0,189
Marlinda,F,31,0,31
Marline,F,122,0,122
Marlis,F,129,0,129
Marlisa,F,30,0,30
Marlise,F,5,0,5
Marlisha,F,5,0,5
Marliss,F,7,0,7
Marlissa,F,17,0,17
Marliyah,F,6,0,6
Marlo,F,5116,901,4215
Marlon,M,26877,26877,0
Marlow,F,733,151,582
Marlowe,F,2673,132,2541
Marly,F,300,0,300
Marlyce,F,127,0,127
Marlyn,F,4509,1021,3488
Marlyne,F,20,0,20
Marlynn,F,31,0,31
Marlys,F,7509,0,7509
Marlyss,F,17,0,17
Marna,F,575,0,575
Marne,F,81,10,71
Marnee,F,26,0,26
Marney,F,15,0,15
Marni,F,1620,0,1620
Marnice,F,11,0,11
Marnie,F,3556,0,3556
Marnisha,F,5,0,5
Marnita,F,308,0,308
Marny,F,5,0,5
Marolyn,F,184,0,184
Marqavious,M,5,5,0
Marquan,M,756,756,0
Marquarius,M,5,5,0
Marquavion,M,7,7,0
Marquavious,M,359,359,0
Marquavis,M,10,10,0
Marquavius,M,113,113,0
Marque,M,85,85,0
Marquel,M,986,986,0
Marquell,M,332,332,0
Marquelle,F,10,5,5
Marquerite,F,10,0,10
Marques,M,5573,5573,0
Marquese,M,192,192,0
Marquesha,F,40,0,40
Marquetta,F,482,0,482
Marquette,M,209,194,15
Marquez,M,3814,3814,0
Marqui,F,5,0,5
Marquia,F,16,0,16
Marquice,M,106,106,0
Marquies,M,15,15,0
Marquis,M,21776,21764,12
Marquise,M,8609,8609,0
Marquisha,F,474,0,474
Marquita,F,8327,6,8321
Marquite,F,5,0,5
Marquitta,F,336,0,336
Marquize,M,5,5,0
Marqus,M,61,61,0
Marriah,F,81,0,81
Marrie,F,52,0,52
Marrio,M,21,21,0
Marrion,F,10,5,5
Marrisa,F,165,0,165
Marrissa,F,294,0,294
Marry,F,103,0,103
Mars,M,474,469,5
Marsai,F,5,0,5
Marsalis,M,12,12,0
Marsean,M,26,26,0
Marsel,M,11,11,0
Marsela,F,36,0,36
Marselino,M,33,33,0
Marsha,F,101221,0,101221
Marshae,F,51,0,51
Marshal,M,1002,1002,0
Marshall,M,89299,89272,27
Marshaun,M,221,221,0
Marshawn,M,1424,1424,0
Marshay,F,115,0,115
Marshel,M,10,10,0
Marshelia,F,5,0,5
Marshell,M,44,39,5
Marshelle,F,5,0,5
Marshon,M,81,81,0
Marshun,M,6,6,0
Marsi,F,38,0,38
Mart,M,27,27,0
Marta,F,12919,5,12914
Martavion,M,10,10,0
Martavious,M,704,704,0
Martavis,M,5,5,0
Martavius,M,258,258,0
Martel,M,476,476,0
Martell,M,1254,1254,0
Marten,M,5,5,0
Martese,M,23,23,0
Martez,M,2512,2512,0
Martha,F,493982,196,493786
Martharee,F,6,0,6
Marti,F,1428,0,1428
Martia,F,5,0,5
Martice,M,11,11,0
Martie,F,26,0,26
Martika,F,650,0,650
Martin,M,301686,301480,206
Martina,F,12227,5,12222
Martine,F,1106,21,1085
Martinez,M,42,42,0
Martinique,F,35,0,35
Martinjr,M,10,10,0
Martino,M,12,12,0
Martisha,F,10,0,10
Martiza,F,85,0,85
Martrell,M,48,48,0
Marty,M,29834,28304,1530
Martyna,F,96,0,96
Martynas,M,6,6,0
Maru,F,5,0,5
Marv,M,6,6,0
Marva,F,7665,0,7665
Marvel,F,2395,47,2348
Marvelene,F,5,0,5
Marveline,F,11,0,11
Marvell,M,148,148,0
Marvella,F,66,0,66
Marvelle,F,5,0,5
Marvelous,M,6,6,0
Marven,M,11,11,0
Marvene,F,5,0,5
Marvens,M,232,232,0
Marvie,F,5,0,5
Marvin,M,246951,246903,48
Marvine,F,32,0,32
Marvins,M,10,10,0
Marvion,M,5,5,0
Marvis,F,93,21,72
Marvyl,F,5,0,5
Marvyn,M,20,20,0
Marwa,F,1142,0,1142
Marwah,F,24,0,24
Marwan,M,254,254,0
Marwin,M,11,11,0
Marx,M,7,7,0
Mary,F,3761961,9643,3752318
Marya,F,208,0,208
Maryah,F,767,0,767
Maryalice,F,474,0,474
Maryam,F,10193,0,10193
Maryama,F,292,0,292
Maryan,F,167,0,167
Maryana,F,50,0,50
Maryann,F,56922,0,56922
Maryanna,F,245,0,245
Maryanne,F,9971,0,9971
Marybel,F,225,0,225
Marybell,F,46,0,46
Marybella,F,6,0,6
Marybelle,F,341,0,341
Marybeth,F,7204,0,7204
Marycarmen,F,102,0,102
Marycatherine,F,25,0,25
Maryclaire,F,20,0,20
Marycruz,F,213,0,213
Marye,F,102,0,102
Maryela,F,6,0,6
Maryelizabeth,F,287,0,287
Maryella,F,12,0,12
Maryellen,F,9584,0,9584
Maryetta,F,27,0,27
Maryfer,F,17,0,17
Maryfrances,F,35,0,35
Marygrace,F,359,0,359
Maryhelen,F,124,0,124
Maryiah,F,5,0,5
Maryjane,F,9635,0,9635
Maryjean,F,182,0,182
Maryjo,F,4487,0,4487
Marykate,F,788,0,788
Marykatherine,F,30,0,30
Marykathryn,F,10,0,10
Marykay,F,280,0,280
Maryl,F,6,0,6
Maryland,F,71,39,32
Marylee,F,667,0,667
Marylin,F,1698,0,1698
Maryln,F,15,0,15
Marylou,F,9769,0,9769
Marylouise,F,502,0,502
Marylu,F,98,0,98
Marylyn,F,1118,0,1118
Marylynn,F,365,0,365
Marylynne,F,5,0,5
Marymargaret,F,16,0,16
Maryn,F,1096,0,1096
Maryon,F,18,0,18
Marypat,F,11,0,11
Maryrose,F,558,0,558
Marysa,F,47,0,47
Maryse,F,5,0,5
Marysol,F,784,0,784
Maryssa,F,576,0,576
Marysue,F,16,0,16
Marytheresa,F,10,0,10
Marytza,F,11,0,11
Maryum,F,5,0,5
Marz,M,15,15,0
Marzell,F,16,0,16
Mas,M,5,5,0
Masa,F,66,0,66
Masaaki,M,5,5,0
Masae,F,114,0,114
Masaharu,M,6,6,0
Masai,M,172,172,0
Masaichi,M,136,136,0
Masaji,M,34,34,0
Masakatsu,M,5,5,0
Masaki,M,5,5,0
Masako,F,684,0,684
Masami,M,215,215,0
Masanobu,M,17,17,0
Masanori,M,21,21,0
Masao,M,876,876,0
Masaru,M,369,369,0
Masashi,M,48,48,0
Masato,M,240,240,0
Masatoshi,M,13,13,0
Masaye,F,13,0,13
Masayo,F,57,0,57
Masayoshi,M,91,91,0
Masayuki,M,140,140,0
Mase,M,10,10,0
Masen,M,1581,1581,0
Masha,F,27,0,27
Mashawn,F,5,0,5
Mashayla,F,5,0,5
Masiah,M,346,346,0
Masiel,F,24,0,24
Masina,F,5,0,5
Masiya,F,5,0,5
Masiyah,F,16,0,16
Mason,M,326506,325005,1501
Masood,M,5,5,0
Massiah,M,674,674,0
Massie,M,11,11,0
Massiel,F,325,0,325
Massimiliano,M,28,28,0
Massimo,M,2364,2364,0
Masson,M,5,5,0
Masud,M,45,45,0
Masue,F,18,0,18
Masuma,F,5,0,5
Masuo,M,13,13,0
Masyn,M,457,368,89
Mat,M,10,10,0
Matai,M,64,64,0
Mataio,M,8,8,0
Matalie,F,7,0,7
Matalyn,F,5,0,5
Matan,M,241,241,0
Matas,M,50,50,0
Mataya,F,128,0,128
Matea,F,92,0,92
Mateen,M,153,153,0
Mateo,M,102759,102759,0
Mates,M,11,11,0
Mateus,M,313,313,0
Mateusz,M,799,799,0
Matha,F,5,0,5
Mathayus,M,5,5,0
Mathea,F,5,0,5
Matheo,M,1145,1145,0
Mather,M,5,5,0
Matheus,M,1017,1017,0
Mathew,M,71246,71246,0
Mathews,M,19,19,0
Mathhew,M,7,7,0
Mathias,M,9751,9751,0
Mathieu,M,715,715,0
Mathilda,F,2161,0,2161
Mathilde,F,226,0,226
Mathis,M,467,467,0
Matiana,F,10,0,10
Matias,M,19179,19179,0
Matilda,F,22166,0,22166
Matilde,F,1830,148,1682
Matilyn,F,77,0,77
Matin,M,17,17,0
Matina,F,5,0,5
Matis,M,32,32,0
Matison,F,5,0,5
Matisse,U,72,49,23
Matisyahu,M,10,10,0
Matix,M,277,277,0
Matline,F,5,0,5
Mato,M,5,5,0
Matraca,F,5,0,5
Matsue,F,137,0,137
Matsuichi,M,5,5,0
Matsuko,F,80,0,80
Matsuo,M,16,16,0
Matsuye,F,6,0,6
Matsuyo,F,14,0,14
Matt,M,18114,18114,0
Mattea,F,378,0,378
Matteo,M,26750,26750,0
Matteus,M,11,11,0
Mattew,M,99,99,0
Mattheo,M,41,41,0
Mattheus,M,6,6,0
Matthew,M,1638276,1634990,3286
Matthewjames,M,11,11,0
Matthewjoseph,M,5,5,0
Matthews,M,113,113,0
Matthias,M,9085,9085,0
Matthieu,M,153,153,0
Matti,F,15,0,15
Mattia,M,30,30,0
Mattias,M,1202,1202,0
Mattie,F,92360,39,92321
Mattilyn,F,31,0,31
Mattilynn,F,5,0,5
Mattingly,F,5,0,5
Mattis,M,100,100,0
Mattison,F,816,0,816
Mattix,M,70,70,0
Mattox,M,84,84,0
Matty,F,206,7,199
Mattye,F,24,0,24
Matvey,M,45,45,0
Matylda,F,5,0,5
Maud,F,2168,0,2168
Maude,F,12894,0,12894
Maudell,F,84,0,84
Maudie,F,6646,0,6646
Maudine,F,329,0,329
Maudrey,F,16,0,16
Maudry,F,164,0,164
Mauel,M,5,5,0
Maui,M,15,15,0
Maura,F,15709,0,15709
Maureen,F,139861,10,139851
Maurene,F,5,0,5
Mauri,F,11,0,11
Maurice,M,129300,128705,595
Mauricia,F,23,0,23
Mauricio,M,21102,21102,0
Maurilio,M,285,285,0
Maurine,F,5301,0,5301
Maurion,M,20,20,0
Maurisio,M,50,50,0
Maurissa,F,41,0,41
Maurita,F,5,0,5
Maurizio,M,79,79,0
Mauro,M,4314,4314,0
Maury,M,388,388,0
Maven,F,409,32,377
Maveric,M,32,32,0
Maverick,M,56404,56203,201
Maverik,M,352,352,0
Mavery,F,28,0,28
Maveryk,M,6,6,0
Mavi,F,11,5,6
Mavis,F,17649,5,17644
Mavrick,M,364,364,0
Mavrik,M,73,73,0
Mawada,F,5,0,5
Max,M,157182,157047,135
Maxamillion,M,10,10,0
Maxcine,F,189,0,189
Maxemiliano,M,126,126,0
Maxen,M,74,74,0
Maxene,F,15,0,15
Maxfield,M,140,140,0
Maxi,F,11,6,5
Maxie,F,3962,2135,1827
Maxiel,F,5,0,5
Maxim,M,5037,5037,0
Maxima,F,10,0,10
Maxime,M,312,312,0
Maximiano,M,5,5,0
Maximili,M,5,5,0
Maximilian,M,15770,15770,0
Maximiliano,M,20146,20146,0
Maximilien,M,35,35,0
Maximillan,M,5,5,0
Maximillian,M,3666,3666,0
Maximilliano,M,298,298,0
Maximillion,M,74,74,0
Maximina,F,37,0,37
Maximino,M,894,894,0
Maximo,M,6298,6298,0
Maximos,M,86,86,0
Maximus,M,31698,31698,0
Maxine,F,108777,0,108777
Maxmillian,M,5,5,0
Maxon,M,440,440,0
Maxson,M,253,253,0
Maxton,M,3037,3037,0
Maxwell,M,100129,100017,112
Maxx,M,2076,2076,0
Maxximus,M,37,37,0
Maxymilian,M,5,5,0
May,F,25540,0,25540
Maya,F,113870,8,113862
Mayah,F,1499,0,1499
Mayalen,F,6,0,6
Mayan,F,36,10,26
Mayank,M,5,5,0
Mayar,F,322,0,322
Mayara,F,5,0,5
Mayari,F,43,0,43
Maybell,F,413,0,413
Maybelle,F,1795,0,1795
Maybelline,F,54,0,54
Maybree,F,35,0,35
Maycee,F,1165,0,1165
Mayci,F,30,0,30
Maycie,F,273,0,273
Mayda,F,70,0,70
Maydeen,F,5,0,5
Maydell,F,49,0,49
Maye,F,106,0,106
Mayela,F,397,0,397
Mayeli,F,439,0,439
Mayer,M,1608,1608,0
Mayerli,F,26,0,26
Mayerly,F,19,0,19
Mayes,M,5,5,0
Mayford,M,73,73,0
Mayfred,F,5,0,5
Maygan,F,37,0,37
Maygen,F,6,0,6
Maykel,M,92,92,0
Mayla,F,396,0,396
Maylani,F,361,0,361
Maylea,F,10,0,10
Maylee,F,2802,0,2802
Mayleen,F,331,0,331
Mayleigh,F,145,0,145
Maylen,F,267,0,267
Maylene,F,233,0,233
Mayli,F,56,0,56
Maylie,F,41,0,41
Maylin,F,1538,0,1538
Mayline,F,19,0,19
Mayling,F,5,0,5
Maylyn,F,18,0,18
Maylynn,F,23,0,23
Mayme,F,3348,0,3348
Maymie,F,137,0,137
Maynard,M,10380,10380,0
Maynor,M,271,271,0
Mayo,M,59,59,0
Mayola,F,167,0,167
Mayra,F,31121,233,30888
Mayraalejandra,F,36,0,36
Mayrani,F,34,0,34
Mayrin,F,570,0,570
Mays,M,10,10,0
Maysa,F,85,0,85
Maysel,F,69,0,69
Maysen,F,75,41,34
Mayson,M,3272,3130,142
Maytal,F,7,0,7
Mayte,F,2259,0,2259
Maytte,F,8,0,8
Mayumi,F,117,0,117
Mayuri,F,5,0,5
Mayvis,F,10,0,10
Mayzie,F,138,0,138
Mazal,F,74,0,74
Maze,F,28,11,17
Mazel,F,45,0,45
Mazelee,F,5,0,5
Mazell,F,15,0,15
Mazelle,F,11,0,11
Mazen,M,313,313,0
Mazi,M,509,499,10
Mazie,F,4172,0,4172
Mazikeen,F,884,0,884
Mazin,M,34,34,0
Mazion,M,5,5,0
Maziyah,F,15,0,15
Maziyon,M,32,32,0
Mazuri,F,10,0,10
Mazzi,M,10,10,0
Mazzie,F,5,0,5
Mazzy,F,207,0,207
Mc,F,130,0,130
Mcadoo,M,5,5,0
Mcarther,M,12,12,0
Mcarthur,M,1086,1086,0
Mccall,F,384,0,384
Mcclinton,M,6,6,0
Mccoy,M,2028,2028,0
Mccrae,M,11,11,0
Mcdonald,M,37,37,0
Mcgwire,M,5,5,0
Mckade,M,93,93,0
Mckaela,F,5,0,5
Mckala,F,5,0,5
Mckall,F,5,0,5
Mckay,M,1419,1413,6
Mckayla,F,11514,0,11514
Mckaylah,F,5,0,5
Mckaylee,F,63,0,63
Mckaylynn,F,5,0,5
Mckell,F,295,0,295
Mckelle,F,34,0,34
Mckenize,F,5,0,5
Mckenleigh,F,6,0,6
Mckenna,F,41656,10,41646
Mckennah,F,11,0,11
Mckensie,F,30,0,30
Mckenzee,F,69,0,69
Mckenzey,F,5,0,5
Mckenzi,F,464,0,464
Mckenzie,F,62782,510,62272
Mckenzy,F,45,0,45
Mckenzye,F,5,0,5
Mckinlee,F,454,0,454
Mckinleigh,F,21,0,21
Mckinley,F,15367,4395,10972
Mckinnley,F,5,0,5
Mckinsey,F,94,0,94
Mckinsley,F,5,0,5
Mckinzee,F,5,0,5
Mckinzie,F,289,0,289
Mckinzy,F,6,0,6
Mckoy,M,28,28,0
Mckynlee,F,85,0,85
Mckynna,F,5,0,5
Mckynzie,F,61,0,61
Mcneva,F,5,0,5
Md,M,257,257,0
Mea,F,330,0,330
Meade,M,31,31,0
Meadow,F,8810,0,8810
Meagan,F,39733,0,39733
Meagen,F,288,0,288
Meaghan,F,12007,6,12001
Meaghen,F,6,0,6
Meagon,F,5,0,5
Meah,F,488,0,488
Meara,F,147,0,147
Mearl,M,78,78,0
Mecca,F,955,184,771
Mechel,M,149,149,0
Mechele,F,56,0,56
Mechell,F,5,0,5
Mechelle,F,2275,0,2275
Mechy,M,5,5,0
Meda,F,81,0,81
Medard,M,5,5,0
Medardo,M,23,23,0
Medford,M,15,15,0
Medgar,M,5,5,0
Medha,F,266,0,266
Medhansh,M,5,5,0
Medina,F,467,0,467
Mee,F,155,0,155
Meegan,F,113,0,113
Meeka,F,5,0,5
Meela,F,39,0,39
Meelad,M,6,6,0
Meelah,F,15,0,15
Meena,F,347,0,347
Meenakshi,F,42,0,42
Meera,F,2207,0,2207
Meerab,F,29,0,29
Meesha,F,5,0,5
Meeya,F,5,0,5
Meg,F,2336,0,2336
Mega,M,5,5,0
Megan,F,437965,235,437730
Meganelizabeth,F,5,0,5
Megann,F,39,0,39
Megen,F,17,0,17
Meggan,F,1220,0,1220
Meggie,F,23,0,23
Meggin,F,5,0,5
Megha,F,306,0,306
Meghaan,F,5,0,5
Meghan,F,94546,18,94528
Meghana,F,235,0,235
Meghann,F,2356,0,2356
Meghin,F,10,0,10
Meghna,F,131,0,131
Megin,F,5,0,5
Megumi,F,95,0,95
Megyn,F,17,0,17
Mehak,F,60,0,60
Mehana,F,29,0,29
Mehar,F,188,0,188
Mehdi,M,140,140,0
Mehek,F,5,0,5
Meher,F,265,0,265
Mehgan,F,34,0,34
Mehjabeen,F,5,0,5
Mehki,M,563,563,0
Mehlani,F,116,0,116
Mehmet,M,149,149,0
Mehr,F,30,0,30
Mehran,M,17,17,0
Mehreen,F,77,0,77
Mehtaab,M,5,5,0
Mehtab,M,119,119,0
Mei,F,534,0,534
Meichele,F,5,0,5
Meighan,F,25,0,25
Meika,F,10,0,10
Meila,F,25,0,25
Meilan,F,5,0,5
Meilani,F,2385,0,2385
Meilany,F,18,0,18
Meilech,M,199,199,0
Meili,F,34,0,34
Meilich,M,27,27,0
Meilin,F,5,0,5
Meiling,F,10,0,10
Meily,F,10,0,10
Meilyn,F,5,0,5
Meir,M,3394,3394,0
Meira,F,551,0,551
Meirav,F,5,0,5
Meisha,F,72,0,72
Meka,F,16,0,16
Mekai,M,15,15,0
Mekayla,F,491,0,491
Mekenna,F,24,0,24
Mekenzie,F,144,0,144
Mekesha,F,5,0,5
Mekhai,M,54,54,0
Mekhi,M,10928,10928,0
Meklit,F,86,0,86
Mel,M,1265,1232,33
Mela,F,170,0,170
Melah,F,6,0,6
Melaina,F,119,0,119
Melaine,F,398,0,398
Melana,F,29,0,29
Melane,F,18,0,18
Melanee,F,90,0,90
Melaney,F,108,0,108
Melani,F,2936,0,2936
Melania,F,1817,0,1817
Melanie,F,256467,34,256433
Melanieann,F,5,0,5
Melannie,F,765,0,765
Melanny,F,393,0,393
Melany,F,13160,0,13160
Melanye,F,34,0,34
Melat,F,5,0,5
Melayah,F,5,0,5
Melayna,F,25,0,25
Melaysia,F,5,0,5
Melba,F,30975,0,30975
Melbourne,M,120,120,0
Melburn,M,12,12,0
Melchor,M,293,293,0
Melchora,F,5,0,5
Melda,F,165,0,165
Mele,F,455,0,455
Melea,F,20,0,20
Meleah,F,87,0,87
Meleana,F,9,0,9
Meleane,F,5,0,5
Melecio,M,52,52,0
Meleena,F,5,0,5
Melek,F,163,0,163
Melena,F,99,0,99
Meleni,F,5,0,5
Melenie,F,225,0,225
Meleny,F,232,0,232
Melessa,F,5,0,5
Melford,M,59,59,0
Melia,F,2230,0,2230
Meliah,F,88,0,88
Meliana,F,5,0,5
Melida,F,117,0,117
Melik,M,31,31,0
Melika,F,15,0,15
Melina,F,15587,0,15587
Melinda,F,132124,0,132124
Meline,F,18,0,18
Melinna,F,42,0,42
Melio,M,5,5,0
Melis,F,5,0,5
Melisa,F,15893,0,15893
Melisha,F,83,0,83
Meliss,F,5,0,5
Melissa,F,755872,1019,754853
Melissaann,F,33,0,33
Melissia,F,574,0,574
Melita,F,55,0,55
Meliton,M,122,122,0
Melitza,F,5,0,5
Meliyah,F,24,0,24
Meliza,F,375,0,375
Melizza,F,10,0,10
Mell,M,17,17,0
Mellanie,F,133,0,133
Mellany,F,25,0,25
Mellie,F,208,0,208
Mellisa,F,2374,0,2374
Mellissa,F,3268,0,3268
Mellody,F,35,0,35
Melo,M,50,50,0
Melodee,F,689,0,689
Melodi,F,258,0,258
Melodie,F,6170,0,6170
Melody,F,106780,0,106780
Melodye,F,139,0,139
Melona,F,22,0,22
Melonee,F,6,0,6
Meloney,F,21,0,21
Melonie,F,2529,0,2529
Melony,F,1761,0,1761
Melquan,M,87,87,0
Melquiades,M,19,19,0
Melrose,F,146,0,146
Melroy,M,10,10,0
Melton,M,1813,1813,0
Melva,F,9873,0,9873
Melveen,F,5,0,5
Melverine,F,6,0,6
Melvia,F,34,0,34
Melville,M,377,377,0
Melvin,M,237035,236807,228
Melvina,F,1689,0,1689
Melvis,F,5,0,5
Melvyn,M,2181,2181,0
Melyna,F,20,0,20
Melynda,F,727,0,727
Melysa,F,5,0,5
Melyssa,F,678,0,678
Memory,F,87,0,87
Memphis,M,9397,8194,1203
Mena,F,115,13,102
Menaal,F,11,0,11
Menachem,M,5681,5681,0
Menasha,M,5,5,0
Menashe,M,250,250,0
Mendel,M,1981,1981,0
Mendi,F,77,0,77
Mendy,F,1586,575,1011
Menelik,M,6,6,0
Meng,M,363,357,6
Menna,F,10,0,10
Mennie,F,125,0,125
Menno,M,260,260,0
Menucha,F,268,0,268
Meosha,F,43,0,43
Meoshia,F,5,0,5
Mera,F,36,0,36
Merab,F,5,0,5
Meral,F,5,0,5
Meranda,F,1168,0,1168
Merari,F,599,0,599
Merary,F,147,0,147
Mercades,F,33,0,33
Mercadies,F,5,0,5
Merced,M,329,269,60
Mercede,F,18,0,18
Mercedes,F,40481,47,40434
Mercedez,F,1360,0,1360
Mercer,M,151,146,5
Merci,F,126,0,126
Mercie,F,19,0,19
Mercury,M,5,5,0
Mercy,F,6762,5,6757
Merdis,F,11,0,11
Meredith,F,73258,1243,72015
Merelyn,F,12,0,12
Mergim,M,5,5,0
Meri,F,477,0,477
Meriah,F,86,0,86
Meriam,F,109,0,109
Meribeth,F,21,0,21
Merida,F,482,0,482
Merideth,F,148,0,148
Meridian,F,5,0,5
Meridith,F,643,0,643
Merik,M,16,16,0
Merikay,F,5,0,5
Merilee,F,161,0,161
Merilyn,F,342,0,342
Merina,F,32,0,32
Merisa,F,30,0,30
Merissa,F,1553,0,1553
Merit,F,15,5,10
Merita,F,111,0,111
Merl,M,610,610,0
Merla,F,5,0,5
Merle,U,35331,25298,10033
Merlene,F,531,0,531
Merlie,F,5,0,5
Merlin,M,10346,10254,92
Merlina,F,39,0,39
Merlinda,F,93,0,93
Merline,F,267,0,267
Merly,F,11,0,11
Merlyn,M,1845,1750,95
Merna,F,517,0,517
Meron,F,15,0,15
Merrell,M,5,5,0
Merri,F,1237,0,1237
Merrick,M,2697,2691,6
Merrie,F,747,0,747
Merrik,M,6,6,0
Merril,U,43,28,15
Merrilee,F,554,0,554
Merrill,M,8158,7889,269
Merrily,F,387,0,387
Merrilyn,F,16,0,16
Merritt,U,2595,1538,1057
Merry,F,6173,0,6173
Merryl,F,95,0,95
Mersades,F,10,0,10
Mersadies,F,5,0,5
Mert,M,63,63,0
Mertha,F,7,0,7
Mertice,F,10,0,10
Mertie,F,95,0,95
Mertis,F,14,0,14
Merton,M,1855,1855,0
Merve,F,11,0,11
Mervin,M,7267,7261,6
Mervyn,M,339,339,0
Merwin,M,271,271,0
Merwyn,M,46,46,0
Mery,F,5,0,5
Meryem,F,88,0,88
Meryl,F,2446,10,2436
Meryle,F,20,0,20
Mesa,F,23,0,23
Mesha,F,154,0,154
Meshach,M,25,25,0
Meshell,F,10,0,10
Meshelle,F,5,0,5
Meshilem,M,59,59,0
Meshulem,M,56,56,0
Mesiah,M,33,33,0
Messi,M,10,10,0
Messiah,M,22908,22650,258
Meta,F,1072,0,1072
Metro,M,329,329,0
Metta,F,12,0,12
Mettie,F,15,0,15
Metzli,F,183,0,183
Metztli,F,212,0,212
Meuy,F,17,0,17
Mey,F,5,0,5
Meya,F,106,0,106
Meyah,F,32,0,32
Meyer,M,3168,3156,12
Meygan,F,12,0,12
Meylin,F,37,0,37
Meztli,F,117,0,117
Mher,M,26,26,0
Mi,F,159,0,159
Mia,F,284998,32,284966
Miaa,F,25,0,25
Miabella,F,1181,0,1181
Miabelle,F,5,0,5
Miagrace,F,11,0,11
Miah,F,7279,0,7279
Miaisabella,F,5,0,5
Mialani,F,39,0,39
Mialynn,F,5,0,5
Miamor,F,208,0,208
Miana,F,16,0,16
Miangel,F,257,0,257
Miani,F,10,0,10
Mianna,F,27,0,27
Miarose,F,81,0,81
Miasia,F,43,0,43
Miaya,F,5,0,5
Mica,F,543,31,512
Micaela,F,11574,0,11574
Micaella,F,6,0,6
Micah,M,120847,110174,10673
Micahel,M,420,420,0
Micaiah,M,1381,1109,272
Micala,F,6,0,6
Micalah,F,5,0,5
Micayla,F,1200,0,1200
Micco,M,5,5,0
Micel,F,5,0,5
Micha,F,90,36,54
Michael,M,4413880,4396657,17223
Michaela,F,49796,5,49791
Michaelangelo,M,603,603,0
Michaelann,F,5,0,5
Michaelanthony,M,162,162,0
Michaele,F,347,0,347
Michaeleen,F,11,0,11
Michaelene,F,477,0,477
Michaelina,F,5,0,5
Michaeline,F,158,0,158
Michaeljames,M,14,14,0
Michaeljohn,M,21,21,0
Michaeljoseph,M,5,5,0
Michaella,F,721,0,721
Michaelle,F,154,0,154
Michaelvincent,M,12,12,0
Michaelyn,F,5,0,5
Michaila,F,10,0,10
Michal,F,2459,1086,1373
Michala,F,465,0,465
Michale,M,954,954,0
Michalene,F,31,0,31
Micharl,M,5,5,0
Michayla,F,282,0,282
Micheal,M,151170,150911,259
Micheala,F,238,0,238
Michel,M,7074,5785,1289
Michela,F,626,0,626
Michelangelo,M,432,432,0
Michele,F,221814,968,220846
Michelena,F,12,0,12
Michelene,F,82,0,82
Michelina,F,921,0,921
Micheline,F,233,0,233
Michell,F,4380,16,4364
Michella,F,53,0,53
Michelle,F,815183,1517,813666
Michelleann,F,5,0,5
Michellee,F,5,0,5
Michi,F,23,0,23
Michiah,F,5,0,5
Michial,M,71,71,0
Michie,F,59,0,59
Michiel,M,69,69,0
Michiko,F,446,0,446
Michio,M,20,20,0
Michiye,F,5,0,5
Michoel,M,58,58,0
Michon,F,28,0,28
Mick,M,244,244,0
Mickael,M,41,41,0
Mickaela,F,29,0,29
Mickala,F,11,0,11
Mickayla,F,652,0,652
Mickeal,M,22,22,0
Mickel,M,153,153,0
Mickenzie,F,15,0,15
Mickey,M,25093,22208,2885
Micki,F,570,0,570
Mickie,F,1073,10,1063
Micky,M,329,314,15
Micole,F,67,0,67
Midas,M,24,24,0
Midge,F,36,0,36
Midori,F,384,0,384
Mieczyslaw,M,21,21,0
Mieko,F,91,0,91
Miel,F,18,0,18
Miesha,F,1108,0,1108
Mieshia,F,5,0,5
Miette,F,11,0,11
Migdalia,F,3414,0,3414
Migel,M,739,739,0
Migna,F,5,0,5
Mignon,F,221,0,221
Miguel,M,184157,183757,400
Miguelangel,M,2817,2817,0
Miguelina,F,129,0,129
Mihika,F,163,0,163
Mihir,M,558,558,0
Mihira,F,109,0,109
Mihran,M,19,19,0
Miia,F,25,0,25
Mija,F,5,0,5
Mika,F,3589,165,3424
Mikaeel,M,48,48,0
Mikael,M,2984,2984,0
Mikaela,F,18107,0,18107
Mikaella,F,110,0,110
Mikah,M,1740,1424,316
Mikai,M,132,132,0
Mikail,M,239,239,0
Mikaila,F,979,0,979
Mikal,M,996,986,10
Mikala,F,2294,0,2294
Mikalah,F,333,0,333
Mikalyn,F,5,0,5
Mikaya,F,15,0,15
Mikayel,M,27,27,0
Mikayla,F,54825,0,54825
Mikaylah,F,517,0,517
Mike,M,198624,198585,39
Mikea,F,5,0,5
Mikeal,M,173,173,0
Mikeila,F,5,0,5
Mikeisha,F,7,0,7
Mikel,M,6657,6640,17
Mikela,F,71,0,71
Mikell,U,175,126,49
Mikelle,F,143,0,143
Mikenna,F,96,0,96
Mikenzie,F,103,0,103
Mikeria,F,14,0,14
Mikesha,F,7,0,7
Mikeshia,F,5,0,5
Mikey,M,302,302,0
Mikeyla,F,27,0,27
Mikhael,M,293,293,0
Mikhaela,F,11,0,11
Mikhail,M,1942,1942,0
Mikhaila,F,41,0,41
Miki,F,334,0,334
Mikia,F,43,0,43
Mikiala,F,5,0,5
Mikie,M,5,5,0
Miking,M,54,54,0
Mikio,M,11,11,0
Mikiya,F,5,0,5
Mikiyah,F,19,0,19
Mikkel,M,32,32,0
Mikki,F,225,0,225
Mikko,M,186,186,0
Miklo,M,70,70,0
Miklos,M,5,5,0
Miko,M,236,193,43
Mikolaj,M,59,59,0
Miku,F,12,0,12
Mikyla,F,161,0,161
Mila,F,71903,0,71903
Milad,M,103,103,0
Miladie,F,5,0,5
Milady,F,29,0,29
Milagro,F,656,6,650
Milagros,F,8445,0,8445
Milah,F,1664,0,1664
Milam,M,36,36,0
Milan,U,19310,11930,7380
Milana,F,4994,0,4994
Milani,F,8520,0,8520
Milania,F,2516,0,2516
Milanie,F,18,0,18
Milano,M,41,41,0
Milany,F,12,0,12
Milarain,F,8,0,8
Milarose,F,26,0,26
Milas,M,20,20,0
Milbert,M,79,79,0
Milburn,M,680,680,0
Milca,F,140,0,140
Milda,F,17,0,17
Mildred,F,395194,120,395074
Mileah,F,7,0,7
Milee,F,72,0,72
Mileena,F,826,0,826
Mileidy,F,22,0,22
Mileigh,F,5,0,5
Milena,F,5301,0,5301
Milenia,F,6,0,6
Milenka,F,5,0,5
Miles,M,103981,103976,5
Miley,F,13056,0,13056
Mileydi,F,11,0,11
Milford,M,4540,4540,0
Mili,F,67,0,67
Miliana,F,321,0,321
Miliani,F,132,0,132
Miliano,M,72,72,0
Milica,F,21,0,21
Mililani,F,11,0,11
Milinda,F,25,0,25
Milissa,F,1239,0,1239
Milka,F,33,0,33
Milla,F,1020,0,1020
Millard,M,11554,11554,0
Milledge,M,21,21,0
Millee,F,5,0,5
Millen,M,5,5,0
Millenia,F,6,0,6
Miller,M,6262,5326,936
Millette,F,24,0,24
Milli,F,26,0,26
Milliana,F,134,0,134
Millicent,F,5855,0,5855
Millie,F,29598,5,29593
Million,M,69,63,6
Mills,U,74,47,27
Milly,F,914,0,914
Milo,M,32733,32717,16
Miloh,M,27,27,0
Milos,M,15,15,0
Milta,F,39,0,39
Milton,M,107966,107954,12
Mily,F,102,0,102
Milynn,F,11,0,11
Mima,F,24,0,24
Mimi,F,3211,0,3211
Min,U,50,38,12
Mina,F,10542,192,10350
Minah,F,5,0,5
Minahil,F,77,0,77
Minami,F,16,0,16
Minda,F,61,0,61
Mindee,F,45,0,45
Mindel,F,85,0,85
Mindi,F,2414,0,2414
Mindie,F,15,0,15
Mindy,F,39726,0,39726
Mineola,F,11,0,11
Minerva,F,9297,0,9297
Minette,F,14,0,14
Ming,M,53,41,12
Mingo,M,12,12,0
Minh,M,920,856,64
Minha,F,264,0,264
Minka,F,43,0,43
Minna,F,517,0,517
Minnah,F,15,0,15
Minnette,F,10,0,10
Minnie,F,89330,20,89310
Minnis,M,5,5,0
Minor,M,76,76,0
Minoru,M,574,574,0
Minos,M,10,10,0
Minsa,F,11,0,11
Minta,F,35,0,35
Minter,M,6,6,0
Mio,F,23,0,23
Miosotis,F,21,0,21
Miqueas,M,22,22,0
Miquel,M,462,462,0
Miquela,F,26,0,26
Miquelle,F,5,0,5
Mir,M,25,25,0
Mira,F,10074,0,10074
Miraal,F,45,0,45
Mirabai,F,5,0,5
Mirabel,F,245,0,245
Mirabella,F,292,0,292
Mirabelle,F,488,0,488
Miracle,F,18382,22,18360
Mirai,F,75,0,75
Miraj,M,6,6,0
Mirakle,F,10,0,10
Miral,F,68,0,68
Miran,M,113,113,0
Miranda,F,111692,0,111692
Mirasol,F,5,0,5
Miraya,F,226,0,226
Mirca,F,5,0,5
Mireille,F,90,0,90
Mirel,F,467,0,467
Mirella,F,1834,0,1834
Mirely,F,10,0,10
Mireya,F,7636,0,7636
Mireyah,F,10,0,10
Mirha,F,530,0,530
Miri,F,352,0,352
Miriah,F,473,0,473
Miriam,F,106899,24,106875
Mirian,F,1574,0,1574
Mirielle,F,37,0,37
Mirka,F,288,0,288
Mirlande,F,11,0,11
Mirna,F,2662,0,2662
Miro,M,57,57,0
Miron,M,67,67,0
Miroslav,M,5,5,0
Miroslava,F,272,0,272
Mirriam,F,6,0,6
Mirta,F,319,0,319
Mirtha,F,94,0,94
Miryam,F,205,0,205
Mirza,F,36,21,15
Misa,F,112,0,112
Misae,F,11,0,11
Misael,M,7796,7796,0
Misaki,F,19,0,19
Misako,F,21,0,21
Misao,F,241,0,241
Misayo,F,6,0,6
Mischa,F,422,10,412
Mischelle,F,127,0,127
Misel,F,5,0,5
Misha,F,1705,63,1642
Mishael,M,15,15,0
Mishel,F,12,0,12
Mishell,F,5,0,5
Mishelle,F,99,0,99
Mishika,F,110,0,110
Mishka,F,283,0,283
Misk,F,116,0,116
Miski,F,10,0,10
Missael,M,158,158,0
Missi,F,5,0,5
Missie,F,20,0,20
Missouri,F,129,0,129
Missy,F,3386,0,3386
Mistee,F,5,0,5
Mistelle,F,11,0,11
Mister,M,58,58,0
Misti,F,6439,0,6439
Mistica,F,6,0,6
Mistie,F,832,0,832
Misty,F,82239,19,82220
Misue,F,5,0,5
Mitali,F,10,0,10
Mitch,M,2688,2688,0
Mitchel,M,7882,7882,0
Mitchell,M,159527,159451,76
Mitchelle,F,36,0,36
Mithra,F,51,0,51
Mithran,M,48,48,0
Mitra,F,35,0,35
Mitsue,F,309,0,309
Mitsugi,M,42,42,0
Mitsuko,F,468,0,468
Mitsuo,M,444,444,0
Mitsuru,M,92,87,5
Mitsuye,F,68,0,68
Mitsuyo,F,19,0,19
Mitsy,F,7,0,7
Mittie,F,2756,0,2756
Mitzi,F,9692,0,9692
Mitzie,F,203,0,203
Mitzy,F,377,0,377
Miu,F,5,0,5
Mivaan,M,25,25,0
Mixtli,F,16,0,16
Miya,F,5395,0,5395
Miyah,F,1928,0,1928
Miyako,F,30,0,30
Miyana,F,16,0,16
Miyani,F,5,0,5
Miyanna,F,10,0,10
Miye,F,5,0,5
Miyeko,F,50,0,50
Miyisha,F,5,0,5
Miyo,F,13,0,13
Miyoko,F,378,0,378
Miyonna,F,6,0,6
Miyori,F,45,0,45
Miyoshi,F,10,0,10
Miyu,F,23,0,23
Miyuki,F,40,0,40
Miyuri,F,5,0,5
Mizael,M,190,190,0
Mizell,M,5,5,0
Mizraim,M,5,5,0
Mizuki,F,20,0,20
Mj,M,5,5,0
Mkayla,F,49,0,49
Mliss,F,5,0,5
Moana,F,314,0,314
Moani,F,5,0,5
Modean,F,74,0,74
Modell,F,8,0,8
Modelle,F,14,0,14
Modena,F,113,0,113
Modene,F,23,0,23
Modesta,F,634,0,634
Modestine,F,51,0,51
Modesto,M,1254,1254,0
Modesty,F,20,0,20
Modine,F,5,0,5
Moe,M,370,370,0
Moesha,F,795,0,795
Moeshia,F,5,0,5
Moet,F,29,0,29
Mohamad,M,2207,2207,0
Mohamadali,M,12,12,0
Mohamadou,M,23,23,0
Mohamed,M,16492,16492,0
Mohamedamiin,M,5,5,0
Mohamedamin,M,106,106,0
Mohammad,M,14253,14253,0
Mohammadali,M,6,6,0
Mohammed,M,13056,13056,0
Mohamud,M,37,37,0
Mohan,M,24,24,0
Mohid,M,26,26,0
Mohini,F,5,0,5
Mohit,M,38,38,0
Mohsen,M,17,17,0
Moir,M,6,6,0
Moira,F,4242,0,4242
Moise,M,231,231,0
Moises,M,27815,27809,6
Moisha,M,5,5,0
Moishe,M,882,882,0
Moishy,M,91,91,0
Moisses,M,5,5,0
Moksh,M,80,80,0
Moksha,F,20,0,20
Molina,F,5,0,5
Mollee,F,5,0,5
Molli,F,162,0,162
Mollie,F,32370,0,32370
Molly,F,168562,41,168521
Mollye,F,10,0,10
Momin,M,15,15,0
Momina,F,15,0,15
Momoe,F,5,0,5
Momoka,F,17,0,17
Momoyo,F,6,0,6
Mona,F,39594,0,39594
Monae,F,876,0,876
Monalisa,F,151,0,151
Monasia,F,10,0,10
Monay,F,53,0,53
Moncerat,F,17,0,17
Moncerrat,F,163,0,163
Moncerrath,F,11,0,11
Monchel,F,13,0,13
Moncia,F,39,0,39
Monda,F,6,0,6
Mondo,M,5,5,0
Mone,F,43,0,43
Monea,F,10,0,10
Monee,F,41,0,41
Monesha,F,42,0,42
Monet,F,2408,6,2402
Monette,F,177,0,177
Monez,F,6,0,6
Mong,M,28,28,0
Monic,F,96,0,96
Monica,F,247117,367,246750
Monico,M,164,164,0
Monie,F,5,0,5
Monifa,F,184,0,184
Monifah,F,36,0,36
Monigue,F,77,0,77
Monik,F,5,0,5
Monika,F,6537,0,6537
Moniqua,F,11,0,11
Monique,F,75843,43,75800
Monisha,F,302,0,302
Monita,F,10,0,10
Monna,F,213,0,213
Monnie,F,423,0,423
Monquie,F,5,0,5
Monroe,U,15892,10606,5286
Monse,F,24,0,24
Monserat,F,181,0,181
Monserath,F,40,0,40
Monserrat,F,6576,0,6576
Monserrate,F,71,16,55
Monserrath,F,715,0,715
Monserratt,F,53,0,53
Monson,M,10,10,0
Mont,M,43,43,0
Monta,F,21,10,11
Montae,M,11,11,0
Montana,F,7930,1880,6050
Montanna,F,95,0,95
Montarius,M,5,5,0
Montavious,M,526,526,0
Montavius,M,94,94,0
Monte,M,17683,17651,32
Monteen,F,101,0,101
Montel,M,562,562,0
Montell,M,52,52,0
Monterio,M,25,25,0
Monterrio,M,6,6,0
Montez,M,1263,1173,90
Montgomery,M,1787,1761,26
Monti,M,5,5,0
Montie,M,184,157,27
Montine,F,256,0,256
Montoya,F,31,0,31
Montravious,M,11,11,0
Montravius,M,5,5,0
Montray,M,5,5,0
Montre,M,15,15,0
Montreal,M,134,134,0
Montrel,M,122,122,0
Montrell,M,2026,2026,0
Montressa,F,6,0,6
Montrez,M,72,72,0
Montserrat,F,4310,0,4310
Montserrath,F,21,0,21
Monty,M,10881,10881,0
Montzerrat,F,33,0,33
Monya,F,5,0,5
Monyae,F,5,0,5
Monyette,F,5,0,5
Monzelle,F,5,0,5
Monzeratt,F,5,0,5
Monzerrat,F,274,0,274
Monzerrath,F,27,0,27
Moody,M,32,32,0
Moon,F,95,5,90
Moorea,F,13,0,13
Moosa,M,20,20,0
Moraima,F,26,0,26
Moranda,F,5,0,5
Mordcha,M,58,58,0
Mordchai,M,19,19,0
Mordche,M,145,145,0
Mordecai,M,270,270,0
Mordechai,M,5634,5634,0
Morelia,F,318,0,318
Morena,F,21,0,21
Morene,F,5,0,5
Morey,M,6,6,0
Morgan,F,258894,38620,220274
Morgana,F,11,0,11
Morgane,F,5,0,5
Morgann,F,15,0,15
Morganne,F,183,0,183
Morgen,F,270,5,265
Morghan,F,93,0,93
Morgyn,F,47,0,47
Moria,F,25,0,25
Moriah,F,10359,0,10359
Morine,F,16,0,16
Morio,M,5,5,0
Moriyah,F,5,0,5
Morley,M,40,40,0
Morning,F,5,0,5
Moroni,M,93,93,0
Morrigan,F,99,0,99
Morris,M,62401,62396,5
Morrison,M,261,256,5
Morrissey,M,5,5,0
Mortimer,M,898,898,0
Morton,M,9155,9155,0
Morty,M,10,10,0
Mosby,M,5,5,0
Mose,M,3593,3593,0
Mosella,F,6,0,6
Moselle,F,10,0,10
Moses,M,34791,34791,0
Mosha,M,11,11,0
Moshe,M,15246,15246,0
Mosiah,M,89,89,0
Moss,M,5,5,0
Mossie,F,346,0,346
Mostafa,M,70,70,0
Motley,F,17,5,12
Motti,M,10,10,0
Motty,M,106,106,0
Moua,M,64,64,0
Mouhamad,M,11,11,0
Mouhamadou,M,123,123,0
Mouhamed,M,335,335,0
Moultrie,M,6,6,0
Mourad,M,22,22,0
Mousa,M,15,15,0
Moussa,M,451,451,0
Moustafa,M,16,16,0
Moustapha,M,96,96,0
Moxie,F,108,0,108
Moya,F,7,0,7
Moyer,M,7,7,0
Moyses,M,16,16,0
Mozel,F,20,0,20
Mozell,F,1969,12,1957
Mozella,F,412,0,412
Mozelle,F,3738,0,3738
Mozter,F,5,0,5
Muaad,M,16,16,0
Muad,M,254,254,0
Muadh,M,22,22,0
Muaz,M,30,30,0
Mubarak,M,95,95,0
Mubashir,M,50,50,0
Mubina,F,16,0,16
Muguette,F,5,0,5
Muhamed,M,83,83,0
Muhammad,M,16946,16946,0
Muhammadali,M,315,315,0
Muhammadamin,M,72,72,0
Muhammadjon,M,5,5,0
Muhammadumar,M,5,5,0
Muhammadyasin,M,6,6,0
Muhammadyusuf,M,95,95,0
Muhammed,M,1072,1072,0
Muhsin,M,189,189,0
Mui,F,5,0,5
Mujahid,M,21,21,0
Mujtaba,M,12,12,0
Mukhtar,M,5,5,0
Mukund,M,5,5,0
Mulan,F,172,0,172
Mulani,F,48,0,48
Mulki,F,5,0,5
Mumtaz,F,126,0,126
Muna,F,272,0,272
Munachimso,F,36,12,24
Munachiso,F,10,5,5
Munasar,M,14,14,0
Muneeb,M,10,10,0
Muneer,M,11,11,0
Mung,M,11,11,0
Munir,M,154,154,0
Munira,F,202,0,202
Munirah,F,5,0,5
Munisa,F,5,0,5
Muntaha,F,112,0,112
Muntas,F,10,0,10
Muntasir,M,8,8,0
Murad,M,191,191,0
Murat,M,5,5,0
Murdis,F,5,0,5
Murel,F,10,5,5
Muriel,F,47562,42,47520
Murielle,F,41,0,41
Murilo,M,14,14,0
Murl,M,394,363,31
Murlene,F,80,0,80
Murline,F,17,0,17
Murphy,U,5753,3820,1933
Murray,M,15909,15909,0
Murrel,M,37,37,0
Murrell,M,133,128,5
Murry,M,992,992,0
Mursal,F,10,0,10
Murtaza,M,25,25,0
Musa,M,3607,3607,0
Musab,M,267,267,0
Muscab,M,22,22,0
Mushka,F,264,0,264
Mushtaq,F,15,0,15
Muska,F,5,0,5
Muskaan,F,65,0,65
Muskan,F,90,0,90
Muslima,F,90,0,90
Muslimah,F,6,0,6
Mustafa,M,5055,5055,0
Mustafe,M,5,5,0
Mustafo,M,40,40,0
Mustapha,M,52,52,0
Mutsuo,M,7,7,0
Muzamil,M,19,19,0
My,F,361,38,323
Mya,F,59178,0,59178
Myah,F,8226,0,8226
Myaire,M,5,5,0
Myana,F,15,0,15
Myangel,F,22,0,22
Myanna,F,20,0,20
Myasia,F,835,0,835
Mycah,F,118,62,56
Mychael,M,234,234,0
Mychaela,F,17,0,17
Mychal,M,762,754,8
Mychelle,F,20,0,20
Myeisha,F,260,0,260
Myer,M,222,222,0
Myers,M,17,17,0
Myesha,F,2003,0,2003
Myeshia,F,221,0,221
Myheir,M,47,47,0
Myia,F,529,0,529
Myiah,F,77,0,77
Myiesha,F,68,0,68
Myisha,F,605,0,605
Myka,F,828,5,823
Mykael,M,10,10,0
Mykaela,F,264,0,264
Mykah,F,496,225,271
Mykaila,F,26,0,26
Mykal,M,113,113,0
Mykala,F,312,0,312
Mykalah,F,5,0,5
Mykale,M,6,6,0
Mykayla,F,1191,0,1191
Mykel,M,1405,1367,38
Mykell,M,42,42,0
Mykenzie,F,156,0,156
Mykia,F,95,0,95
Myla,F,16689,0,16689
Mylah,F,4450,0,4450
Mylan,M,259,254,5
Mylani,F,37,0,37
Mylea,F,6,0,6
Myleah,F,56,0,56
Mylee,F,2863,0,2863
Myleen,F,40,0,40
Myleigh,F,298,0,298
Mylene,F,145,0,145
Myles,M,52723,52718,5
Myley,F,5,0,5
Myli,F,6,0,6
Mylia,F,5,0,5
Mylie,F,889,0,889
Mylin,F,5,0,5
Mylinda,F,26,0,26
Mylinh,F,15,0,15
Mylissa,F,10,0,10
Mylo,M,1759,1759,0
Mynor,M,272,272,0
Myong,F,44,0,44
Myonna,F,52,0,52
Myra,F,54741,0,54741
Myracle,F,276,0,276
Myrah,F,84,0,84
Myranda,F,2675,0,2675
Myree,F,5,0,5
Myrene,F,5,0,5
Myriah,F,430,0,430
Myriam,F,1563,0,1563
Myrian,F,5,0,5
Myrical,F,10,0,10
Myrissa,F,24,0,24
Myrka,F,268,0,268
Myrl,F,325,75,250
Myrlande,F,5,0,5
Myrle,F,437,15,422
Myrlene,F,5,0,5
Myrna,F,27793,0,27793
Myron,M,39215,39215,0
Myrta,F,45,0,45
Myrtice,F,3015,0,3015
Myrtie,F,1243,0,1243
Myrtis,F,4277,0,4277
Myrtle,F,87082,0,87082
Mysha,F,64,0,64
Myshia,F,5,0,5
Mysti,F,56,0,56
Mystic,F,5,0,5
Mystica,F,5,0,5
Mystique,F,15,0,15
Myung,F,11,0,11
Na,F,22,0,22
Naail,M,5,5,0
Naailah,F,5,0,5
Naama,F,32,0,32
Naaman,M,22,22,0
Naara,F,5,0,5
Naasia,F,10,0,10
Naasir,M,22,22,0
Naava,F,17,0,17
Naavya,F,15,0,15
Naba,F,11,0,11
Nabeeha,F,22,0,22
Nabeel,M,272,272,0
Nabi,F,5,0,5
Nabiha,F,140,0,140
Nabil,M,655,637,18
Nabila,F,136,0,136
Nabor,M,58,58,0
Nachelle,F,15,0,15
Nachman,M,469,469,0
Nachmen,M,84,84,0
Nachum,M,110,110,0
Nacole,F,158,0,158
Nacy,F,5,0,5
Nada,F,1296,0,1296
Nadar,F,7,0,7
Nadav,M,230,230,0
Nadean,F,58,0,58
Nadeem,M,39,39,0
Nadeen,F,184,0,184
Nadege,F,113,0,113
Nadeige,F,6,0,6
Nadene,F,144,0,144
Nader,M,475,475,0
Nadezhda,F,5,0,5
Nadia,F,42608,6,42602
Nadiah,F,33,0,33
Nadim,M,20,20,0
Nadina,F,5,0,5
Nadine,F,48039,0,48039
Nadir,M,355,355,0
Nadira,F,239,0,239
Nadirah,F,397,0,397
Nadiya,F,303,0,303
Nadiyah,F,122,0,122
Nadja,F,120,0,120
Nadolyn,F,8,0,8
Nadya,F,1007,0,1007
Nadyne,F,33,0,33
Naeem,M,869,869,0
Naeema,F,10,0,10
Naeemah,F,65,0,65
Nael,M,383,383,0
Naelani,F,16,0,16
Naelle,F,15,0,15
Naetochukwu,M,7,7,0
Naevia,F,43,0,43
Nafeesa,F,7,0,7
Nafeesah,F,31,0,31
Nafis,M,269,269,0
Nafisa,F,110,0,110
Naftali,M,1491,1491,0
Naftoli,M,268,268,0
Naftula,M,120,120,0
Naftuli,M,457,457,0
Naftuly,M,52,52,0
Nagely,F,8,0,8
Naguan,M,5,5,0
Nahal,F,5,0,5
Nahara,F,11,0,11
Naheem,M,22,22,0
Naheim,M,5,5,0
Nahel,M,13,13,0
Nahia,F,111,0,111
Nahiara,F,18,0,18
Nahim,M,5,5,0
Nahima,F,18,0,18
Nahla,F,2061,0,2061
Nahlani,F,6,0,6
Nahlia,F,5,0,5
Nahmir,M,46,46,0
Nahom,M,256,256,0
Nahomi,F,862,0,862
Nahomy,F,639,0,639
Nahriah,F,6,0,6
Nahshon,M,24,24,0
Nahsir,M,6,6,0
Nahuel,M,31,31,0
Nahum,M,871,871,0
Nahun,M,5,5,0
Nahyan,M,6,6,0
Nai,F,118,21,97
Naia,F,1018,0,1018
Naiah,F,11,0,11
Naiara,F,74,0,74
Naiari,F,14,0,14
Naibe,F,21,0,21
Naida,F,124,0,124
Naidelin,F,86,0,86
Naidely,F,29,0,29
Naidelyn,F,324,0,324
Naiema,F,5,0,5
Naif,M,5,5,0
Naija,F,12,0,12
Naika,F,11,0,11
Naila,F,1639,0,1639
Nailah,F,3039,0,3039
Nailani,F,22,0,22
Nailea,F,727,0,727
Naileah,F,18,0,18
Naim,M,1336,1336,0
Naima,F,3054,0,3054
Naimah,F,585,0,585
Naimal,F,6,0,6
Nain,M,31,31,0
Naina,F,161,0,161
Nainika,F,10,0,10
Nainoa,M,402,402,0
Naiomi,F,211,0,211
Naiovy,F,5,0,5
Naira,F,236,0,236
Nairi,F,124,0,124
Nairobi,F,726,0,726
Nairoby,F,6,0,6
Naisha,F,578,0,578
Naithan,M,34,34,0
Naithen,M,5,5,0
Naiya,F,491,0,491
Naiyah,F,50,0,50
Naizeth,F,5,0,5
Naja,F,366,0,366
Najae,F,125,0,125
Najah,F,779,0,779
Naje,F,5,0,5
Najee,M,1627,1572,55
Naji,M,60,60,0
Najia,F,10,0,10
Najib,M,10,10,0
Najir,M,12,12,0
Najla,F,12,0,12
Najma,F,230,0,230
Najmo,F,6,0,6
Najwa,F,15,0,15
Nakai,M,116,116,0
Nakaya,F,6,0,6
Nakayla,F,706,0,706
Nakea,F,6,0,6
Nakeia,F,10,0,10
Nakeisha,F,341,0,341
Nakema,F,5,0,5
Nakesha,F,196,0,196
Nakeshia,F,20,0,20
Nakeya,F,75,0,75
Nakhi,M,5,5,0
Nakhia,F,22,0,22
Nakia,F,8219,1206,7013
Nakiah,F,11,0,11
Nakima,F,11,0,11
Nakira,F,5,0,5
Nakirah,F,10,0,10
Nakisha,F,1397,0,1397
Nakita,F,1220,0,1220
Nakiya,F,541,0,541
Nakiyah,F,304,0,304
Nakoa,M,390,390,0
Naksh,M,121,121,0
Nakya,F,55,0,55
Nakyia,F,5,0,5
Nakyla,F,5,0,5
Nala,F,4136,0,4136
Nalah,F,251,0,251
Nalani,F,5047,0,5047
Nalanie,F,24,0,24
Nalaya,F,31,0,31
Nalayah,F,102,0,102
Nalaysia,F,5,0,5
Naleah,F,21,0,21
Nalee,F,10,0,10
Naleya,F,12,0,12
Nalia,F,135,0,135
Naliah,F,10,0,10
Nalina,F,5,0,5
Nalini,F,11,0,11
Naliyah,F,296,0,296
Nalleli,F,235,0,235
Nallely,F,2119,0,2119
Nalley,F,12,0,12
Nalu,M,31,31,0
Naly,F,13,0,13
Nam,M,527,527,0
Namaari,F,46,0,46
Naman,M,47,47,0
Namari,F,124,42,82
Name,U,34,23,11
Nameera,F,5,0,5
Nami,F,303,0,303
Namiko,F,24,0,24
Namine,F,6,0,6
Namir,M,203,203,0
Namirah,F,5,0,5
Namish,M,5,5,0
Namon,M,25,25,0
Namrata,F,12,0,12
Namya,F,5,0,5
Nan,F,5690,0,5690
Nana,F,555,173,382
Nanami,F,42,0,42
Nance,F,33,0,33
Nancee,F,384,0,384
Nancey,F,15,0,15
Nanci,F,3696,0,3696
Nancie,F,1119,0,1119
Nancy,F,987013,805,986208
Nancyann,F,31,0,31
Nancye,F,337,0,337
Nancylee,F,5,0,5
Nandan,M,5,5,0
Nandi,F,163,0,163
Nandini,F,238,0,238
Nandita,F,5,0,5
Nane,F,5,0,5
Nanea,F,118,0,118
Nanette,F,13405,0,13405
Nani,F,56,0,56
Nanie,F,46,0,46
Nannette,F,3310,0,3310
Nannie,F,14189,0,14189
Nansi,F,44,0,44
Nanya,M,6,6,0
Naod,M,21,21,0
Naoki,M,5,5,0
Naoko,F,5,0,5
Naoma,F,470,0,470
Naomi,F,173190,0,173190
Naomia,F,19,0,19
Naomie,F,295,0,295
Naomy,F,890,0,890
Naphtali,M,5,5,0
Napoleon,M,3588,3588,0
Napua,F,6,0,6
Naquan,M,701,701,0
Naquana,F,5,0,5
Naquasha,F,5,0,5
Naquon,M,5,5,0
Nara,F,161,0,161
Narada,M,41,41,0
Narali,F,6,0,6
Naraly,F,69,0,69
Narayan,M,5,5,0
Narcedalia,F,5,0,5
Narcille,F,5,0,5
Narcisa,F,70,0,70
Narciso,M,1044,1044,0
Narcissa,F,5,0,5
Narda,F,60,0,60
Nare,F,86,0,86
Nareg,M,75,75,0
Nareh,F,53,0,53
Narek,M,413,413,0
Narely,F,29,0,29
Naren,M,11,11,0
Nari,F,35,0,35
Nariah,F,1993,0,1993
Narice,F,5,0,5
Narine,F,23,0,23
Narissa,F,41,0,41
Nariya,F,11,0,11
Nariyah,F,955,0,955
Narjis,F,5,0,5
Narvis,F,5,0,5
Nary,F,40,0,40
Nas,M,5,5,0
Nasai,M,18,18,0
Nasaria,F,17,0,17
Nasario,M,164,164,0
Nasean,M,6,6,0
Naseeb,F,18,0,18
Naseem,M,536,520,16
Naseer,M,57,57,0
Nash,M,17227,17227,0
Nashali,F,28,0,28
Nashalie,F,12,0,12
Nashaly,F,128,0,128
Nashaun,M,20,20,0
Nashawn,M,224,224,0
Nashay,F,22,0,22
Nashid,M,5,5,0
Nashira,F,10,0,10
Nashla,F,458,0,458
Nashley,F,127,0,127
Nashly,F,244,0,244
Nashton,M,6,6,0
Nasia,F,26,0,26
Nasiah,U,18,13,5
Nasier,M,57,57,0
Nasif,M,5,5,0
Nasim,M,122,115,7
Nasir,M,15485,15485,0
Nasira,F,10,0,10
Nasirah,F,5,0,5
Nasire,M,5,5,0
Nasiyah,F,37,0,37
Nasly,F,15,0,15
Nason,M,22,22,0
Nasra,F,63,0,63
Nasreen,F,5,0,5
Nasser,M,242,242,0
Nassim,F,5,0,5
Nassir,M,189,189,0
Nastasha,F,21,0,21
Nastasia,F,38,0,38
Nastassia,F,284,0,284
Nastassja,F,80,0,80
Nasya,F,76,0,76
Nat,M,483,483,0
Natacha,F,588,0,588
Nataki,F,21,0,21
Natale,M,385,385,0
Natalee,F,7536,0,7536
Nataleigh,F,365,0,365
Nataley,F,75,0,75
Natali,F,3052,0,3052
Natalia,F,77637,5,77632
Nataliah,F,20,0,20
Natalie,F,369215,109,369106
Natalina,F,31,0,31
Natalio,M,21,21,0
Nataliya,F,105,0,105
Natallie,F,65,0,65
Natally,F,130,0,130
Nataly,F,13166,0,13166
Natalya,F,4790,0,4790
Natalye,F,31,0,31
Natalyn,F,78,0,78
Natalynn,F,35,0,35
Natan,M,488,488,0
Natanael,M,1030,1030,0
Natanel,M,65,65,0
Natania,F,92,0,92
Nataniel,M,93,93,0
Natanya,F,10,0,10
Natara,F,5,0,5
Natarsha,F,74,0,74
Natascha,F,88,0,88
Natasha,F,94972,22,94950
Natashia,F,1060,0,1060
Natasia,F,153,0,153
Natassha,F,5,0,5
Natassia,F,156,0,156
Natassja,F,25,0,25
Natavia,F,46,0,46
Nataya,F,10,0,10
Nate,M,1475,1469,6
Nateria,F,5,0,5
Natesha,F,6,0,6
Nathalee,F,24,0,24
Nathali,F,139,0,139
Nathalia,F,5236,0,5236
Nathalie,F,15607,0,15607
Nathaly,F,6438,0,6438
Nathalya,F,15,0,15
Nathalye,F,5,0,5
Nathan,M,571971,571683,288
Nathanael,M,18447,18447,0
Nathanal,M,5,5,0
Nathaneal,M,64,64,0
Nathanel,M,41,41,0
Nathania,F,44,0,44
Nathanial,M,7024,7024,0
Nathanie,M,55,55,0
Nathaniel,M,277703,277660,43
Nathanuel,M,5,5,0
Nathasha,F,6,0,6
Nathen,M,3132,3132,0
Nathifa,F,6,0,6
Nathin,M,5,5,0
Nathon,M,214,214,0
Nathyn,M,17,17,0
Natia,F,5,0,5
Natilee,F,35,0,35
Natina,F,5,0,5
Natisha,F,653,0,653
Natividad,F,2127,1156,971
Natnael,M,10,10,0
Natori,F,42,0,42
Natoria,F,5,0,5
Natosha,F,1595,0,1595
Natoshia,F,5,0,5
Natoya,F,115,0,115
Natrone,M,5,5,0
Natsue,F,28,0,28
Natsuko,F,63,0,63
Natsumi,F,15,0,15
Nattalie,F,10,0,10
Nattaly,F,6,0,6
Nature,F,51,0,51
Naudia,F,355,0,355
Nautica,F,1343,0,1343
Nautika,F,15,0,15
Nava,F,568,0,568
Navaeh,F,480,0,480
Navah,F,10,0,10
Navani,F,8,0,8
Navany,F,15,0,15
Navarro,M,6,6,0
Navdeep,F,40,5,35
Naveah,F,652,0,652
Naveed,M,69,69,0
Naveen,M,424,372,52
Navey,F,10,0,10
Naveyah,F,15,0,15
Navi,F,623,39,584
Navia,F,5,0,5
Naviah,F,6,0,6
Navid,M,229,219,10
Navie,F,98,0,98
Navil,F,60,0,60
Navin,M,106,106,0
Navina,F,6,0,6
Navindra,M,5,5,0
Navira,F,5,0,5
Navjot,F,36,17,19
Navneet,F,71,0,71
Navpreet,F,17,0,17
Navraj,M,22,22,0
Navreet,F,15,0,15
Navy,F,3533,161,3372
Navya,F,1049,0,1049
Nawaal,F,5,0,5
Nawal,F,323,0,323
Naya,F,4405,0,4405
Nayab,F,5,0,5
Nayah,F,134,0,134
Nayan,M,77,77,0
Nayana,F,69,0,69
Nayara,F,31,0,31
Nayda,F,13,0,13
Naydeen,F,11,0,11
Naydeli,F,5,0,5
Naydelin,F,601,0,601
Naydeline,F,12,0,12
Naydelyn,F,28,0,28
Nayden,M,10,10,0
Nayef,M,5,5,0
Nayel,M,109,109,0
Nayeli,F,21525,0,21525
Nayelie,F,204,0,204
Nayelis,F,189,0,189
Nayeliz,F,10,0,10
Nayelli,F,747,0,747
Nayelly,F,218,0,218
Nayely,F,1741,0,1741
Nayib,M,36,36,0
Nayla,F,2075,0,2075
Naylah,F,153,0,153
Naylani,F,305,0,305
Naylea,F,287,0,287
Nayleah,F,22,0,22
Naylee,F,5,0,5
Nayleen,F,88,0,88
Naylene,F,27,0,27
Nayomi,F,396,0,396
Nayquan,M,21,21,0
Nayra,F,41,0,41
Naysa,F,76,0,76
Naysha,F,5,0,5
Nayshawn,M,17,17,0
Naythan,M,284,284,0
Naythen,M,10,10,0
Nayvee,F,15,0,15
Nayvie,F,37,0,37
Nayzeth,F,70,0,70
Nazaire,M,5,5,0
Nazanin,F,24,0,24
Nazar,M,118,118,0
Nazaret,F,19,5,14
Nazareth,F,658,227,431
Nazaria,F,40,0,40
Nazario,M,174,174,0
Nazeer,M,5,5,0
Nazeli,F,5,0,5
Nazia,F,61,0,61
Naziah,F,20,5,15
Nazier,M,95,95,0
Nazifa,F,24,0,24
Nazir,M,2557,2557,0
Nazirah,F,5,0,5
Naziya,F,5,0,5
Naziyah,F,88,0,88
Nazli,F,85,0,85
Nazly,F,79,0,79
Nazyia,F,15,0,15
Ndea,F,5,0,5
Ndeye,F,138,0,138
Ndia,F,5,0,5
Ndrew,M,6,6,0
Nea,F,5,0,5
Neah,F,12,0,12
Neal,M,49303,49303,0
Neala,F,37,0,37
Neale,M,5,5,0
Nealie,F,33,0,33
Neave,F,7,0,7
Necalli,M,7,7,0
Necha,F,12,0,12
Nechama,F,3032,0,3032
Nechemia,M,24,24,0
Nechuma,F,113,0,113
Nechy,F,22,0,22
Necia,F,5,0,5
Necole,F,266,0,266
Ned,M,11908,11908,0
Neda,F,356,0,356
Nedra,F,3355,0,3355
Nedved,M,5,5,0
Needham,M,74,74,0
Neeka,F,10,0,10
Neeko,M,11,11,0
Neel,M,1678,1678,0
Neela,F,351,0,351
Neelah,F,5,0,5
Neelam,F,44,0,44
Neely,F,507,0,507
Neema,F,93,50,43
Neena,F,166,0,166
Neeraj,M,10,10,0
Neesha,F,5,0,5
Neev,M,322,322,0
Neeva,F,18,0,18
Nefeli,F,5,0,5
Nefertari,F,56,0,56
Nefertiti,F,140,0,140
Nefi,M,5,5,0
Neftali,M,1105,939,166
Neftaly,F,82,43,39
Negan,M,23,18,5
Negar,F,5,0,5
Negin,F,16,0,16
Neha,F,2764,0,2764
Nehan,M,5,5,0
Nehemiah,M,17685,17632,53
Nehemias,M,755,755,0
Nehemie,F,45,0,45
Neiba,F,15,0,15
Neida,F,882,0,882
Neidy,F,6,0,6
Neiko,M,65,65,0
Neil,M,99662,99662,0
Neila,F,72,0,72
Neilani,F,7,0,7
Neilany,F,5,0,5
Neill,M,109,109,0
Neiman,M,110,110,0
Neira,F,12,0,12
Neisha,F,69,0,69
Neita,F,17,0,17
Neithan,M,142,142,0
Neiva,F,37,0,37
Neizan,M,147,147,0
Nekesha,F,10,0,10
Nekia,F,94,0,94
Nekisha,F,36,0,36
Nekita,F,26,0,26
Neko,M,75,70,5
Nela,F,26,0,26
Nelda,F,16885,0,16885
Neldon,M,40,40,0
Neleigh,F,6,0,6
Neli,F,26,0,26
Nelia,F,65,0,65
Nelida,F,718,0,718
Nelissa,F,5,0,5
Nell,F,17736,0,17736
Nella,F,1072,0,1072
Nelle,F,1405,0,1405
Nellene,F,10,0,10
Nelli,F,28,0,28
Nellie,F,99608,0,99608
Nelliel,F,7,0,7
Nello,M,179,179,0
Nellora,F,5,0,5
Nelly,F,4758,0,4758
Nelma,F,218,0,218
Nels,M,737,737,0
Nelsa,F,6,0,6
Nelson,M,71851,71851,0
Nelsy,F,7,0,7
Nelta,F,83,0,83
Nelva,F,178,0,178
Nelwyn,F,418,0,418
Nely,F,195,0,195
Nemesis,F,18,0,18
Nena,F,1216,0,1216
Nene,F,11,0,11
Neng,M,29,29,0
Neno,M,7,7,0
Neo,M,1595,1595,0
Neola,F,48,0,48
Neoma,F,1056,0,1056
Neomi,F,283,0,283
Neomia,F,125,0,125
Nephi,M,112,112,0
Nephtali,M,5,5,0
Nephtalie,F,5,0,5
Nerea,F,5,0,5
Nereida,F,2556,5,2551
Nereo,M,5,5,0
Nereyda,F,695,0,695
Neri,M,205,189,16
Neriah,F,1903,0,1903
Nerida,F,6,0,6
Nerine,F,10,0,10
Nerissa,F,467,0,467
Neriyah,F,5,0,5
Nero,M,30,30,0
Nerses,M,6,6,0
Nery,M,836,814,22
Nesanel,M,152,152,0
Nesita,F,5,0,5
Neslihan,F,5,0,5
Nessa,F,209,0,209
Nessiah,M,20,20,0
Nestor,M,7341,7341,0
Nestora,F,5,0,5
Neta,F,801,0,801
Netanel,M,153,153,0
Netanya,F,21,0,21
Neteyam,M,12,12,0
Nethaniel,M,5,5,0
Nethra,F,29,0,29
Netra,F,6,0,6
Nettie,F,28508,0,28508
Neva,F,13202,0,13202
Nevaan,M,24,24,0
Nevada,F,227,5,222
Nevaeh,F,94185,39,94146
Nevaeha,F,366,0,366
Nevah,F,5,0,5
Nevan,M,272,272,0
Neve,F,491,0,491
Neveah,F,3860,0,3860
Neveen,F,10,0,10
Neven,M,10,10,0
Neviah,F,16,0,16
Neville,M,454,454,0
Nevin,M,3078,3078,0
Newborn,U,28,17,11
Newell,M,479,479,0
Newman,M,231,231,0
Newt,M,21,21,0
Newton,M,2952,2952,0
Ney,M,7,7,0
Neya,F,10,0,10
Neyda,F,290,0,290
Neyla,F,35,0,35
Neylan,F,87,0,87
Neyland,M,323,323,0
Neylani,F,14,0,14
Neymar,M,2161,2161,0
Neyra,F,10,0,10
Neysa,F,35,0,35
Neythan,M,163,163,0
Neyva,F,27,0,27
Neyzan,M,5,5,0
Nezar,M,5,5,0
Nezuko,F,11,0,11
Nezzie,F,69,0,69
Nga,F,120,0,120
Ngai,M,7,7,0
Ngan,F,5,0,5
Ngawang,F,16,5,11
Nghia,M,18,18,0
Ngoc,F,182,0,182
Ngozi,F,5,0,5
Ngun,F,5,0,5
Nguyen,M,71,71,0
Nguyet,F,10,0,10
Nhan,M,49,49,0
Nhi,F,347,0,347
Nhia,M,98,91,7
Nhu,F,44,0,44
Nhung,F,51,0,51
Nhyla,F,5,0,5
Nia,F,22560,0,22560
Niah,F,472,0,472
Niaja,F,5,0,5
Niall,M,532,532,0
Niam,M,1003,1003,0
Niambi,F,11,0,11
Niamh,F,709,0,709
Niana,F,11,0,11
Niang,F,65,0,65
Niaomi,F,5,0,5
Niara,F,207,0,207
Niasha,F,5,0,5
Niasia,F,322,0,322
Niaya,F,5,0,5
Nicandro,M,5,5,0
Nicanor,M,112,112,0
Nicasio,M,7,7,0
Nicco,M,270,270,0
Niccolas,M,5,5,0
Niccole,F,324,0,324
Niccolo,M,264,264,0
Nicha,F,23,0,23
Nichele,F,61,0,61
Nichelle,F,3278,5,3273
Nichoals,M,16,16,0
Nichol,F,1457,0,1457
Nichola,F,27,0,27
Nicholad,M,5,5,0
Nicholai,M,174,174,0
Nicholaos,M,10,10,0
Nicholas,M,915870,914534,1336
Nicholaus,M,1261,1261,0
Nichole,F,61721,0,61721
Nicholes,M,117,117,0
Nicholette,F,176,0,176
Nicholis,M,47,47,0
Nicholl,F,6,0,6
Nicholle,F,502,0,502
Nicholos,M,37,37,0
Nichols,M,60,60,0
Nicholus,M,21,21,0
Nichy,F,5,0,5
Nick,M,43358,43358,0
Nickalas,M,11,11,0
Nickey,M,279,279,0
Nickholas,M,5,5,0
Nicki,F,2631,0,2631
Nickie,F,857,39,818
Nickita,M,5,5,0
Nicklas,M,727,727,0
Nicklaus,M,1269,1269,0
Nicko,M,18,18,0
Nickolai,M,5,5,0
Nickolaos,M,7,7,0
Nickolas,M,35038,35038,0
Nickolaus,M,339,339,0
Nickole,F,801,0,801
Nickson,M,5,5,0
Nicky,M,4298,4046,252
Nico,M,15892,15686,206
Nicodemus,M,91,91,0
Nicol,F,704,0,704
Nicola,F,3301,1076,2225
Nicolaas,M,12,12,0
Nicolai,M,517,517,0
Nicolaos,M,11,11,0
Nicolas,M,94670,94670,0
Nicolasa,F,618,0,618
Nicolaus,M,228,228,0
Nicole,F,591916,740,591176
Nicoleanne,F,5,0,5
Nicolemarie,F,5,0,5
Nicolet,F,5,0,5
Nicolett,F,12,0,12
Nicoletta,F,702,0,702
Nicolette,F,13312,0,13312
Nicoli,M,28,28,0
Nicolina,F,509,0,509
Nicollas,M,5,5,0
Nicolle,F,3784,0,3784
Nicollette,F,522,0,522
Nicolly,F,6,0,6
Nicolo,M,389,389,0
Nicosha,F,5,0,5
Nicy,F,5,0,5
Nida,F,210,0,210
Nidal,M,5,5,0
Nidhi,F,522,0,522
Nidia,F,1639,0,1639
Nidya,F,10,0,10
Niel,M,39,39,0
Niels,M,85,85,0
Niema,F,20,0,20
Niesha,F,959,0,959
Nieves,F,624,307,317
Nigel,M,9143,9143,0
Nigeria,F,203,0,203
Nihaal,M,41,41,0
Nihaan,M,5,5,0
Nihal,M,190,179,11
Nihan,F,85,0,85
Nihar,M,28,28,0
Niharika,F,42,0,42
Nihira,F,225,0,225
Nija,F,139,0,139
Nijae,F,21,0,21
Nijah,F,270,5,265
Nik,M,5,5,0
Nika,F,865,0,865
Nikan,M,13,13,0
Nikash,M,10,10,0
Nikayla,F,156,0,156
Nikea,F,7,0,7
Nikema,F,5,0,5
Nikeria,F,32,0,32
Nikesha,F,35,0,35
Niketa,F,6,0,6
Nikeya,F,40,0,40
Nikhil,M,3731,3731,0
Nikhita,F,15,0,15
Niki,F,3672,0,3672
Nikia,F,2362,36,2326
Nikima,F,5,0,5
Nikisha,F,341,0,341
Nikita,F,9359,1323,8036
Nikitha,F,17,0,17
Nikiya,F,25,0,25
Nikka,F,17,0,17
Nikki,F,36400,47,36353
Nikkia,F,389,0,389
Nikkie,F,28,0,28
Nikkita,F,55,0,55
Nikko,M,2540,2540,0
Nikkolas,M,26,26,0
Nikkole,F,58,0,58
Niklas,M,438,438,0
Niklaus,M,1225,1225,0
Niko,M,10704,10682,22
Nikodem,M,29,29,0
Nikol,F,67,0,67
Nikola,M,1665,1650,15
Nikolai,M,8032,8032,0
Nikolaos,M,694,694,0
Nikolas,M,20885,20885,0
Nikolaus,M,737,737,0
Nikolay,M,47,47,0
Nikole,F,4321,0,4321
Nikolette,F,35,0,35
Nikoli,M,39,39,0
Nikoloz,M,5,5,0
Nikos,M,56,56,0
Nil,F,36,0,36
Nila,F,2575,0,2575
Nilah,F,382,0,382
Nilan,M,65,65,0
Nilani,F,10,0,10
Nilda,F,2118,0,2118
Nile,M,837,832,5
Niles,M,694,694,0
Nili,F,15,0,15
Nilka,F,6,0,6
Nilmar,M,5,5,0
Nilo,M,11,11,0
Niloofar,F,5,0,5
Nils,M,577,577,0
Nilsa,F,1146,0,1146
Nilson,M,5,5,0
Nima,M,431,424,7
Nimco,F,10,0,10
Nimesh,M,6,6,0
Nimo,F,11,0,11
Nimra,F,28,0,28
Nimrat,F,92,0,92
Nimrit,F,26,0,26
Nina,F,119241,14,119227
Ninel,F,134,0,134
Ninette,F,65,0,65
Ninfa,F,1729,0,1729
Nini,F,5,0,5
Nino,M,651,651,0
Ninos,M,11,11,0
Ninoska,F,5,0,5
Nio,M,5,5,0
Niobe,F,17,0,17
Niomi,F,163,0,163
Nira,F,179,0,179
Niraj,M,10,10,0
Nirali,F,15,0,15
Nirav,M,46,46,0
Nirel,F,5,0,5
Nirvaan,M,222,222,0
Nirvair,M,32,32,0
Nirvan,M,60,60,0
Nirvana,F,568,0,568
Nirvi,F,63,0,63
Nisa,F,402,0,402
Nisha,F,1340,0,1340
Nishan,M,21,21,0
Nishant,M,83,83,0
Nishanth,M,12,12,0
Nishat,F,54,0,54
Nishi,F,10,0,10
Nishika,F,5,0,5
Nishka,F,151,0,151
Nissa,F,258,0,258
Nissan,M,12,12,0
Nissen,M,12,12,0
Nissi,F,49,0,49
Nissim,M,84,84,0
Nisson,M,10,10,0
Nita,F,9399,0,9399
Nitara,F,50,0,50
Nitasha,F,11,0,11
Nithila,F,6,0,6
Nithin,M,12,12,0
Nithya,F,164,0,164
Nitika,F,5,0,5
Nitin,M,43,43,0
Nitya,F,314,0,314
Nitza,F,123,0,123
Niurka,F,62,0,62
Niva,F,15,0,15
Nivaan,M,206,206,0
Nivan,M,12,12,0
Nivea,F,371,0,371
Niveah,F,5,0,5
Nivia,F,53,0,53
Nivin,M,12,12,0
Nivisha,F,5,0,5
Nix,M,5,5,0
Nixaliz,F,5,0,5
Nixie,F,24,0,24
Nixon,M,5568,5545,23
Nixxon,M,10,10,0
Nixzaliz,F,6,0,6
Niya,F,2770,0,2770
Niyah,F,1513,0,1513
Niyam,M,5,5,0
Niyana,F,5,0,5
Niyanna,F,6,0,6
Niyati,F,24,0,24
Niyla,F,46,0,46
Niylah,F,102,0,102
Niza,F,10,0,10
Nizar,M,23,23,0
Nizaraly,F,23,0,23
Nizhoni,F,298,0,298
Njeri,F,31,0,31
Nkosi,M,28,28,0
Nnamdi,M,60,60,0
Nneka,F,227,0,227
No,F,11,0,11
Noa,F,8953,1057,7896
Noach,M,155,155,0
Noah,M,486022,483513,2509
Noahjames,M,5,5,0
Noal,M,5,5,0
Noam,M,1498,1488,10
Noami,F,29,0,29
Nobie,F,41,0,41
Noble,M,4352,4330,22
Noboru,M,400,400,0
Nobu,F,5,0,5
Nobue,F,7,0,7
Nobuichi,M,7,7,0
Nobuko,F,271,0,271
Nobuo,M,169,169,0
Nobuyoshi,M,6,6,0
Nobuyuki,M,11,11,0
Nochum,M,98,98,0
Nocole,F,5,0,5
Noe,M,20506,20424,82
Noeh,M,14,14,0
Noel,M,54805,44709,10096
Noelani,F,1902,0,1902
Noeli,F,108,0,108
Noelia,F,5482,0,5482
Noelie,F,45,0,45
Noell,F,10,0,10
Noella,F,914,0,914
Noelle,F,38498,0,38498
Noellie,F,23,0,23
Noelly,F,5,0,5
Noely,F,221,0,221
Noemi,F,19630,0,19630
Noemie,F,128,0,128
Noemy,F,921,0,921
Noey,M,10,10,0
Noga,F,10,0,10
Nogivenname,F,39,21,18
Noha,M,5,5,0
Nohea,F,5,0,5
Nohealani,F,54,0,54
Nohelani,F,31,0,31
Noheli,F,36,0,36
Nohelia,F,32,0,32
Nohely,F,448,0,448
Nohemi,F,1335,0,1335
Nohemy,F,59,0,59
Nola,F,17915,0,17915
Nolan,M,121029,120994,35
Noland,M,11,11,0
Nolani,F,10,0,10
Nolawi,M,26,26,0
Nolberto,M,197,197,0
Nolen,M,824,824,0
Nolia,F,71,0,71
Nolie,F,22,7,15
Nolton,M,33,33,0
Nolyn,M,47,47,0
Noma,F,346,0,346
Nomar,M,211,211,0
Nomi,F,101,0,101
Nona,F,10129,0,10129
Noname,M,5,5,0
Nondas,F,5,0,5
Noni,F,28,0,28
Nonie,F,27,0,27
Nonnie,F,62,0,62
Noor,F,6075,173,5902
Noora,F,188,0,188
Nora,F,155355,12,155343
Norah,F,28458,0,28458
Noraida,F,7,0,7
Noralba,F,12,0,12
Noralee,F,15,0,15
Norbert,M,16491,16491,0
Norberto,M,3369,3369,0
Nord,M,5,5,0
Noreen,F,16283,0,16283
Norene,F,1869,0,1869
Noreta,F,44,0,44
Noretta,F,27,0,27
Norfleet,M,12,12,0
Nori,F,1544,12,1532
Noriah,F,23,0,23
Norie,F,5,0,5
Noriel,M,63,63,0
Norielle,F,5,0,5
Noriko,F,22,0,22
Norine,F,2299,0,2299
Norio,M,10,10,0
Norita,F,182,0,182
Norm,M,70,70,0
Norma,F,268973,117,268856
Normajean,F,5,0,5
Normalee,F,5,0,5
Normalinda,F,15,0,15
Norman,M,243782,243710,72
Normand,M,4819,4819,0
Normani,F,56,0,56
Norrine,F,10,0,10
Norris,M,11551,11551,0
Norton,M,570,570,0
Norval,M,396,396,0
Norvel,M,42,42,0
Norvell,U,42,26,16
Norville,M,5,5,0
Norvin,M,14,14,0
Norvis,F,5,0,5
Norwood,M,994,994,0
Noshin,F,11,0,11
Nosson,M,599,599,0
Not,M,7,7,0
Notnamed,F,1363,721,642
Nou,F,205,6,199
Nour,F,1648,37,1611
Noura,F,252,0,252
Nouri,F,5,0,5
Nova,F,43559,1784,41775
Novah,F,2454,102,2352
Novak,M,31,31,0
Novalee,F,2760,0,2760
Novaleigh,F,603,0,603
Novali,F,11,0,11
Novalie,F,150,0,150
Novalyn,F,5,0,5
Novalynn,F,163,0,163
Novell,F,6,0,6
Novella,F,2586,0,2586
Novelle,F,15,0,15
November,F,25,0,25
Novi,F,13,0,13
Novice,F,5,0,5
Novie,F,21,0,21
Novis,F,23,0,23
Nox,M,11,11,0
Noya,F,58,0,58
Nuala,F,22,0,22
Nube,F,5,0,5
Nubia,F,1301,0,1301
Nuchem,M,166,166,0
Nugent,M,5,5,0
Nuh,M,6,6,0
Nuha,F,76,0,76
Numa,M,47,42,5
Nuno,M,11,11,0
Nunziata,F,6,0,6
Nunzio,M,939,939,0
Nur,F,44,0,44
Nura,F,117,0,117
Nuri,F,604,31,573
Nuria,F,112,0,112
Nurvi,F,6,0,6
Nury,F,5,0,5
Nusaiba,F,42,0,42
Nusayba,F,5,0,5
Nusaybah,F,57,0,57
Nusrat,F,89,0,89
Nussen,M,66,66,0
Nuta,M,11,11,0
Nuvia,F,559,0,559
Nuzhat,F,5,0,5
Nya,F,4100,0,4100
Nyah,F,3750,0,3750
Nyair,M,12,12,0
Nyaire,M,21,21,0
Nyaisa,F,5,0,5
Nyala,F,5,0,5
Nyamal,F,6,0,6
Nyana,F,15,0,15
Nyanna,F,5,0,5
Nyanza,F,6,0,6
Nyari,F,36,0,36
Nyasha,F,88,0,88
Nyasia,F,4256,0,4256
Nyasiah,F,5,0,5
Nycere,M,5,5,0
Nycole,F,87,0,87
Nydia,F,2087,0,2087
Nydirah,F,5,0,5
Nyeem,M,48,48,0
Nyeisha,F,15,0,15
Nyela,F,10,0,10
Nyeli,F,39,0,39
Nyelle,F,64,0,64
Nyelli,F,26,0,26
Nyellie,F,17,0,17
Nyema,F,87,0,87
Nyemah,F,5,0,5
Nyesha,F,387,0,387
Nygel,M,5,5,0
Nyheim,M,7,7,0
Nyia,F,27,0,27
Nyiesha,F,5,0,5
Nyima,F,21,0,21
Nyirah,F,5,0,5
Nyisha,F,62,0,62
Nyja,F,5,0,5
Nyjae,F,31,0,31
Nyjah,M,306,272,34
Nykea,F,5,0,5
Nykeria,F,233,0,233
Nykerria,F,11,0,11
Nykesha,F,5,0,5
Nykia,F,127,0,127
Nykira,F,15,0,15
Nykolas,M,5,5,0
Nykole,F,5,0,5
Nyla,F,21930,0,21930
Nylah,F,11516,0,11516
Nylan,M,52,52,0
Nylani,F,73,0,73
Nyle,M,362,362,0
Nylee,F,10,0,10
Nyles,M,47,47,0
Nylia,F,5,0,5
Nymeir,M,5,5,0
Nymeria,F,5,0,5
Nymir,M,84,84,0
Nyoka,F,106,0,106
Nyomi,F,2475,0,2475
Nyquan,M,10,10,0
Nyra,F,1256,0,1256
Nyree,F,479,0,479
Nyrell,M,5,5,0
Nysa,F,40,0,40
Nysha,F,40,0,40
Nyshawn,M,6,6,0
Nysir,M,45,45,0
Nyssa,F,492,0,492
Nyx,F,56,0,56
Nyyear,M,10,10,0
Nyzaiah,M,10,10,0
Nyzir,M,50,50,0
Nzinga,F,15,0,15
Oak,M,48,48,0
Oaklan,M,15,15,0
Oakland,M,436,425,11
Oaklee,F,4033,241,3792
Oakleigh,F,2613,0,2613
Oaklen,M,146,146,0
Oakley,F,17900,7260,10640
Oaklie,F,176,0,176
Oaklyn,F,3673,27,3646
Oaklynn,F,7505,5,7500
Oaks,M,40,40,0
Oanh,F,42,0,42
Oasis,F,5,0,5
Oather,M,22,22,0
Oba,M,5,5,0
Obadiah,M,541,541,0
Obaloluwa,M,21,21,0
Obbie,M,5,5,0
Obdulia,F,22,0,22
Obed,M,1899,1899,0
Obelia,F,16,0,16
Obera,F,5,0,5
Oberon,M,13,13,0
Obert,M,56,56,0
Obi,M,29,29,0
Obie,M,1481,1481,0
Obinna,M,116,116,0
Obrian,M,22,22,0
Obryan,M,11,11,0
Ocean,F,4131,2322,1809
Oceana,F,214,0,214
Oceanna,F,10,0,10
Ocie,F,3025,1087,1938
Ociel,M,123,123,0
Octave,M,149,149,0
Octavia,F,16598,10,16588
Octavian,M,163,163,0
Octaviana,F,6,0,6
Octaviano,M,232,232,0
Octavio,M,8914,8914,0
Octavious,M,519,519,0
Octavius,M,1527,1527,0
October,F,182,5,177
Oda,F,138,0,138
Odalis,F,1685,10,1675
Odaliz,F,71,0,71
Odaly,F,5,0,5
Odalys,F,2319,0,2319
Odaniel,M,5,5,0
Oddie,U,16,11,5
Odeal,F,133,0,133
Odean,F,39,0,39
Oded,M,6,6,0
Odelia,F,741,0,741
Odell,M,13598,10872,2726
Odella,F,20,0,20
Odelle,F,26,0,26
Oden,M,311,311,0
Odena,F,5,0,5
Odes,M,15,15,0
Odessa,F,12353,0,12353
Odesser,F,7,0,7
Odessia,F,35,0,35
Odessie,F,124,0,124
Odester,F,25,0,25
Odeth,F,5,0,5
Odetta,F,17,0,17
Odette,F,1419,0,1419
Odie,U,1164,815,349
Odies,M,5,5,0
Odile,F,280,0,280
Odilia,F,726,0,726
Odilon,M,5,5,0
Odin,M,10677,10677,0
Odis,M,5718,5708,10
Odus,M,26,26,0
Odyn,M,10,10,0
Odysseus,M,59,59,0
Odyssey,F,72,0,72
Ofelia,F,6914,0,6914
Offie,F,5,0,5
Ofilia,F,402,0,402
Ogden,M,11,11,0
Ogechi,F,5,0,5
Ohana,F,55,0,55
Ohemaa,F,5,0,5
Ohm,M,23,23,0
Oisin,M,45,45,0
Oiva,M,12,12,0
Ojani,M,12,12,0
Ojas,M,129,129,0
Ok,F,30,0,30
Okema,F,13,0,13
Okey,M,881,881,0
Okie,U,32,21,11
Okla,F,18,0,18
Okley,M,6,6,0
Oksana,F,182,0,182
Ola,F,19648,23,19625
Olaf,M,404,404,0
Olajuwon,M,44,44,0
Olamide,F,34,19,15
Olan,M,740,740,0
Olanna,F,16,0,16
Olaoluwa,M,24,24,0
Olar,F,12,0,12
Olavi,M,5,5,0
Olden,M,10,10,0
Ole,M,224,224,0
Olean,F,179,0,179
Olee,M,5,5,0
Oleen,F,5,0,5
Oleg,M,69,69,0
Olegario,M,98,98,0
Oleh,M,5,5,0
Oleksandr,M,5,5,0
Olen,M,3831,3831,0
Olena,F,11,0,11
Olene,F,419,0,419
Oleta,F,3543,0,3543
Oletha,F,256,0,256
Oletta,F,32,0,32
Olevia,F,797,0,797
Oley,M,22,22,0
Olga,F,49836,11,49825
Oliana,F,6,0,6
Olie,F,12,6,6
Olimpia,F,31,0,31
Olin,M,4616,4616,0
Olina,F,25,0,25
Olinda,F,58,0,58
Olita,F,12,0,12
Oliva,F,182,0,182
Olive,F,45132,0,45132
Olivea,F,18,0,18
Oliver,M,229355,229355,0
Oliverio,M,21,21,0
Olivette,F,61,0,61
Olivia,F,532937,107,532830
Oliviagrace,F,13,0,13
Oliviah,F,100,0,100
Oliviamae,F,5,0,5
Oliviana,F,23,0,23
Olivianna,F,10,0,10
Oliviarose,F,19,0,19
Olivier,M,932,932,0
Olivya,F,10,0,10
Oliwia,F,116,0,116
Olla,F,10,0,10
Ollie,F,37405,10898,26507
Ollin,M,75,75,0
Ollis,M,43,43,0
Ollivander,M,15,15,0
Olliver,M,17,17,0
Olly,M,5,5,0
Olsen,M,25,25,0
Olufemi,M,25,25,0
Oluwadamilare,M,22,22,0
Oluwadamilola,F,14,8,6
Oluwadarasimi,F,141,28,113
Oluwademilade,M,57,46,11
Oluwafemi,M,7,7,0
Oluwaferanmi,M,10,10,0
Oluwajomiloju,M,6,6,0
Oluwalonimi,F,5,0,5
Oluwanifemi,F,42,24,18
Oluwasemilore,F,21,9,12
Oluwaseun,M,10,10,0
Oluwaseyi,M,5,5,0
Oluwatamilore,F,46,5,41
Oluwatimilehin,M,16,16,0
Oluwatise,M,5,5,0
Oluwatobi,M,103,103,0
Oluwatobiloba,M,20,20,0
Oluwatomisin,F,12,0,12
Oluwatoni,F,11,0,11
Olvin,M,49,49,0
Olympia,F,1100,0,1100
Olyver,M,10,10,0
Olyvia,F,845,0,845
Om,M,1358,1358,0
Oma,F,5319,0,5319
Omair,M,5,5,0
Omaira,F,124,0,124
Omar,M,99836,99760,76
Omari,M,10544,10533,11
Omaria,F,5,0,5
Omarian,M,48,48,0
Omarie,M,6,6,0
Omarion,M,3076,3076,0
Omarr,M,50,50,0
Omayra,F,399,0,399
Omeed,M,64,64,0
Omega,F,280,53,227
Omelia,F,5,0,5
Omer,M,4110,4110,0
Omere,M,18,18,0
Omero,M,187,187,0
Omid,M,300,300,0
Omie,F,212,0,212
Omir,M,12,12,0
Omkar,M,33,33,0
Ommie,F,5,0,5
Omni,F,6,0,6
Omolola,F,6,0,6
Omotayo,F,5,0,5
Omran,M,11,11,0
Omri,M,165,165,0
Omunique,F,5,0,5
Ona,F,2562,5,2557
Onalee,F,285,0,285
Ondine,F,10,0,10
Ondrea,F,22,0,22
Oneal,M,1189,1189,0
Oneda,F,15,0,15
Oneida,F,449,0,449
Oneil,M,359,359,0
Oneisha,F,44,0,44
Oneita,F,69,0,69
Oneka,F,5,0,5
Onelia,F,17,0,17
Onesimo,M,195,195,0
Oneta,F,609,0,609
Ong,F,5,0,5
Onica,F,17,0,17
Onie,F,303,10,293
Oniel,M,6,6,0
Onika,F,38,0,38
Onita,F,144,0,144
Onix,M,26,26,0
Onnie,F,224,26,198
Onnolee,F,12,0,12
Onofre,M,24,24,0
Onofrio,M,118,118,0
Onolee,F,5,0,5
Ontario,M,57,57,0
Onyinyechi,F,10,0,10
Onyx,M,4546,4022,524
Onzell,F,7,0,7
Oona,F,594,0,594
Opal,F,59540,107,59433
Opha,F,16,5,11
Ophelia,F,17115,0,17115
Ophia,F,5,0,5
Opie,M,50,50,0
Ople,F,7,0,7
Oppie,F,5,0,5
Oprah,F,11,0,11
Ora,F,27134,1978,25156
Orabelle,F,5,0,5
Oracio,M,165,165,0
Oral,M,773,773,0
Oralee,F,22,0,22
Oralia,F,4754,0,4754
Oran,M,1209,1209,0
Orange,M,11,11,0
Orasio,M,5,5,0
Orazio,M,75,75,0
Orbie,M,81,81,0
Orbin,M,56,56,0
Orchid,F,5,0,5
Ordean,M,38,38,0
Ordell,M,15,15,0
Ordella,F,5,0,5
Oreatha,F,5,0,5
Oree,M,5,5,0
Orel,F,38,22,16
Orelia,F,380,0,380
Oren,M,3607,3607,0
Orena,F,10,0,10
Orene,F,208,0,208
Orenthal,M,16,16,0
Oreoluwa,F,39,10,29
Orest,M,47,47,0
Oreste,M,43,43,0
Orestes,M,35,35,0
Oreta,F,5,0,5
Oretha,F,102,0,102
Orfa,F,5,0,5
Orfalinda,F,5,0,5
Orfelinda,F,15,0,15
Orhan,M,108,108,0
Ori,M,622,605,17
Oriah,F,7,0,7
Orian,M,5,5,0
Oriana,F,1595,0,1595
Orianna,F,275,0,275
Orie,U,48,32,16
Oriel,M,41,41,0
Orin,M,1150,1150,0
Orion,M,17841,17784,57
Oris,M,149,149,0
Orissa,F,6,0,6
Orit,F,10,0,10
Oriya,F,5,0,5
Orla,F,201,0,201
Orlan,M,25,25,0
Orland,M,319,319,0
Orlanda,M,21,21,0
Orlando,M,44127,44127,0
Orlean,F,27,0,27
Orlena,F,5,0,5
Orlene,F,5,0,5
Orley,M,10,10,0
Orli,F,66,0,66
Orlidia,F,5,0,5
Orlin,M,232,232,0
Orlinda,F,27,0,27
Orlo,M,126,126,0
Orly,F,257,0,257
Orma,F,20,0,20
Orman,M,11,11,0
Orna,F,5,0,5
Ornella,F,5,0,5
Orneta,F,5,0,5
Oronde,M,41,41,0
Orpha,F,2156,0,2156
Orpheus,M,5,5,0
Orquidea,F,5,0,5
Orrie,F,10,0,10
Orrin,M,1178,1178,0
Orris,M,63,63,0
Orry,M,39,39,0
Orson,M,538,538,0
Ortencia,F,30,0,30
Ortensia,F,17,0,17
Orva,F,13,0,13
Orval,M,4936,4936,0
Orvel,M,163,163,0
Orvella,F,5,0,5
Orvil,M,510,510,0
Orvilla,F,5,0,5
Orville,M,28699,28693,6
Orvin,M,184,184,0
Orvis,M,100,100,0
Ory,M,5,5,0
Oryan,M,142,142,0
Oryn,M,5,5,0
Osa,F,11,5,6
Osama,M,205,205,0
Osamu,M,26,26,0
Osbaldo,M,2089,2089,0
Osborn,M,34,34,0
Osborne,M,72,72,0
Oscar,M,190581,190345,236
Osco,M,5,5,0
Oseas,M,32,32,0
Osei,M,5,5,0
Oseias,M,115,115,0
Oshae,M,6,6,0
Oshane,M,17,17,0
Oshay,M,36,36,0
Oshea,M,155,155,0
Oshen,M,10,10,0
Osher,M,43,43,0
Oshun,F,10,0,10
Osiah,M,15,15,0
Osias,M,37,37,0
Osie,F,200,32,168
Osiel,M,1773,1773,0
Osinachi,F,7,0,7
Osiris,M,2157,1811,346
Oskar,M,1631,1631,0
Oslo,M,90,90,0
Osman,M,1950,1950,0
Osmani,M,5,5,0
Osmany,M,26,26,0
Osmar,M,1204,1204,0
Osmara,F,92,0,92
Osmel,M,15,15,0
Osmin,M,127,127,0
Osmond,M,10,10,0
Osnas,F,5,0,5
Oso,M,5,5,0
Ossian,M,10,10,0
Ossie,F,1591,201,1390
Ostin,M,19,19,0
Osualdo,M,93,93,0
Osvaldo,M,12369,12369,0
Oswald,M,1026,1026,0
Oswaldo,M,4317,4317,0
Oswell,M,5,5,0
Oswin,M,15,15,0
Oteka,F,5,0,5
Otelia,F,305,0,305
Otha,M,4178,3845,333
Othel,M,149,149,0
Othell,M,15,15,0
Othella,F,70,0,70
Othello,F,5,0,5
Other,M,5,5,0
Othman,M,26,26,0
Othmar,M,18,18,0
Othniel,M,103,103,0
Otho,M,1085,1085,0
Othon,M,5,5,0
Othoniel,M,5,5,0
Otila,F,383,0,383
Otilia,F,705,0,705
Otilio,M,26,26,0
Otis,M,51886,51822,64
Otmer,M,5,5,0
Otoniel,M,298,298,0
Ott,M,5,5,0
Ottie,F,99,10,89
Ottilia,F,5,0,5
Ottilie,F,49,0,49
Ottis,M,2267,2267,0
Otto,M,25737,25737,0
Ouida,F,3238,0,3238
Ouita,F,6,0,6
Oumar,M,314,314,0
Oumou,F,348,0,348
Ousman,M,71,71,0
Ousmane,M,274,274,0
Ova,F,681,254,427
Ovadia,M,44,44,0
Oval,M,134,123,11
Oved,M,5,5,0
Oveda,F,5,0,5
Ovel,M,5,5,0
Oveline,F,5,0,5
Ovell,F,7,0,7
Ovella,F,5,0,5
Overton,M,22,22,0
Oveta,F,5,0,5
Ovetta,F,21,0,21
Ovey,M,5,5,0
Ovida,F,5,0,5
Ovide,M,5,5,0
Ovidio,M,435,435,0
Ovie,U,47,32,15
Ovila,M,72,72,0
Oviya,F,7,0,7
Owais,M,37,37,0
Owen,M,224624,224600,24
Owens,M,10,10,0
Owyn,M,41,41,0
Oyindamola,F,5,0,5
Oyuki,F,25,0,25
Oz,M,124,124,0
Ozair,M,6,6,0
Ozan,M,18,18,0
Ozell,F,784,349,435
Ozella,F,762,0,762
Ozelle,F,62,0,62
Oziah,M,103,103,0
Ozias,M,660,660,0
Ozie,F,439,57,382
Oziel,M,1582,1582,0
Ozil,M,5,5,0
Ozite,F,5,0,5
Ozzie,M,840,649,191
Ozzy,M,2020,1948,72
Pa,F,1096,0,1096
Pabla,F,13,0,13
Pablita,F,16,0,16
Pablo,M,45550,45543,7
Pace,M,111,111,0
Pacen,M,10,10,0
Pacey,M,12,12,0
Pachia,F,32,0,32
Pacita,F,24,0,24
Packer,M,5,5,0
Paco,M,15,15,0
Paden,M,369,369,0
Padma,F,5,0,5
Padme,F,13,0,13
Padraic,M,67,67,0
Padraig,M,106,106,0
Paeton,F,5,0,5
Paetyn,F,159,0,159
Page,F,986,133,853
Pahola,F,35,0,35
Pahoua,F,49,0,49
Paige,F,142898,92,142806
Paighton,F,7,0,7
Pairlee,F,5,0,5
Paislee,F,9727,0,9727
Paisleigh,F,2495,0,2495
Paisley,F,56946,0,56946
Paislie,F,41,0,41
Paislyn,F,5,0,5
Paislynn,F,26,0,26
Paisyn,F,5,0,5
Paiten,F,5,0,5
Paiton,F,223,0,223
Paityn,F,4698,0,4698
Paitynn,F,5,0,5
Paizlee,F,348,0,348
Paizleigh,F,5,0,5
Paizley,F,410,0,410
Pajtim,M,12,12,0
Pakou,F,53,0,53
Pal,M,5,5,0
Palak,F,16,0,16
Palani,M,17,17,0
Palin,F,6,0,6
Pallavi,F,33,0,33
Palma,F,1627,0,1627
Palmer,F,9546,3704,5842
Palmina,F,64,0,64
Palmira,F,232,0,232
Palmyra,F,5,0,5
Paloma,F,8296,0,8296
Pam,F,31339,0,31339
Pamala,F,4986,0,4986
Pamela,F,592210,114,592096
Pamelia,F,713,0,713
Pamella,F,1124,0,1124
Pamila,F,37,0,37
Pamla,F,42,0,42
Pammy,F,15,0,15
Pamula,F,21,0,21
Panagiota,F,143,0,143
Panagiotis,M,477,477,0
Panayiota,F,5,0,5
Pancho,M,15,15,0
Pandora,F,734,0,734
Panfilo,M,20,20,0
Pang,F,388,0,388
Panhia,F,22,0,22
Pansy,F,6573,0,6573
Pantaleon,M,11,11,0
Pantelis,M,23,23,0
Pao,M,157,157,0
Paola,F,22249,33,22216
Paolina,F,11,0,11
Paolo,M,2115,2115,0
Papa,M,21,21,0
Pape,M,6,6,0
Par,F,5,0,5
Para,F,5,0,5
Paradise,F,250,0,250
Paralee,F,128,0,128
Param,M,49,49,0
Paraskevi,F,11,0,11
Pardeep,M,5,5,0
Pari,F,137,0,137
Paris,F,34978,5006,29972
Parisa,F,275,0,275
Parish,M,75,75,0
Parissa,F,10,0,10
Parizoda,F,12,0,12
Park,M,143,143,0
Parke,M,64,64,0
Parker,M,145884,119290,26594
Parklynn,F,40,0,40
Parks,M,252,252,0
Parlee,F,23,0,23
Parley,M,181,181,0
Parneet,F,52,0,52
Parnell,M,60,60,0
Parniece,F,5,0,5
Parnika,F,28,0,28
Parris,F,545,273,272
Parrish,M,875,864,11
Parry,M,15,15,0
Parsa,M,275,275,0
Parth,M,1099,1099,0
Parthenia,F,86,0,86
Parveen,F,6,0,6
Parvina,F,5,0,5
Parys,F,5,0,5
Pascal,M,415,415,0
Pascale,F,128,0,128
Pascha,F,5,0,5
Paschal,M,5,5,0
Pasco,M,220,220,0
Pascual,M,1581,1581,0
Pascuala,F,68,0,68
Pasha,M,80,80,0
Pasqua,F,5,0,5
Pasqual,M,75,75,0
Pasquale,M,8278,8278,0
Pasqualina,F,248,0,248
Pasqualino,M,5,5,0
Passion,F,697,0,697
Pastor,M,5,5,0
Pat,F,60337,22711,37626
Patches,F,5,0,5
Pate,M,6,6,0
Pater,M,5,5,0
Pati,F,10,0,10
Patience,F,7873,0,7873
Patra,F,5,0,5
Patrcia,F,5,0,5
Patrecia,F,5,0,5
Patria,F,11,0,11
Patric,M,661,661,0
Patrica,F,5687,0,5687
Patrice,F,31074,136,30938
Patrici,F,151,0,151
Patricia,F,1572165,2164,1570001
Patriciaann,F,53,0,53
Patriciajo,F,5,0,5
Patricio,M,2966,2966,0
Patrick,M,676341,675765,576
Patrik,M,16,16,0
Patrina,F,589,0,589
Patrisha,F,59,0,59
Patrisia,F,224,0,224
Patrizia,F,137,0,137
Patrocinio,M,5,5,0
Patrycia,F,6,0,6
Patrycja,F,116,0,116
Patryk,M,677,677,0
Patsie,F,23,0,23
Patsy,F,121852,6483,115369
Patt,F,29,0,29
Patti,F,41948,0,41948
Pattiann,F,24,0,24
Pattie,F,5724,0,5724
Patton,M,237,237,0
Patty,F,59365,22,59343
Pattye,F,11,0,11
Patzy,F,5,0,5
Pau,M,43,43,0
Paublo,M,22,22,0
Paul,M,1372191,1370233,1958
Paula,F,275524,35,275489
Paulanthony,M,5,5,0
Paulene,F,39,0,39
Pauleth,F,16,0,16
Paulett,F,6,0,6
Pauletta,F,907,0,907
Paulette,F,43529,0,43529
Paulina,F,15632,0,15632
Pauline,F,200433,17,200416
Paulino,M,801,801,0
Paulita,F,400,0,400
Paulmichael,M,15,15,0
Paulo,M,3126,3126,0
Paulyne,F,5,0,5
Pavan,M,52,52,0
Pavel,M,541,541,0
Pavle,M,5,5,0
Paw,F,18,0,18
Pawel,M,222,222,0
Pax,M,209,209,0
Paxon,M,16,16,0
Paxson,M,69,69,0
Paxton,M,24672,24150,522
Paxtyn,F,34,10,24
Payal,F,245,0,245
Payam,M,54,54,0
Payden,M,248,199,49
Payge,F,161,0,161
Paymon,M,6,6,0
Payne,M,224,224,0
Payslee,F,37,0,37
Payson,F,581,331,250
Payten,F,1886,26,1860
Paytin,F,47,0,47
Payton,F,79690,21883,57807
Paytyn,F,26,0,26
Payzlee,F,6,0,6
Paz,F,120,36,84
Peace,F,129,23,106
Peaches,F,50,0,50
Peachie,F,11,0,11
Pearce,M,102,102,0
Pearl,F,104348,1107,103241
Pearla,F,102,0,102
Pearle,F,415,0,415
Pearlean,F,361,0,361
Pearlee,F,5,0,5
Pearlena,F,27,0,27
Pearlene,F,651,0,651
Pearley,F,11,0,11
Pearlie,F,14221,66,14155
Pearlina,F,5,0,5
Pearline,F,4302,0,4302
Pearly,F,373,6,367
Pearse,M,5,5,0
Pearson,M,198,198,0
Pebbles,F,77,0,77
Pecola,F,134,0,134
Pecolia,F,25,0,25
Pecos,M,13,13,0
Peder,M,67,67,0
Pedram,M,11,11,0
Pedro,M,88221,88097,124
Pedrohenrique,M,68,68,0
Peg,F,133,0,133
Pegah,F,5,0,5
Pegeen,F,26,0,26
Pegge,F,5,0,5
Peggi,F,35,0,35
Peggie,F,4724,0,4724
Peggy,F,288569,35,288534
Peggyann,F,15,0,15
Peggye,F,16,0,16
Peighton,F,1225,0,1225
Peightyn,F,5,0,5
Pele,M,5,5,0
Pelham,M,5,5,0
Pella,F,5,0,5
Pellegrino,M,5,5,0
Pema,F,23,0,23
Penelope,F,93391,0,93391
Peng,M,85,85,0
Peni,F,10,5,5
Penina,F,396,0,396
Penn,M,198,198,0
Penne,F,56,0,56
Pennelope,F,33,0,33
Penney,F,356,0,356
Penni,F,881,0,881
Pennie,F,2691,0,2691
Penny,F,96116,0,96116
Pennye,F,12,0,12
Pepe,M,5,5,0
Pepper,F,1322,0,1322
Pera,F,12,0,12
Percell,M,335,335,0
Percilla,F,10,0,10
Percival,M,47,47,0
Percy,M,22970,22939,31
Peregrine,M,6,6,0
Perel,F,605,0,605
Peretz,M,40,40,0
Perez,M,15,15,0
Perfecta,F,11,0,11
Perfecto,M,217,217,0
Peri,F,676,0,676
Perina,F,8,0,8
Perkins,M,5,5,0
Perl,F,385,0,385
Perla,F,18495,6,18489
Perle,F,5,0,5
Perley,M,273,273,0
Perlie,F,26,0,26
Perline,F,5,0,5
Perlita,F,116,0,116
Perma,F,6,0,6
Pernell,M,1067,1006,61
Pernie,F,30,0,30
Perri,F,461,0,461
Perrin,M,42,42,0
Perrion,M,17,17,0
Perris,U,30,20,10
Perry,M,68865,68183,682
Persephone,F,2744,0,2744
Perseus,M,439,439,0
Pershing,M,332,332,0
Persia,F,134,0,134
Persis,F,10,0,10
Pervis,M,32,32,0
Pesach,M,11,11,0
Pesha,F,5,0,5
Peshy,F,10,0,10
Pessel,F,13,0,13
Pessie,F,5,0,5
Pessy,F,901,0,901
Petar,M,59,59,0
Pete,M,36420,36420,0
Peter,M,572081,571715,366
Peterson,M,196,196,0
Petie,M,13,13,0
Petr,M,12,12,0
Petra,F,9590,31,9559
Petrina,F,588,0,588
Petrita,F,36,0,36
Petrona,F,11,0,11
Petronella,F,12,0,12
Petronila,F,6,0,6
Petronilo,M,6,6,0
Petros,M,78,78,0
Petula,F,6,0,6
Peyten,F,27,0,27
Peytin,F,5,0,5
Peyton,F,132839,48978,83861
Phaedra,F,362,0,362
Pharaoh,M,1032,1032,0
Pharell,M,11,11,0
Phares,M,58,58,0
Pharoah,M,22,22,0
Pharrell,M,45,45,0
Phat,M,5,5,0
Pheba,F,5,0,5
Phebe,F,99,0,99
Pheng,M,293,293,0
Phenix,U,17,12,5
Pheobe,F,21,0,21
Pheonix,U,20,15,5
Phi,M,109,109,0
Phil,M,15229,15229,0
Philander,M,5,5,0
Philbert,M,74,74,0
Philemon,M,7,7,0
Philicia,F,29,0,29
Philip,M,334788,334734,54
Philipe,M,6,6,0
Philipp,M,30,30,0
Philippa,F,277,0,277
Philippe,M,1137,1137,0
Phillip,M,306056,305975,81
Phillipe,M,29,29,0
Phillips,M,5,5,0
Phillis,F,1075,0,1075
Philo,M,11,11,0
Philomena,F,6151,0,6151
Philomene,F,27,0,27
Philomenia,F,5,0,5
Philopateer,M,11,11,0
Philopater,M,22,22,0
Phineas,M,1016,1016,0
Phinehas,M,10,10,0
Phinizy,M,5,5,0
Phoebe,F,31859,0,31859
Phoenix,U,34031,21028,13003
Phoenyx,F,76,0,76
Phong,M,329,329,0
Phoua,F,29,0,29
Phu,M,52,52,0
Phuc,M,52,47,5
Phung,F,27,0,27
Phuong,F,495,68,427
Phylicia,F,1490,0,1490
Phylis,F,899,0,899
Phyliss,F,496,0,496
Phyllis,F,317220,32,317188
Phylliss,F,5,0,5
Phyllistine,F,5,0,5
Pia,F,1641,0,1641
Piccola,F,53,0,53
Piedad,F,20,0,20
Pier,F,11,0,11
Pierce,M,14919,14914,5
Pierina,F,41,0,41
Piero,M,155,155,0
Pierre,M,13779,13779,0
Piers,M,17,17,0
Pierson,M,1530,1530,0
Pieter,M,79,79,0
Pietrina,F,5,0,5
Pietro,M,848,848,0
Pihu,F,5,0,5
Piilani,F,5,0,5
Pilar,F,3298,321,2977
Pina,F,12,0,12
Pinar,F,5,0,5
Pinchas,M,879,879,0
Pinches,M,82,82,0
Pinchos,M,244,244,0
Pinchus,M,478,478,0
Pinckney,M,6,6,0
Pincus,M,35,35,0
Pink,M,80,80,0
Pinkey,F,5,0,5
Pinkie,F,1726,0,1726
Pinkney,M,36,36,0
Pinny,M,10,10,0
Pio,M,5,5,0
Piotr,M,410,410,0
Piper,F,56483,5,56478
Pippa,F,436,0,436
Pita,F,27,0,27
Pius,M,86,86,0
Pixie,F,50,0,50
Placida,F,11,0,11
Placido,M,272,272,0
Plato,M,28,28,0
Platon,M,66,66,0
Pleas,M,39,39,0
Pleasant,M,10,10,0
Pledger,M,6,6,0
Pleshette,F,16,0,16
Pluma,F,34,0,34
Plummer,M,70,70,0
Poet,F,5,0,5
Pola,F,84,0,84
Polett,F,5,0,5
Polette,F,23,0,23
Policarpio,M,6,6,0
Polina,F,563,0,563
Polk,M,6,6,0
Pollie,F,112,0,112
Polly,F,22854,0,22854
Pollyanna,F,27,0,27
Polo,M,73,73,0
Pomaikai,F,5,0,5
Ponciano,M,44,44,0
Pono,M,21,21,0
Pooja,F,1041,0,1041
Pookela,M,58,58,0
Poonam,F,39,0,39
Pope,M,5,5,0
Poppi,F,5,0,5
Poppy,F,6133,0,6133
Porcha,F,301,0,301
Porche,F,233,0,233
Porchea,F,6,0,6
Porchia,F,64,0,64
Porfiria,F,124,0,124
Porfirio,M,2326,2326,0
Porscha,F,572,0,572
Porsche,F,1087,0,1087
Porschea,F,11,0,11
Porschia,F,18,0,18
Porsha,F,2553,0,2553
Porshay,F,10,0,10
Porshe,F,15,0,15
Porshia,F,94,0,94
Porter,M,15219,15122,97
Portia,F,6158,8,6150
Portland,F,5,0,5
Poseidon,M,19,19,0
Posey,F,116,36,80
Posie,F,96,0,96
Pota,F,12,0,12
Powell,M,17,17,0
Power,M,5,5,0
Prabhjot,M,33,33,0
Prabhleen,F,5,0,5
Prachi,F,38,0,38
Pragya,F,13,0,13
Prairie,F,11,0,11
Praise,F,215,25,190
Prajna,F,5,0,5
Pranathi,F,5,0,5
Pranav,M,2964,2964,0
Pranavi,F,83,0,83
Pranay,M,46,46,0
Praneel,M,19,19,0
Prashant,M,5,5,0
Prateek,M,12,12,0
Pratham,M,69,69,0
Pratik,M,45,45,0
Praveen,M,5,5,0
Preciliano,M,6,6,0
Precilla,F,85,0,85
Preciosa,F,25,0,25
Precious,F,16156,5,16151
Preet,F,10,0,10
Preethi,F,5,0,5
Preeti,F,6,0,6
Prem,M,39,39,0
Prentice,M,900,900,0
Prentis,M,101,101,0
Prentiss,M,732,732,0
Prerana,F,5,0,5
Prescilla,F,324,0,324
Prescott,M,96,96,0
President,M,5,5,0
Preslea,F,6,0,6
Preslee,F,2260,0,2260
Presleigh,F,987,0,987
Presley,F,29486,1663,27823
Presli,F,91,0,91
Preslie,F,575,0,575
Preslyn,F,10,0,10
Pressley,F,81,5,76
Presten,M,5,5,0
Prestin,M,5,5,0
Preston,M,115872,115854,18
Prestyn,U,83,60,23
Pretto,F,5,0,5
Priam,M,6,6,0
Price,M,616,616,0
Pricila,F,503,0,503
Pricilla,F,2045,0,2045
Pricsilla,F,5,0,5
Priest,M,48,48,0
Primitivo,M,180,180,0
Primo,M,70,70,0
Primrose,F,270,0,270
Prince,M,17869,17817,52
Princesa,F,119,0,119
Princess,F,11979,6,11973
Princessa,F,35,0,35
Princeston,M,24,24,0
Princeton,M,7836,7836,0
Printes,M,5,5,0
Prisca,F,5,0,5
Priscella,F,151,0,151
Priscila,F,3278,0,3278
Priscill,F,7,0,7
Priscilla,F,116131,18,116113
Priscille,F,95,0,95
Priseis,F,24,0,24
Prisha,F,1828,0,1828
Prisila,F,355,0,355
Prisilla,F,297,0,297
Prisma,F,139,0,139
Prissy,F,5,0,5
Pritesh,M,5,5,0
Prithvi,M,39,39,0
Priti,F,11,0,11
Priya,F,4327,0,4327
Priyanka,F,760,0,760
Procopio,M,10,10,0
Proctor,M,5,5,0
Promise,F,4116,20,4096
Promyse,F,80,0,80
Prophet,M,5,5,0
Prosper,M,17,17,0
Providence,F,225,0,225
Providencia,F,45,0,45
Prudence,F,1767,0,1767
Prudencia,F,6,0,6
Prudencio,M,79,79,0
Prue,M,5,5,0
Pryce,M,168,168,0
Prynce,M,128,128,0
Pryor,M,23,23,0
Psalm,M,145,140,5
Psalms,M,5,5,0
Pualani,F,44,0,44
Puanani,F,9,0,9
Puja,F,226,0,226
Puneet,F,46,5,41
Pura,F,27,0,27
Purcell,M,17,17,0
Purity,F,23,0,23
Purnell,M,86,86,0
Purvi,F,6,0,6
Purvis,M,93,93,0
Pyper,F,1871,0,1871
Qaadir,M,5,5,0
Qadir,M,53,53,0
Qadriyyah,F,10,0,10
Qais,M,53,53,0
Qalid,M,5,5,0
Qamar,F,29,0,29
Qasim,M,331,331,0
Qiana,F,1536,0,1536
Quadarius,M,113,113,0
Quadasia,F,7,0,7
Quade,M,178,178,0
Quadir,M,1237,1237,0
Quadira,F,11,0,11
Quaid,M,70,70,0
Quamaine,M,41,41,0
Quamane,M,5,5,0
Quamel,M,39,39,0
Quamere,M,23,23,0
Quamir,M,328,328,0
Quan,M,208,208,0
Quanah,M,5,5,0
Quanasia,F,58,0,58
Quanda,F,60,0,60
Quandarius,M,39,39,0
Quandell,M,5,5,0
Quaneisha,F,61,0,61
Quanesha,F,170,0,170
Quaneshia,F,10,0,10
Quanetta,F,5,0,5
Quang,M,213,213,0
Quanika,F,5,0,5
Quanisha,F,805,0,805
Quanita,F,6,0,6
Quaniya,F,5,0,5
Quantavious,M,263,263,0
Quantavis,M,6,6,0
Quantavius,M,111,111,0
Quante,M,5,5,0
Quantez,M,31,31,0
Quantina,F,10,0,10
Quaron,M,5,5,0
Quartez,M,17,17,0
Quashawn,M,143,143,0
Quasim,M,21,21,0
Quasir,M,5,5,0
Quatasia,F,10,0,10
Quatesha,F,5,0,5
Quatisha,F,5,0,5
Quavion,M,6,6,0
Quavis,M,5,5,0
Quavon,M,18,18,0
Quaylon,M,6,6,0
Quayon,M,6,6,0
Quayshaun,M,42,42,0
Quayshawn,M,20,20,0
Que,M,5,5,0
Queen,F,11715,0,11715
Queena,F,241,0,241
Queenasia,F,5,0,5
Queenie,F,1483,0,1483
Quendarius,M,6,6,0
Quentavious,M,66,66,0
Quentavius,M,13,13,0
Quenten,M,5,5,0
Quentin,M,37983,37983,0
Quention,M,5,5,0
Quenton,M,685,685,0
Quessie,F,5,0,5
Quest,M,250,250,0
Quetcy,F,22,0,22
Quetzal,F,5,0,5
Quetzali,F,140,0,140
Quetzalli,F,382,0,382
Quetzally,F,11,0,11
Quetzaly,F,186,0,186
Quiana,F,2459,0,2459
Quianna,F,68,0,68
Quiara,F,8,0,8
Quill,M,36,36,0
Quillie,M,5,5,0
Quin,M,169,148,21
Quincee,F,39,0,39
Quincey,U,258,180,78
Quinci,F,5,0,5
Quincy,M,24814,22559,2255
Quindarius,M,195,195,0
Quindarrius,M,5,5,0
Quindell,M,5,5,0
Quindon,M,41,41,0
Quinesha,F,5,0,5
Quinetta,F,15,0,15
Quinette,F,5,0,5
Quinisha,F,5,0,5
Quinlan,M,881,839,42
Quinlee,F,15,0,15
Quinley,F,49,0,49
Quinlyn,F,5,0,5
Quinlynn,F,6,0,6
Quinn,F,77472,32234,45238
Quinnley,F,10,0,10
Quinnton,M,5,5,0
Quint,M,74,74,0
Quintan,M,5,5,0
Quintarious,M,5,5,0
Quintarius,M,78,78,0
Quintavious,M,493,493,0
Quintavis,M,25,25,0
Quintavius,M,202,202,0
Quintella,F,23,0,23
Quinten,M,4706,4706,0
Quinterious,M,5,5,0
Quinterius,M,5,5,0
Quinterrius,M,16,16,0
Quintessa,F,5,0,5
Quintez,M,88,88,0
Quintin,M,11187,11187,0
Quintina,F,121,0,121
Quinton,M,27190,27185,5
Quintrell,M,22,22,0
Quintus,M,118,118,0
Quintyn,M,5,5,0
Quirino,M,21,21,0
Quisto,M,5,5,0
Quitman,M,75,75,0
Quoc,M,149,149,0
Quontavious,M,10,10,0
Quorra,F,21,0,21
Quovadis,F,6,0,6
Quran,M,729,729,0
Quron,M,11,11,0
Qusai,M,11,11,0
Qusay,M,5,5,0
Quy,M,6,6,0
Quyen,F,47,0,47
Quynh,F,19,0,19
Ra,M,15,15,0
Raad,M,5,5,0
Raahi,F,5,0,5
Raahim,M,5,5,0
Raaina,F,6,0,6
Raam,M,5,5,0
Raashida,F,10,0,10
Raaya,F,5,0,5
Rabab,F,12,0,12
Rabecca,F,61,0,61
Rabia,F,156,0,156
Rabon,M,55,55,0
Rabun,M,12,12,0
Race,M,153,153,0
Rachael,F,77364,7,77357
Rachal,F,270,0,270
Rachana,F,7,0,7
Racheal,F,7088,0,7088
Rachel,F,561025,375,560650
Rachelann,F,29,0,29
Rachelanne,F,5,0,5
Rachele,F,1335,0,1335
Rachell,F,1230,0,1230
Rachelle,F,30069,0,30069
Rachyl,F,5,0,5
Raciel,M,5,5,0
Racine,F,67,0,67
Racquel,F,2644,0,2644
Rad,M,5,5,0
Radames,M,346,346,0
Radford,M,48,48,0
Radha,F,117,0,117
Radhames,M,20,20,0
Radhika,F,257,0,257
Radiah,F,21,0,21
Radin,M,12,12,0
Radley,M,305,305,0
Radoika,F,5,0,5
Radonna,F,17,0,17
Radwan,M,11,11,0
Rae,F,15201,5,15196
Raeana,F,6,0,6
Raeann,F,1113,0,1113
Raeanna,F,307,0,307
Raeanne,F,268,0,268
Raechel,F,542,0,542
Raechelle,F,10,0,10
Raeden,M,11,11,0
Raef,M,5,5,0
Raeford,M,466,466,0
Raegan,F,22071,0,22071
Raegen,F,32,0,32
Raeghan,F,15,0,15
Raejean,F,5,0,5
Raekwan,M,5,5,0
Raekwon,M,1587,1587,0
Rael,M,41,35,6
Raelani,F,6,0,6
Raelee,F,405,0,405
Raeleen,F,92,0,92
Raeleigh,F,929,0,929
Raelene,F,796,0,796
Raeley,F,5,0,5
Raeli,F,5,0,5
Raelin,F,74,0,74
Raelle,F,11,0,11
Raelyn,F,12439,0,12439
Raelynn,F,27747,0,27747
Raelynne,F,40,0,40
Raena,F,153,0,153
Raenette,F,10,0,10
Raengel,F,10,0,10
Raequan,M,153,153,0
Raequon,M,5,5,0
Raeven,F,118,0,118
Raevyn,F,61,0,61
Raeya,F,115,0,115
Rafael,M,82932,82796,136
Rafaela,F,1885,0,1885
Rafaelita,F,21,0,21
Rafaella,F,214,0,214
Rafal,M,47,47,0
Rafan,M,18,18,0
Rafat,M,5,5,0
Rafay,M,23,23,0
Rafe,M,474,474,0
Rafeal,M,72,72,0
Rafelita,F,6,0,6
Raffaela,F,362,0,362
Raffaele,M,293,293,0
Raffaella,F,38,0,38
Rafferty,M,5,5,0
Raffi,M,391,391,0
Rafi,M,103,103,0
Rafia,F,11,0,11
Rafid,M,11,11,0
Rafiq,M,76,76,0
Rafsan,M,8,8,0
Rafuel,M,21,21,0
Ragan,F,366,0,366
Ragen,F,11,0,11
Ragene,M,6,6,0
Raghad,F,61,0,61
Raghav,M,439,439,0
Ragna,F,5,0,5
Ragnar,M,199,199,0
Raguel,F,37,0,37
Raha,F,22,0,22
Rahaf,F,301,0,301
Rahat,M,10,10,0
Rahcel,F,5,0,5
Raheem,M,6572,6572,0
Raheen,M,149,149,0
Raheim,M,127,127,0
Rahel,F,26,0,26
Rahiem,M,123,123,0
Rahil,U,61,37,24
Rahim,M,512,512,0
Rahima,F,10,0,10
Rahm,M,11,11,0
Rahma,F,519,0,519
Rahman,M,213,213,0
Rahmel,M,324,324,0
Rahmell,M,7,7,0
Rahmir,M,226,226,0
Rahn,M,37,37,0
Rahsaan,M,580,580,0
Rahsean,M,6,6,0
Rahshawn,M,5,5,0
Rahul,M,1969,1969,0
Rahwa,F,5,0,5
Rai,M,42,36,6
Raiden,M,10172,10133,39
Raider,M,65,65,0
Raidyn,M,42,42,0
Raifa,F,5,0,5
Raiford,M,41,41,0
Raigan,F,70,0,70
Raigen,F,10,0,10
Raihan,M,29,29,0
Railee,F,22,0,22
Railey,F,96,0,96
Railyn,F,147,0,147
Railynn,F,250,0,250
Raima,F,11,0,11
Rain,F,1773,250,1523
Raina,F,8652,0,8652
Rainbow,F,36,0,36
Raine,F,1250,5,1245
Rainee,F,11,0,11
Rainell,F,8,0,8
Rainelle,F,9,0,9
Rainer,M,103,103,0
Rainey,F,433,0,433
Raini,F,10,0,10
Rainie,F,30,0,30
Rainier,M,181,181,0
Rainn,M,28,28,0
Rainy,F,45,0,45
Raisa,F,474,0,474
Raissa,F,16,0,16
Raiven,F,5,0,5
Raiya,F,88,0,88
Raiyan,M,52,52,0
Raiza,F,27,0,27
Raizel,F,1251,0,1251
Raizy,F,2293,0,2293
Raj,M,766,766,0
Raja,M,62,62,0
Rajahn,M,8,8,0
Rajan,M,186,186,0
Rajanee,F,7,0,7
Rajdeep,F,10,5,5
Rajeev,M,25,25,0
Rajendra,M,10,10,0
Rajesh,M,199,199,0
Rajiv,M,194,194,0
Rajohn,M,19,19,0
Rajon,M,141,141,0
Rajveer,M,124,124,0
Rajvir,M,25,25,0
Rakai,M,6,6,0
Rakan,M,184,184,0
Rakeem,M,975,975,0
Rakel,F,5,0,5
Rakesh,M,50,50,0
Rakia,F,12,0,12
Rakim,M,391,391,0
Rakin,M,5,5,0
Rakiya,F,18,0,18
Rakiyah,F,15,0,15
Raleigh,U,5008,3702,1306
Raley,F,16,0,16
Ralf,M,7,7,0
Raliek,M,10,10,0
Ralik,M,20,20,0
Ralph,M,390443,390357,86
Ralpheal,M,10,10,0
Ralphie,M,10,10,0
Ralphy,M,10,10,0
Ralston,M,18,18,0
Ram,M,134,134,0
Rama,F,54,6,48
Raman,M,6,6,0
Ramandeep,F,26,0,26
Ramari,M,5,5,0
Ramata,F,16,0,16
Ramatoulaye,F,32,0,32
Ramces,M,17,17,0
Rameek,M,5,5,0
Rameen,F,25,5,20
Ramel,M,718,718,0
Ramell,M,93,93,0
Rameses,M,11,11,0
Ramesh,M,5,5,0
Ramesses,M,18,18,0
Ramey,M,6,6,0
Rami,M,1994,1994,0
Ramie,F,20,0,20
Ramil,M,6,6,0
Ramin,M,90,90,0
Ramir,M,300,300,0
Ramirez,M,6,6,0
Ramiro,M,22589,22589,0
Ramisa,F,17,0,17
Ramiya,F,22,0,22
Ramiyah,F,251,0,251
Ramla,F,40,0,40
Ramon,M,70813,70762,51
Ramona,F,65166,11,65155
Ramoncita,F,6,0,6
Ramond,M,76,76,0
Ramone,M,558,558,0
Ramonia,F,10,0,10
Ramonita,F,308,0,308
Ramsay,M,5,5,0
Ramsen,M,5,5,0
Ramses,M,2046,2046,0
Ramsey,M,3195,2608,587
Ramsha,F,10,0,10
Ramy,M,185,185,0
Ramya,F,224,0,224
Ramzi,M,102,102,0
Ramzy,M,11,11,0
Rana,F,1921,5,1916
Ranada,F,100,0,100
Ranae,F,623,0,623
Ranata,F,6,0,6
Ranbir,M,12,12,0
Rance,M,468,468,0
Rand,M,804,804,0
Randa,F,892,0,892
Randal,M,25303,25289,14
Randale,M,10,10,0
Randall,M,194810,194726,84
Rande,M,26,21,5
Randee,F,854,0,854
Randeep,M,10,10,0
Randel,M,1141,1141,0
Randell,M,6234,6234,0
Randi,F,25792,56,25736
Randie,F,209,0,209
Randiel,M,6,6,0
Randle,M,684,684,0
Randol,M,15,15,0
Randolf,M,132,132,0
Randolph,M,44272,44272,0
Randon,M,264,264,0
Randy,M,329718,327117,2601
Randye,F,63,0,63
Ranee,F,198,0,198
Raneem,F,97,0,97
Raneisha,F,16,0,16
Ranesha,F,21,0,21
Ranferi,M,17,17,0
Ranger,M,432,432,0
Rani,F,212,5,207
Rania,F,1498,0,1498
Raniah,F,32,0,32
Ranijah,F,5,0,5
Ranisha,F,60,0,60
Raniya,F,628,0,628
Raniyah,F,1164,0,1164
Ranjit,M,5,5,0
Rannie,M,5,5,0
Ransom,M,931,931,0
Ranulfo,M,17,17,0
Ranveer,M,171,171,0
Ranvir,M,23,23,0
Ranya,F,133,0,133
Raoul,M,793,793,0
Raphael,M,17404,17404,0
Raphaela,F,5,0,5
Raphaella,F,15,0,15
Rapheal,M,140,140,0
Raqiya,F,5,0,5
Raquan,M,669,669,0
Raquel,F,46994,37,46957
Raquelin,F,5,0,5
Raquell,F,5,0,5
Raquelle,F,86,0,86
Raquon,M,17,17,0
Ras,M,10,10,0
Rasean,M,37,37,0
Rasha,F,27,0,27
Rashaad,M,1581,1581,0
Rashaan,M,307,307,0
Rashad,M,14344,14344,0
Rashada,F,5,0,5
Rashamel,M,6,6,0
Rashan,M,325,325,0
Rashanda,F,43,0,43
Rashard,M,1452,1452,0
Rashaud,M,148,148,0
Rashaun,M,1455,1444,11
Rashaunda,F,6,0,6
Rashawn,M,4451,4418,33
Rashed,M,12,12,0
Rasheda,F,315,0,315
Rashee,M,5,5,0
Rasheed,M,3162,3162,0
Rasheeda,F,895,0,895
Rasheedah,F,374,0,374
Rasheem,M,577,577,0
Rasheema,F,7,0,7
Rasheen,M,742,732,10
Rasheena,F,21,0,21
Rasheida,F,5,0,5
Rasheim,M,7,7,0
Rasheka,F,6,0,6
Rashel,F,310,0,310
Rashell,F,186,0,186
Rashelle,F,216,0,216
Rashid,M,863,863,0
Rashida,F,1886,6,1880
Rashidah,F,39,0,39
Rashod,M,78,78,0
Rashon,M,678,678,0
Rashonda,F,501,0,501
Rashun,M,20,20,0
Rashunda,F,36,0,36
Rasool,M,15,15,0
Rasul,M,15,15,0
Ratana,M,5,5,0
Rateel,F,5,0,5
Ratha,M,5,5,0
Rathana,F,5,0,5
Ratza,F,9,0,9
Ratzy,F,43,0,43
Raudel,M,495,495,0
Raul,M,83949,83765,184
Raushanah,F,15,0,15
Ravan,F,5,0,5
Raveen,F,88,0,88
Raveena,F,67,0,67
Raven,F,42518,1075,41443
Ravenna,F,30,0,30
Ravi,M,1575,1575,0
Ravin,F,83,0,83
Ravina,F,7,0,7
Ravinder,M,15,15,0
Ravindra,M,16,16,0
Ravleen,F,5,0,5
Ravneet,F,32,5,27
Ravon,M,84,68,16
Ravonda,F,5,0,5
Ravya,F,7,0,7
Ravyn,F,714,0,714
Rawan,F,474,0,474
Rawle,M,6,6,0
Rawley,M,5,5,0
Rawlings,F,16,0,16
Rawn,M,8,8,0
Ray,M,192472,190605,1867
Raya,F,4581,0,4581
Rayaan,M,404,386,18
Rayah,F,217,0,217
Rayan,M,6954,6634,320
Rayana,F,168,0,168
Rayane,M,6,6,0
Rayann,F,219,0,219
Rayanna,F,608,0,608
Rayanne,F,148,0,148
Rayansh,M,41,41,0
Raybon,M,25,25,0
Rayburn,M,994,994,0
Rayce,M,147,147,0
Raychel,F,229,0,229
Raychelle,F,14,0,14
Raydel,M,16,16,0
Rayden,M,4539,4533,6
Raydon,M,11,11,0
Raye,F,216,0,216
Rayetta,F,15,0,15
Rayfield,M,198,198,0
Rayford,M,3475,3475,0
Raygan,F,148,0,148
Raygen,F,10,0,10
Rayhan,M,227,227,0
Rayhona,F,5,0,5
Rayjon,M,6,6,0
Rayla,F,289,0,289
Raylan,M,5584,5544,40
Rayland,M,46,46,0
Raylee,F,3411,0,3411
Rayleen,F,509,0,509
Rayleigh,F,1714,0,1714
Raylen,M,701,604,97
Raylena,F,21,0,21
Raylene,F,1760,0,1760
Raylie,F,24,0,24
Raylin,F,295,38,257
Raylina,F,5,0,5
Raylon,M,388,388,0
Raylyn,F,87,0,87
Raylynn,F,2001,0,2001
Rayma,F,76,0,76
Raymar,M,5,5,0
Raymel,M,6,6,0
Raymie,M,15,15,0
Raymon,M,3557,3557,0
Raymona,F,5,0,5
Raymond,M,755701,754928,773
Raymondo,M,25,25,0
Raymone,M,21,21,0
Raymont,M,5,5,0
Raymund,M,69,69,0
Raymundo,M,7544,7544,0
Rayn,F,37,16,21
Rayna,F,9169,0,9169
Raynah,F,5,0,5
Raynaldo,M,688,688,0
Raynard,M,931,931,0
Raynav,M,5,5,0
Rayne,F,5511,106,5405
Raynell,U,63,41,22
Raynelle,F,7,0,7
Rayner,M,5,5,0
Raynesha,F,32,0,32
Raynette,F,170,0,170
Raynie,F,5,0,5
Raynisha,F,48,0,48
Raynold,M,22,22,0
Raynor,M,5,5,0
Rayon,M,16,16,0
Rayona,F,5,0,5
Rayonna,F,129,0,129
Rayquan,M,450,450,0
Raysa,F,10,0,10
Raysean,M,7,7,0
Raysha,F,5,0,5
Rayshaun,M,102,102,0
Rayshawn,M,2147,2142,5
Rayshon,M,27,27,0
Rayson,M,5,5,0
Rayssa,F,33,0,33
Rayven,F,1293,0,1293
Rayvin,F,5,0,5
Rayvon,M,528,528,0
Raywood,M,40,40,0
Rayyan,M,2055,2045,10
Razan,F,276,0,276
Razi,M,5,5,0
Raziah,F,6,0,6
Raziel,M,587,587,0
Raziyah,F,5,0,5
Razmig,M,5,5,0
Rea,F,58,0,58
Reagan,F,66516,5071,61445
Reagen,F,11,0,11
Reaghan,F,112,0,112
Reah,F,5,0,5
Real,M,34,34,0
Reana,F,102,0,102
Reanetta,F,5,0,5
Reann,F,23,0,23
Reanna,F,3177,0,3177
Reanne,F,99,0,99
Reannon,F,5,0,5
Reatha,F,634,0,634
Reathel,F,5,0,5
Reather,F,242,0,242
Reaver,F,5,0,5
Reba,F,29243,0,29243
Rebacca,F,5,0,5
Rebbeca,F,44,0,44
Rebbecca,F,356,0,356
Rebeca,F,10723,0,10723
Rebecah,F,5,0,5
Rebecca,F,742416,315,742101
Rebeccah,F,249,0,249
Rebecka,F,946,0,946
Rebeckah,F,24,0,24
Rebeka,F,913,0,913
Rebekah,F,71803,0,71803
Rebekka,F,398,0,398
Rebekkah,F,208,0,208
Rebel,F,447,120,327
Rebie,F,5,0,5
Recardo,M,18,18,0
Rece,M,24,24,0
Rechel,F,46,0,46
Rechelle,F,38,0,38
Rechy,F,73,0,73
Reco,M,264,264,0
Record,M,46,46,0
Rector,M,10,10,0
Reda,F,340,11,329
Redding,M,11,11,0
Redell,U,16,11,5
Redford,M,5,5,0
Redmond,M,15,15,0
Redonna,F,10,0,10
Reece,M,19936,16877,3059
Reed,M,28781,28745,36
Reeda,F,10,0,10
Reef,M,727,727,0
Reegan,F,234,10,224
Reem,F,1913,0,1913
Reema,F,413,0,413
Reemas,F,5,0,5
Reena,F,685,0,685
Rees,M,32,32,0
Reese,F,54644,13765,40879
Reet,F,88,0,88
Reeva,F,133,0,133
Reeve,M,74,74,0
Reeves,M,34,34,0
Reeya,F,6,0,6
Refael,M,133,133,0
Refoel,M,91,91,0
Refugia,F,875,0,875
Refugio,M,3494,3052,442
Refujia,F,22,0,22
Refujio,M,92,92,0
Reg,M,5,5,0
Regan,F,13774,849,12925
Regena,F,579,0,579
Regenia,F,1032,0,1032
Reggie,M,7571,7561,10
Reghan,F,78,0,78
Regina,F,174762,26,174736
Reginae,F,243,0,243
Reginal,M,628,628,0
Reginald,M,106478,106450,28
Reginaldo,M,56,56,0
Regine,F,615,0,615
Reginia,F,102,0,102
Regino,M,187,187,0
Reginold,M,11,11,0
Regis,M,3317,3317,0
Rehaan,M,66,66,0
Reham,F,49,0,49
Rehan,M,551,551,0
Rehana,F,5,0,5
Rehanna,F,15,0,15
Rehma,F,5,0,5
Rehman,M,10,10,0
Rehmat,F,142,0,142
Rei,F,174,78,96
Reia,F,16,0,16
Reice,M,5,5,0
Reid,M,33626,33585,41
Reida,F,6,0,6
Reign,F,8132,2386,5746
Reigna,F,36,0,36
Reiko,F,93,0,93
Reiley,F,26,5,21
Reilly,F,6179,2476,3703
Reily,M,84,84,0
Reina,F,10036,0,10036
Reinaldo,M,2550,2550,0
Reine,F,5,0,5
Reinette,F,5,0,5
Reinhard,M,16,16,0
Reinhold,M,372,372,0
Reino,M,366,366,0
Reis,M,66,66,0
Reita,F,44,0,44
Reitzy,F,5,0,5
Reizel,F,97,0,97
Reizy,F,85,0,85
Rejeanne,F,10,0,10
Rejino,M,10,10,0
Rekha,F,5,0,5
Relda,F,21,0,21
Relina,F,5,0,5
Rella,F,49,0,49
Rema,F,44,0,44
Remas,F,10,0,10
Rembert,M,61,61,0
Remberto,M,5,5,0
Remedy,F,179,0,179
Remer,M,46,46,0
Remi,F,19381,1964,17417
Remie,F,22,0,22
Remiel,M,12,12,0
Remigio,M,180,180,0
Remijio,M,8,8,0
Remington,U,27657,19864,7793
Remmel,M,13,13,0
Remmi,F,52,0,52
Remmie,F,5,0,5
Remmington,F,5,0,5
Remmy,M,263,244,19
Remo,M,151,151,0
Remona,F,96,0,96
Remonia,F,5,0,5
Remus,M,10,10,0
Remy,U,14702,8986,5716
Ren,M,1027,884,143
Rena,F,28455,0,28455
Renad,F,34,0,34
Renada,F,296,0,296
Renae,F,9983,0,9983
Renald,M,45,45,0
Renaldo,M,727,727,0
Renan,M,17,17,0
Renard,M,754,754,0
Renarda,F,41,0,41
Renardo,M,74,74,0
Renata,F,10114,0,10114
Renate,F,151,0,151
Renato,M,1472,1472,0
Renatta,F,236,0,236
Renauld,M,5,5,0
Renay,F,382,0,382
Renda,F,101,0,101
Rendell,M,11,11,0
Render,M,21,21,0
Rene,U,63105,45586,17519
Renea,F,1654,0,1654
Renee,F,182496,521,181975
Reneisha,F,10,0,10
Renel,M,5,5,0
Renell,F,22,0,22
Renella,F,28,0,28
Renesha,F,20,0,20
Renesmae,F,68,0,68
Renesme,F,33,0,33
Renesmee,F,1070,0,1070
Renetta,F,183,0,183
Renette,F,29,0,29
Renie,F,11,0,11
Renika,F,21,0,21
Renisha,F,101,0,101
Renita,F,5155,0,5155
Reniya,F,21,0,21
Reniyah,F,47,0,47
Renji,M,5,5,0
Renlee,F,65,0,65
Renleigh,F,31,0,31
Renley,F,391,12,379
Renly,M,15,15,0
Renn,F,11,0,11
Renna,F,26,0,26
Renne,F,27,15,12
Renner,M,37,37,0
Rennie,U,31,21,10
Renny,M,11,11,0
Reno,M,995,995,0
Renota,F,11,0,11
Renwick,M,26,26,0
Renzo,M,1118,1118,0
Reo,M,11,11,0
Reola,F,151,0,151
Reonna,F,7,0,7
Resa,F,57,0,57
Resean,M,5,5,0
Reshard,M,54,54,0
Reshawn,M,5,5,0
Reshma,F,67,0,67
Reshonda,F,26,0,26
Ressie,F,425,0,425
Reta,F,4831,0,4831
Retaj,F,21,0,21
Retal,F,42,0,42
Retha,F,7426,0,7426
Rethel,F,5,0,5
Rether,F,11,0,11
Retta,F,260,0,260
Reuben,M,23256,23256,0
Reubin,M,17,17,0
Reuel,M,5,5,0
Reuven,M,588,588,0
Reva,F,10551,0,10551
Revan,M,239,234,5
Reveca,F,5,0,5
Revel,U,16,10,6
Reverie,F,85,0,85
Revonda,F,311,0,311
Rewa,F,16,0,16
Rex,M,54449,54449,0
Rexford,M,316,316,0
Rexton,M,74,74,0
Rey,M,6927,6799,128
Reya,F,1402,0,1402
Reyaan,M,137,137,0
Reyaansh,M,29,29,0
Reyah,F,25,0,25
Reyan,M,313,313,0
Reyanna,F,71,0,71
Reyansh,M,2262,2262,0
Reyden,M,40,40,0
Reyes,M,4579,4257,322
Reygan,F,5,0,5
Reyhan,M,5,5,0
Reylene,F,41,0,41
Reyli,M,401,401,0
Reyly,M,5,5,0
Reymond,M,126,126,0
Reymundo,M,3196,3196,0
Reyn,M,144,144,0
Reyna,F,15112,0,15112
Reynalda,F,45,0,45
Reynaldo,M,17448,17448,0
Reynard,M,5,5,0
Reyne,F,5,0,5
Reynol,M,6,6,0
Reynold,M,1481,1481,0
Reynoldo,M,5,5,0
Reynolds,M,48,43,5
Reyyan,F,23,0,23
Reza,M,257,257,0
Rhaenyra,F,76,0,76
Rhamel,M,18,18,0
Rhea,F,11974,23,11951
Rheagan,F,81,0,81
Rheana,F,15,0,15
Rheanna,F,450,0,450
Rheannon,F,10,0,10
Rheba,F,124,0,124
Rheda,F,17,0,17
Rhelda,F,5,0,5
Rhema,F,169,0,169
Rhemi,F,5,0,5
Rheta,F,195,0,195
Rhett,M,29117,29117,0
Rhetta,F,5,0,5
Rheya,F,70,0,70
Rhian,F,75,0,75
Rhiana,F,192,0,192
Rhianna,F,3449,0,3449
Rhiannon,F,12591,0,12591
Rhianon,F,5,0,5
Rhiley,F,155,7,148
Rhina,F,6,0,6
Rhoda,F,17033,0,17033
Rhodes,M,932,932,0
Rhodora,F,10,0,10
Rhona,F,486,0,486
Rhonda,F,205668,5,205663
Rhondalyn,F,6,0,6
Rhone,M,5,5,0
Rhonin,M,5,5,0
Rhonna,F,5,0,5
Rhyan,F,1654,200,1454
Rhyann,F,5,0,5
Rhyanna,F,10,0,10
Rhyatt,M,31,31,0
Rhyder,M,451,451,0
Rhydian,M,24,24,0
Rhyett,M,5,5,0
Rhyker,M,10,10,0
Rhylan,M,65,65,0
Rhyland,M,10,10,0
Rhylee,F,1180,0,1180
Rhylei,F,6,0,6
Rhyleigh,F,114,0,114
Rhylie,F,54,0,54
Rhylin,F,5,0,5
Rhys,M,10501,10430,71
Rhythm,F,129,45,84
Ria,F,2099,0,2099
Riaan,M,1240,1240,0
Riah,F,28,0,28
Rian,U,3863,2591,1272
Riana,F,792,0,792
Riane,F,47,0,47
Riann,F,34,0,34
Rianna,F,2029,0,2029
Riannah,F,6,0,6
Rianne,F,87,0,87
Ric,M,216,216,0
Rica,F,38,0,38
Ricahrd,M,16,16,0
Ricard,M,33,33,0
Ricarda,F,171,0,171
Ricardo,M,142004,141768,236
Riccardo,M,197,197,0
Ricci,U,212,140,72
Ricco,M,126,126,0
Rich,M,2232,2232,0
Richa,F,101,0,101
Richad,M,5,5,0
Richar,M,17,17,0
Richard,M,2553906,2548914,4992
Richardean,F,5,0,5
Richardine,F,18,0,18
Richardo,M,859,859,0
Richardson,M,74,74,0
Richele,F,74,0,74
Richelle,F,5256,0,5256
Richey,M,15,15,0
Richie,M,3529,3514,15
Richmond,M,540,540,0
Richrd,M,6,6,0
Richy,M,16,16,0
Rick,M,78180,78180,0
Rickard,M,15,15,0
Ricke,M,5,5,0
Rickey,M,58527,58504,23
Ricki,F,2270,729,1541
Rickia,F,13,0,13
Rickie,M,13472,13208,264
Ricky,M,220798,220530,268
Rico,M,6698,6698,0
Rida,F,345,0,345
Riddhi,F,97,0,97
Riddhima,F,5,0,5
Riddick,M,40,40,0
Rider,M,248,248,0
Ridge,M,4785,4785,0
Ridhaan,M,110,110,0
Ridhi,F,92,0,92
Ridhima,F,25,0,25
Ridley,F,539,231,308
Ridwan,M,135,135,0
Rielle,F,67,0,67
Rielyn,F,5,0,5
Rifka,F,562,0,562
Rifky,F,414,0,414
Rigdon,M,16,16,0
Rigel,M,40,40,0
Riggin,M,173,173,0
Riggins,M,204,204,0
Riggs,M,1450,1450,0
Righteous,M,10,10,0
Rigo,M,946,946,0
Rigoberto,M,9232,9226,6
Rihaan,M,270,270,0
Riham,F,5,0,5
Rihan,M,41,41,0
Rihana,F,136,0,136
Rihanna,F,5498,0,5498
Rika,F,37,0,37
Riker,M,285,285,0
Riki,F,158,41,117
Rikki,F,3997,17,3980
Riku,M,83,83,0
Rilda,F,13,0,13
Rilee,F,1541,5,1536
Rileigh,F,2269,0,2269
Riley,F,228518,96672,131846
Rilla,F,192,0,192
Rilyn,F,270,5,265
Rilynn,F,2288,0,2288
Rima,F,317,0,317
Rin,F,41,0,41
Rina,F,2211,0,2211
Rinaldo,M,59,59,0
Rinda,F,21,0,21
Rinette,F,10,0,10
Rinley,F,6,0,6
Rinoa,F,22,0,22
Rio,U,3478,2673,805
Rion,M,167,162,5
Riona,F,66,0,66
Riot,M,328,323,5
Riott,M,7,7,0
Rip,M,109,109,0
Ripken,M,17,17,0
Ripley,F,1161,154,1007
Ripp,M,243,243,0
Risa,F,1680,0,1680
Rise,F,244,0,244
Risha,F,119,0,119
Rishaan,M,758,758,0
Rishab,M,203,203,0
Rishabh,M,360,360,0
Rishan,M,76,76,0
Rishav,M,5,5,0
Rishawn,M,10,10,0
Rishi,M,3281,3281,0
Rishik,M,69,69,0
Rishika,F,93,0,93
Rishit,M,5,5,0
Rishvik,M,6,6,0
Rishy,F,8,0,8
Rissie,F,17,0,17
Rita,F,277582,22,277560
Rital,F,17,0,17
Ritchey,M,5,5,0
Ritchie,M,1423,1423,0
Rithik,M,23,23,0
Rithika,F,33,0,33
Rithvik,M,173,173,0
Rithy,M,10,10,0
Ritik,M,11,11,0
Ritika,F,106,0,106
Rito,M,714,714,0
Ritvik,M,93,93,0
Riva,F,309,0,309
Rivaan,M,142,142,0
Rivaldo,M,54,54,0
Rivan,M,12,12,0
Rivansh,M,13,13,0
River,U,47830,32170,15660
Riverlyn,F,153,0,153
Riverlynn,F,351,0,351
Rivers,M,663,534,129
Rivka,F,8162,0,8162
Rivkah,F,707,0,707
Rivky,F,1948,0,1948
Riya,F,4865,0,4865
Riyaan,M,170,170,0
Riyad,M,6,6,0
Riyah,F,159,0,159
Riyan,U,532,405,127
Riyana,F,17,0,17
Riyansh,M,140,140,0
Rizwan,M,72,72,0
Rj,M,36,36,0
Rjay,M,5,5,0
Roaa,F,5,0,5
Roald,M,6,6,0
Roan,M,975,975,0
Roanna,F,5,0,5
Roanne,F,5,0,5
Roark,M,18,18,0
Rob,M,5915,5915,0
Robah,M,13,13,0
Robb,M,1475,1475,0
Robben,M,6,6,0
Robbert,M,5,5,0
Robbi,F,208,0,208
Robbie,F,35793,17111,18682
Robbin,F,6869,354,6515
Robby,M,7102,7102,0
Robbye,F,16,0,16
Robbyn,F,63,0,63
Robel,M,53,53,0
Roben,F,5,0,5
Robena,F,97,0,97
Robenia,F,5,0,5
Rober,M,10,10,0
Robert,M,4770968,4755851,15117
Roberta,F,164756,0,164756
Robertanthony,M,5,5,0
Robertha,F,27,0,27
Robertine,F,6,0,6
Roberto,M,108537,108331,206
Roberts,M,5,5,0
Robet,M,20,20,0
Robie,M,31,24,7
Robin,F,329830,41466,288364
Robina,F,5,0,5
Robinette,F,24,0,24
Robinson,M,913,913,0
Robley,M,10,10,0
Robt,M,15,15,0
Roby,M,430,430,0
Robyn,F,60084,29,60055
Robyne,F,22,0,22
Robynn,F,78,0,78
Robynne,F,16,0,16
Roc,M,19,19,0
Rocco,M,27232,27232,0
Rochel,F,2912,0,2912
Rochele,F,10,0,10
Rochell,F,271,0,271
Rochella,F,5,0,5
Rochelle,F,42859,5,42854
Rochester,M,21,21,0
Rocio,F,11523,223,11300
Rock,M,630,630,0
Rockell,F,5,0,5
Rocker,M,5,5,0
Rocket,M,63,63,0
Rockey,M,56,56,0
Rockie,M,17,17,0
Rocklin,M,6,6,0
Rockne,M,5,5,0
Rocko,M,16,16,0
Rockwell,M,539,539,0
Rocky,M,23269,23226,43
Rocquel,F,5,0,5
Rocsi,F,5,0,5
Roczen,M,38,38,0
Rod,M,5954,5954,0
Rodarius,M,5,5,0
Rodd,M,70,70,0
Roddey,M,5,5,0
Roddrick,M,50,50,0
Roddy,M,492,492,0
Rodel,M,15,15,0
Rodell,M,17,17,0
Roderic,M,284,284,0
Roderica,F,5,0,5
Roderick,M,41610,41610,0
Rodger,M,17198,17198,0
Rodgers,M,16,16,0
Rodman,M,177,177,0
Rodnesha,F,10,0,10
Rodneshia,F,5,0,5
Rodney,M,243633,243560,73
Rodolfo,M,30411,30398,13
Rodolphe,M,6,6,0
Rodregus,M,5,5,0
Rodric,M,5,5,0
Rodrick,M,5869,5869,0
Rodricus,M,52,52,0
Rodrigo,M,24092,24092,0
Rodriguez,M,185,185,0
Rodrigus,M,5,5,0
Rodriques,M,21,21,0
Rodriquez,M,716,716,0
Roe,M,5,5,0
Roel,M,3787,3787,0
Roemello,M,14,14,0
Roen,M,177,177,0
Roena,F,11,0,11
Rogan,M,788,788,0
Rogelio,M,22724,22719,5
Rogena,F,5,0,5
Rogene,F,145,0,145
Roger,M,437616,437515,101
Rogerio,M,235,235,0
Rogers,M,4369,4369,0
Rogue,F,129,15,114
Rohaan,M,88,88,0
Rohan,M,9868,9868,0
Rohin,M,29,29,0
Rohini,F,5,0,5
Rohit,M,787,787,0
Rohith,M,11,11,0
Rohn,M,5,5,0
Roi,M,26,26,0
Roise,F,6,0,6
Roisin,F,202,0,202
Roiza,F,85,0,85
Roizy,F,300,0,300
Rojelio,M,1926,1926,0
Rokia,F,5,0,5
Rokiatou,F,5,0,5
Rokisha,F,5,0,5
Rolan,M,73,73,0
Roland,M,93596,93596,0
Rolanda,F,1419,0,1419
Rolande,F,186,0,186
Rolando,M,20753,20753,0
Rolayne,F,20,0,20
Roldan,M,11,11,0
Rolen,M,5,5,0
Rolf,M,1141,1141,0
Rolinda,F,15,0,15
Rolla,M,245,245,0
Rolland,M,5797,5797,0
Rollie,M,521,521,0
Rollin,M,1992,1992,0
Rollins,M,5,5,0
Rollo,M,17,17,0
Rolly,M,5,5,0
Rolonda,F,48,0,48
Roma,F,3292,5,3287
Romaine,F,1529,35,1494
Romaisa,F,5,0,5
Romaldo,M,10,10,0
Roman,M,88183,88173,10
Romana,F,551,0,551
Romanda,F,5,0,5
Romanita,F,5,0,5
Romano,M,5,5,0
Romar,M,5,5,0
Romari,M,5,5,0
Romario,M,459,459,0
Romayne,F,571,0,571
Rome,M,2292,2254,38
Romee,F,108,0,108
Romel,M,888,888,0
Romelia,F,684,0,684
Romell,M,195,195,0
Romelle,F,36,0,36
Romello,M,910,910,0
Romelo,M,255,255,0
Romen,M,20,20,0
Romeo,M,20683,20683,0
Romero,M,227,227,0
Romesha,F,6,0,6
Romi,F,448,0,448
Romie,M,292,265,27
Romilda,F,8,0,8
Romina,F,4736,0,4736
Romir,M,7,7,0
Rommel,M,539,539,0
Rommie,M,58,58,0
Romney,M,6,6,0
Romolo,M,27,27,0
Romon,M,5,5,0
Romona,F,2023,0,2023
Romualdo,M,11,11,0
Romulo,M,164,164,0
Romulus,M,16,16,0
Romy,F,1196,0,1196
Ron,M,32796,32796,0
Rona,F,2416,0,2416
Ronak,M,232,232,0
Ronal,M,92,92,0
Ronald,M,1080087,1078884,1203
Ronaldo,M,3856,3856,0
Ronan,M,16686,16686,0
Ronata,F,5,0,5
Ronav,M,61,61,0
Ronda,F,31773,46,31727
Rondal,M,542,542,0
Rondale,M,10,10,0
Rondall,M,95,95,0
Rondarius,M,33,33,0
Rondel,M,5,5,0
Rondell,M,650,650,0
Rondi,F,30,0,30
Rondia,F,5,0,5
Rondle,M,12,12,0
Rondy,M,22,22,0
Ronee,F,6,0,6
Roneisha,F,51,0,51
Ronel,M,5,5,0
Ronell,M,234,234,0
Ronelle,F,10,0,10
Ronen,M,275,275,0
Ronesha,F,145,0,145
Roneshia,F,19,0,19
Ronetta,F,17,0,17
Ronette,F,128,0,128
Roney,M,15,15,0
Roni,F,2059,120,1939
Ronica,F,160,0,160
Roniel,M,6,6,0
Ronika,F,29,0,29
Ronin,M,7923,7918,5
Ronique,F,5,0,5
Ronisha,F,515,0,515
Ronisue,F,6,0,6
Ronit,U,248,169,79
Ronita,F,15,0,15
Roniya,F,10,0,10
Roniyah,F,12,0,12
Ronn,M,35,35,0
Ronna,F,2231,0,2231
Ronnah,F,5,0,5
Ronnald,M,33,33,0
Ronne,F,19,0,19
Ronnel,M,10,10,0
Ronnell,M,634,634,0
Ronnesha,F,10,0,10
Ronnetta,F,5,0,5
Ronnette,F,94,0,94
Ronney,M,173,173,0
Ronni,F,1144,0,1144
Ronnie,M,183385,179554,3831
Ronniesha,F,5,0,5
Ronnisha,F,65,0,65
Ronny,M,10580,10565,15
Ronold,M,5,5,0
Ronson,M,36,36,0
Rontavious,M,24,24,0
Rontrell,M,11,11,0
Rony,M,890,890,0
Ronya,F,5,0,5
Roohi,F,16,0,16
Rook,M,74,74,0
Rooney,F,239,66,173
Roosevelt,M,32749,32744,5
Roosvelt,M,10,10,0
Roper,M,117,117,0
Roque,M,1418,1418,0
Roran,M,5,5,0
Rori,F,1116,0,1116
Rorie,F,63,0,63
Rorik,M,5,5,0
Rory,U,37477,28654,8823
Rosa,F,149648,253,149395
Rosabel,F,18,0,18
Rosabell,F,10,0,10
Rosabella,F,404,0,404
Rosabelle,F,108,0,108
Rosaelena,F,15,0,15
Rosaicela,F,5,0,5
Rosaire,M,150,150,0
Rosaisela,F,168,0,168
Rosala,F,5,0,5
Rosalba,F,1848,0,1848
Rosalea,F,27,0,27
Rosalee,F,7371,0,7371
Rosaleen,F,89,0,89
Rosaleigh,F,272,0,272
Rosali,F,15,0,15
Rosalia,F,5940,0,5940
Rosalie,F,72998,0,72998
Rosalin,F,16,0,16
Rosalina,F,2800,0,2800
Rosalind,F,21546,0,21546
Rosalinda,F,12608,0,12608
Rosaline,F,1012,0,1012
Rosalio,M,1312,1312,0
Rosalita,F,6,0,6
Rosalva,F,1573,0,1573
Rosaly,F,49,0,49
Rosalyn,F,17545,0,17545
Rosalynn,F,1208,0,1208
Rosamaria,F,969,0,969
Rosamond,F,980,0,980
Rosamund,F,5,0,5
Rosana,F,1048,0,1048
Rosangel,F,6,0,6
Rosangela,F,143,0,143
Rosangelica,F,88,0,88
Rosann,F,1227,0,1227
Rosanna,F,8944,0,8944
Rosanne,F,11373,0,11373
Rosaria,F,1007,0,1007
Rosario,F,11750,3281,8469
Rosary,F,47,0,47
Rosaura,F,1574,0,1574
Rosaysela,F,5,0,5
Rosbel,M,58,58,0
Rosco,M,108,108,0
Roscoe,M,14587,14587,0
Rose,F,434016,178,433838
Roseana,F,10,0,10
Roseann,F,12808,0,12808
Roseanna,F,2045,0,2045
Roseanne,F,4692,0,4692
Rosebud,F,65,0,65
Rosela,F,5,0,5
Roselani,F,5,0,5
Roselee,F,36,0,36
Roseleigh,F,5,0,5
Roselia,F,156,0,156
Roselie,F,28,0,28
Roselin,F,154,0,154
Roselind,F,5,0,5
Roselinda,F,20,0,20
Roseline,F,193,0,193
Rosella,F,9911,0,9911
Roselle,F,276,0,276
Rosellen,F,17,0,17
Rosely,F,21,0,21
Roselyn,F,9586,0,9586
Roselyne,F,67,0,67
Roselynn,F,1130,0,1130
Rosemari,F,13,0,13
Rosemaria,F,5,0,5
Rosemarie,F,45896,0,45896
Rosemary,F,156362,0,156362
Rosemond,F,5,0,5
Rosena,F,130,0,130
Rosenda,F,136,0,136
Rosendo,M,3926,3926,0
Rosene,F,28,0,28
Rosetta,F,21950,0,21950
Rosette,F,28,0,28
Rosevelt,M,1868,1868,0
Rosey,F,19,0,19
Rosezella,F,5,0,5
Rosha,F,6,0,6
Roshan,M,606,606,0
Roshana,F,5,0,5
Roshanda,F,422,0,422
Roshaunda,F,5,0,5
Roshawn,U,125,81,44
Roshell,F,5,0,5
Roshelle,F,38,0,38
Roshni,F,250,0,250
Roshon,F,5,0,5
Roshonda,F,300,0,300
Roshun,M,5,5,0
Roshunda,F,176,0,176
Rosi,F,31,0,31
Rosia,F,1845,0,1845
Rosibel,F,21,0,21
Rosicela,F,6,0,6
Rosie,F,69804,31,69773
Rosielee,F,5,0,5
Rosiland,F,75,0,75
Rosilyn,F,12,0,12
Rosina,F,1927,0,1927
Rosio,F,1800,10,1790
Rosisela,F,6,0,6
Rosita,F,3591,0,3591
Roslyn,F,13635,0,13635
Roslynn,F,76,0,76
Rosmery,F,30,0,30
Ross,M,75056,75050,6
Rossana,F,311,0,311
Rosselyn,F,70,0,70
Rosser,M,5,5,0
Rossi,F,16,0,16
Rossie,F,439,69,370
Rosslyn,F,63,0,63
Rossy,F,108,0,108
Rostam,M,7,7,0
Roston,M,6,6,0
Roswell,M,197,197,0
Rosy,F,616,0,616
Rothana,M,5,5,0
Rouguiatou,F,5,0,5
Roux,F,25,0,25
Rovena,F,5,0,5
Roverto,M,18,18,0
Rowan,U,57610,39168,18442
Rowdy,M,2261,2261,0
Rowe,F,10,5,5
Rowen,M,6775,5674,1101
Rowena,F,5296,0,5296
Rowin,M,5,5,0
Rowland,M,875,875,0
Rowrenia,F,7,0,7
Rowyn,F,1586,60,1526
Rowynn,F,30,0,30
Rox,F,28,0,28
Roxan,F,28,0,28
Roxana,F,8218,0,8218
Roxane,F,3117,0,3117
Roxann,F,5961,0,5961
Roxanna,F,8432,0,8432
Roxanne,F,55326,0,55326
Roxas,M,28,28,0
Roxi,F,10,0,10
Roxie,F,10036,0,10036
Roxsana,F,11,0,11
Roxy,F,879,0,879
Roy,M,379020,378597,423
Roya,F,424,0,424
Royal,M,15184,12110,3074
Royale,F,279,84,195
Royalti,F,64,0,64
Royalty,F,6056,86,5970
Royce,M,26264,25894,370
Royden,M,27,27,0
Royer,M,17,17,0
Roylene,F,7,0,7
Royzell,M,10,10,0
Roza,F,26,0,26
Rozalyn,F,45,0,45
Rozalynn,F,11,0,11
Rozann,F,5,0,5
Rozanna,F,19,0,19
Rozanne,F,290,0,290
Roze,F,5,0,5
Rozell,U,41,26,15
Rozella,F,543,0,543
Rozelle,F,10,0,10
Rozena,F,5,0,5
Rozia,F,5,0,5
Rozie,F,5,0,5
Rozlyn,F,173,0,173
Rozlynn,F,108,0,108
Ruah,F,5,0,5
Rual,M,5,5,0
Ruba,F,10,0,10
Rubani,F,45,0,45
Rubbie,F,149,0,149
Rubby,F,6,0,6
Rube,M,10,10,0
Rubee,F,5,0,5
Rubel,M,10,10,0
Rubell,F,5,0,5
Ruben,M,109877,109661,216
Rubena,F,5,0,5
Rubens,M,15,15,0
Rubi,F,6991,0,6991
Rubicela,F,17,0,17
Rubie,F,2245,0,2245
Rubin,M,3356,3356,0
Rubina,F,42,0,42
Rubit,F,5,0,5
Ruble,M,42,42,0
Ruby,F,338160,896,337264
Rubye,F,4860,0,4860
Rubylee,F,5,0,5
Rubyrose,F,6,0,6
Ruchama,F,119,0,119
Ruchel,F,273,0,273
Ruchi,F,15,0,15
Ruchy,F,261,0,261
Ruddy,M,46,46,0
Rudell,F,21,5,16
Rudene,F,40,0,40
Rudi,F,95,28,67
Rudine,F,50,0,50
Rudolf,M,938,938,0
Rudolfo,M,1452,1452,0
Rudolph,M,46224,46213,11
Rudolpho,M,83,83,0
Rudra,M,771,771,0
Rudransh,M,67,67,0
Rudy,M,43802,43693,109
Rue,F,343,0,343
Rueben,M,1503,1503,0
Ruel,M,157,157,0
Ruffin,M,94,94,0
Ruffus,M,63,63,0
Rufina,F,261,0,261
Rufino,M,656,656,0
Rufus,M,28262,28262,0
Ruger,M,1090,1090,0
Ruhaan,M,86,86,0
Ruhan,M,17,17,0
Ruhani,F,29,0,29
Ruhi,F,509,0,509
Rui,M,163,163,0
Ruie,F,35,0,35
Rukaya,F,5,0,5
Rukia,F,5,0,5
Rukiya,F,15,0,15
Rulon,M,549,549,0
Rumaisa,F,41,0,41
Rumalda,F,11,0,11
Rumaldo,M,298,298,0
Rumani,F,42,0,42
Rumaysa,F,26,0,26
Rumi,F,533,220,313
Runa,F,93,0,93
Rune,M,48,48,0
Runell,F,24,0,24
Runelle,F,10,0,10
Runette,F,16,0,16
Rupa,F,5,0,5
Rupal,F,15,0,15
Rupert,M,1560,1560,0
Ruperta,F,5,0,5
Ruperto,M,343,343,0
Rupinder,F,5,0,5
Ruqaya,F,5,0,5
Ruqayya,F,5,0,5
Ruqayyah,F,11,0,11
Rury,M,5,5,0
Rus,F,10,0,10
Rush,M,567,567,0
Rushi,M,6,6,0
Rushie,F,17,0,17
Rushika,F,6,0,6
Rushil,M,121,121,0
Ruslan,M,67,67,0
Russ,M,3103,3103,0
Russel,M,10718,10718,0
Russell,M,348199,348194,5
Rustin,M,649,649,0
Ruston,M,124,124,0
Rusty,M,14329,14300,29
Rustyn,M,17,17,0
Rut,F,134,0,134
Ruta,F,24,0,24
Rutger,M,5,5,0
Ruth,F,742015,363,741652
Rutha,F,1592,0,1592
Ruthann,F,4119,0,4119
Ruthanna,F,122,0,122
Ruthanne,F,638,0,638
Ruthe,F,557,0,557
Ruthel,F,7,0,7
Ruthella,F,28,0,28
Ruther,F,109,0,109
Rutherford,M,15,15,0
Ruthey,F,5,0,5
Ruthia,F,6,0,6
Ruthie,F,17377,0,17377
Ruthvik,M,5,5,0
Ruthy,F,38,0,38
Rutilio,M,6,6,0
Rutledge,M,5,5,0
Ruvi,F,5,0,5
Ruvim,M,295,295,0
Ruwayda,F,44,0,44
Ruweyda,F,37,0,37
Rya,F,428,0,428
Ryaan,M,16,16,0
Ryah,F,232,0,232
Ryan,M,979657,955149,24508
Ryana,F,6,0,6
Ryananthony,M,5,5,0
Ryanchristopher,M,17,17,0
Ryane,F,63,0,63
Ryanjames,M,10,10,0
Ryanjoseph,M,6,6,0
Ryann,F,8657,29,8628
Ryanna,F,221,0,221
Ryanne,F,981,0,981
Ryatt,M,1008,1002,6
Ryda,M,5,5,0
Rydan,M,5,5,0
Ryden,M,795,795,0
Ryder,M,61004,59779,1225
Rye,M,144,144,0
Ryelle,F,6,0,6
Ryen,U,274,188,86
Ryenn,F,5,0,5
Ryer,M,5,5,0
Ryett,M,34,34,0
Ryhanna,F,27,0,27
Ryken,M,75,75,0
Ryker,M,36140,36095,45
Ryla,F,101,0,101
Rylah,F,31,0,31
Rylan,M,36330,31323,5007
Ryland,M,10111,10022,89
Rylann,F,39,0,39
Ryle,M,11,11,0
Rylea,F,178,0,178
Rylee,F,67483,3634,63849
Ryleeann,F,5,0,5
Rylei,F,368,0,368
Ryleigh,F,32197,0,32197
Rylen,M,2002,1906,96
Ryler,M,25,25,0
Ryley,F,3301,1864,1437
Ryli,F,20,0,20
Rylie,F,21002,162,20840
Rylin,F,713,94,619
Rylinn,F,53,0,53
Rylo,M,202,202,0
Rylon,M,11,11,0
Rylyn,F,37,0,37
Rylynn,F,1727,0,1727
Ryman,M,66,66,0
Ryn,F,10,0,10
Ryne,M,2460,2460,0
Rynlee,F,150,0,150
Rynleigh,F,25,0,25
Rynn,F,10,0,10
Ryo,M,161,161,0
Ryon,M,361,361,0
Rysa,F,5,0,5
Ryson,M,5,5,0
Ryu,M,578,578,0
Ryver,U,187,117,70
Ryzen,M,54,54,0
Saabir,M,25,25,0
Saachi,F,76,0,76
Saad,M,1085,1085,0
Saadia,F,55,0,55
Saadiq,M,41,41,0
Saafir,M,23,23,0
Saahil,M,43,43,0
Saahir,M,21,21,0
Saajida,F,5,0,5
Saam,M,6,6,0
Saamir,M,10,10,0
Saanjh,F,7,0,7
Saanvi,F,3652,0,3652
Saanvika,F,31,0,31
Saara,F,10,0,10
Saarah,F,5,0,5
Saathvik,M,20,20,0
Saatvik,M,13,13,0
Saavi,F,33,0,33
Saba,F,488,6,482
Sabah,F,59,0,59
Sabarin,F,5,0,5
Sabas,M,326,326,0
Sabastian,M,1676,1676,0
Sabatino,M,5,5,0
Sabbir,M,5,5,0
Sabella,F,411,0,411
Sabian,M,200,200,0
Sabiha,F,74,0,74
Sabin,M,10,10,0
Sabina,F,4281,0,4281
Sabine,F,1456,0,1456
Sabino,M,714,714,0
Sabir,M,193,193,0
Sabirin,F,21,0,21
Sable,F,488,0,488
Sabra,F,1124,0,1124
Sabree,M,23,18,5
Sabreen,F,73,0,73
Sabreena,F,100,0,100
Sabrena,F,398,0,398
Sabria,F,173,0,173
Sabrian,F,5,0,5
Sabrie,F,5,0,5
Sabrin,F,34,0,34
Sabrina,F,139191,17,139174
Sabrinna,F,12,0,12
Sabriya,F,13,0,13
Sabriyah,F,5,0,5
Sabryn,F,5,0,5
Sabryna,F,107,0,107
Saburo,M,172,172,0
Saby,F,9,0,9
Sacha,F,677,126,551
Sacheen,F,27,0,27
Sachi,F,216,0,216
Sachie,F,5,0,5
Sachiko,F,310,0,310
Sachin,M,331,331,0
Sacoria,F,7,0,7
Sada,F,122,0,122
Sadaf,F,125,0,125
Sadako,F,278,0,278
Sadam,M,6,6,0
Sadamu,M,24,24,0
Sadao,M,173,173,0
Saddam,M,6,6,0
Saddie,F,42,0,42
Sade,F,8308,10,8298
Sadee,F,65,0,65
Sadeel,F,11,0,11
Sadey,F,25,0,25
Sadhana,F,7,0,7
Sadi,F,24,0,24
Sadia,F,371,0,371
Sadie,F,118305,0,118305
Sadiee,F,5,0,5
Sadiel,M,5,5,0
Sadiga,F,5,0,5
Sadiq,M,86,86,0
Sadira,F,5,0,5
Sadiya,F,74,0,74
Sadiyah,F,15,0,15
Sadler,M,5,5,0
Sadrac,M,5,5,0
Sady,F,5,0,5
Sadye,F,135,0,135
Saeed,M,535,535,0
Saeko,F,5,0,5
Sael,M,20,20,0
Safa,F,1427,0,1427
Safaa,F,51,0,51
Safari,F,5,0,5
Safet,M,5,5,0
Saffron,F,50,0,50
Safi,M,10,10,0
Safia,F,458,0,458
Safiatou,F,5,0,5
Safina,F,81,0,81
Safira,F,5,0,5
Safiya,F,1162,0,1162
Safiyah,F,115,0,115
Safiyya,F,6,0,6
Safiyyah,F,74,0,74
Saford,M,9,9,0
Safreen,F,5,0,5
Safwan,M,300,300,0
Safwana,F,6,0,6
Saga,F,5,0,5
Sagal,F,30,0,30
Sagan,M,105,88,17
Sagar,M,382,382,0
Sage,F,36754,12106,24648
Sagrario,F,7,0,7
Sahaj,M,22,22,0
Sahal,M,5,5,0
Sahalie,F,25,0,25
Sahana,F,1717,0,1717
Sahar,F,1094,0,1094
Sahara,F,2545,0,2545
Sahari,F,5,0,5
Saharsh,M,75,75,0
Sahas,M,30,30,0
Sahasra,F,884,0,884
Saheed,M,5,5,0
Saher,F,5,0,5
Sahian,F,11,0,11
Sahib,M,342,342,0
Sahiba,F,5,0,5
Sahibjot,M,5,5,0
Sahid,M,50,50,0
Sahil,M,1878,1878,0
Sahily,F,196,0,196
Sahir,M,222,222,0
Sahira,F,62,0,62
Sahith,M,5,5,0
Sahiti,F,6,0,6
Sahmir,M,10,10,0
Sahori,F,5,0,5
Sahra,F,138,0,138
Sai,M,550,530,20
Said,M,1567,1567,0
Saida,F,322,0,322
Saidah,F,5,0,5
Saide,F,5,0,5
Saidee,F,33,0,33
Saidy,F,13,0,13
Saif,M,1216,1216,0
Saifan,M,88,88,0
Saifullah,M,5,5,0
Saige,F,9188,99,9089
Sailor,F,1962,59,1903
Saima,F,95,0,95
Saina,F,52,0,52
Saint,M,3655,3655,0
Saintclair,M,5,5,0
Saiquan,M,5,5,0
Sair,M,7,7,0
Saira,F,2095,0,2095
Sairy,F,5,0,5
Saisha,F,226,0,226
Saiya,F,74,0,74
Saja,F,196,0,196
Sajada,F,5,0,5
Sajan,M,11,11,0
Sajid,M,54,54,0
Sakae,M,34,29,5
Sakai,M,59,59,0
Sakara,F,5,0,5
Sakari,F,12,0,12
Sakariye,M,5,5,0
Sakaye,F,15,0,15
Sakeena,F,13,0,13
Sakeenah,F,35,0,35
Saket,M,22,22,0
Saketh,M,83,83,0
Saketha,F,5,0,5
Saki,F,16,0,16
Sakib,M,16,16,0
Sakina,F,378,0,378
Sakinah,F,310,0,310
Sakiyah,F,12,0,12
Sakshi,F,12,0,12
Sakura,F,542,0,542
Sal,M,2357,2357,0
Salaam,M,5,5,0
Salaar,M,10,10,0
Saladin,M,5,5,0
Salah,M,110,104,6
Salam,F,10,5,5
Salbador,M,119,119,0
Saleem,M,786,786,0
Saleemah,F,25,0,25
Saleen,F,363,0,363
Saleena,F,57,0,57
Saleh,M,630,630,0
Salem,F,5889,2104,3785
Salena,F,2009,0,2009
Salesi,M,11,11,0
Salif,M,6,6,0
Salih,M,15,15,0
Saliha,F,18,0,18
Salim,M,586,586,0
Salima,F,35,0,35
Salimata,F,20,0,20
Salimatou,F,15,0,15
Salina,F,4091,0,4091
Saliou,M,10,10,0
Saliyah,F,11,0,11
Salley,F,5,0,5
Salli,F,33,0,33
Sallie,F,30226,0,30226
Sally,F,195646,10,195636
Sallyann,F,251,0,251
Sallyanne,F,5,0,5
Sallye,F,94,0,94
Salma,F,8213,0,8213
Salmaan,M,15,15,0
Salman,M,1276,1276,0
Salmo,F,5,0,5
Saloma,F,122,0,122
Salome,F,1973,290,1683
Salomon,M,2118,2118,0
Saloni,F,58,0,58
Salote,F,5,0,5
Salvador,M,45210,45124,86
Salvadore,M,359,359,0
Salvator,M,288,288,0
Salvatore,M,53505,53500,5
Salvatrice,F,66,0,66
Salvotore,M,5,5,0
Salwa,F,107,0,107
Sam,M,106445,106317,128
Sama,F,704,0,704
Samaad,M,41,41,0
Samad,M,254,254,0
Samadhi,F,225,0,225
Samael,M,124,124,0
Samah,F,19,0,19
Samai,F,7,0,7
Samaira,F,743,0,743
Samaiya,F,42,0,42
Samaj,M,48,48,0
Saman,M,34,34,0
Samanatha,F,16,0,16
Samani,F,5,0,5
Samanta,F,936,0,936
Samanth,F,21,0,21
Samantha,F,586794,287,586507
Samanthajo,F,12,0,12
Samanthamarie,F,11,0,11
Samanthan,F,11,0,11
Samanthia,F,17,0,17
Samanvi,F,57,0,57
Samanyu,M,15,15,0
Samar,U,607,448,159
Samara,F,18123,0,18123
Samarah,F,816,0,816
Samari,F,518,73,445
Samaria,F,2599,0,2599
Samariah,F,19,0,19
Samarion,M,21,21,0
Samarra,F,36,0,36
Samarth,M,668,668,0
Samatar,M,11,11,0
Samatha,F,2113,0,2113
Samay,M,49,49,0
Samaya,F,1869,0,1869
Samayah,F,71,0,71
Samayra,F,6,0,6
Samba,M,5,5,0
Sameeha,F,28,0,28
Sameen,F,5,0,5
Sameer,M,1784,1784,0
Sameera,F,74,0,74
Sameerah,F,86,0,86
Samehesha,F,5,0,5
Samella,F,103,0,103
Samer,M,361,361,0
Samera,F,17,0,17
Sameria,F,5,0,5
Samhita,F,39,0,39
Samhitha,F,5,0,5
Sami,M,3188,3130,58
Samia,F,1588,0,1588
Samiah,F,518,0,518
Samie,M,57,57,0
Samiha,F,124,0,124
Samik,M,10,10,0
Samika,F,13,0,13
Samin,M,26,26,0
Samina,F,60,0,60
Samir,M,8204,8204,0
Samira,F,6091,0,6091
Samirah,F,827,0,827
Samirjon,M,5,5,0
Samiul,M,5,5,0
Samiya,F,2742,0,2742
Samiyah,F,3780,0,3780
Samiyyah,F,10,0,10
Sammantha,F,732,0,732
Sammi,F,245,0,245
Sammie,M,21886,17221,4665
Sammuel,M,387,387,0
Sammy,M,38663,38506,157
Sammye,F,206,0,206
Samnang,M,13,13,0
Samnatha,F,21,0,21
Samona,F,5,0,5
Samone,F,595,0,595
Samora,F,24,0,24
Samorah,F,5,0,5
Samori,M,5,5,0
Samoria,F,5,0,5
Samory,M,5,5,0
Sampson,M,442,442,0
Samra,F,26,0,26
Samrath,M,5,5,0
Samreen,F,33,0,33
Samson,M,8017,8017,0
Samual,M,1017,1017,0
Samuel,M,777850,777550,300
Samuell,M,15,15,0
Samvel,M,66,66,0
Samy,M,117,117,0
Samya,F,1744,0,1744
Samyah,F,127,0,127
Samyak,M,5,5,0
Samyar,M,11,11,0
Samyia,F,12,0,12
Samyra,F,159,0,159
Samyuktha,F,12,0,12
San,F,1520,113,1407
Sana,F,2901,0,2901
Sanaa,F,4941,0,4941
Sanad,M,223,223,0
Sanae,F,10,0,10
Sanah,F,33,0,33
Sanai,F,3206,0,3206
Sanaia,F,5,0,5
Sanaii,F,41,0,41
Sanaiya,F,30,0,30
Sanam,F,128,0,128
Sanari,F,10,0,10
Sanav,M,11,11,0
Sanaya,F,974,0,974
Sanayah,F,17,0,17
Sanaz,F,8,0,8
Sanchez,M,203,203,0
Sanda,F,12,0,12
Sandee,F,360,0,360
Sandeep,M,267,224,43
Sander,M,141,141,0
Sanders,M,245,245,0
Sandford,M,5,5,0
Sandhya,F,42,0,42
Sandi,F,6804,0,6804
Sandie,F,884,0,884
Sandor,M,77,77,0
Sandra,F,873440,776,872664
Sandralee,F,6,0,6
Sandrine,F,5,0,5
Sandro,M,830,830,0
Sandy,F,71546,6156,65390
Sanem,F,15,0,15
Sanford,M,10194,10194,0
Sang,M,171,160,11
Sangeeta,F,5,0,5
Sani,F,36,0,36
Sania,F,890,0,890
Saniah,F,798,0,798
Sanii,F,8,0,8
Sanika,F,56,0,56
Saniya,F,5814,0,5814
Saniyah,F,6027,0,6027
Saniyya,F,5,0,5
Saniyyah,F,16,0,16
Sanjana,F,1315,0,1315
Sanjay,M,1069,1069,0
Sanjida,F,11,0,11
Sanjna,F,5,0,5
Sanjuan,M,24,24,0
Sanjuana,F,1840,0,1840
Sanjuanita,F,3035,0,3035
Sankalp,M,5,5,0
Sanna,F,15,0,15
Sanoe,F,35,0,35
Sanora,F,5,0,5
Sansa,F,11,0,11
Santa,F,2507,0,2507
Santana,U,8773,5201,3572
Santanna,F,130,0,130
Santario,M,10,10,0
Santasia,F,5,0,5
Santhiago,M,222,222,0
Santi,M,277,277,0
Santiaga,F,46,0,46
Santiago,M,86185,86180,5
Santiel,M,269,269,0
Santina,F,1044,0,1044
Santino,M,9890,9890,0
Santo,M,2710,2710,0
Santonio,M,98,98,0
Santos,M,16989,14889,2100
Santresa,F,7,0,7
Santrice,F,5,0,5
Sanvi,F,726,0,726
Sanvika,F,5,0,5
Sanvitha,F,5,0,5
Sanya,F,556,0,556
Sanyah,F,39,0,39
Sanyia,F,5,0,5
Sanyla,F,5,0,5
Saoirse,F,2530,0,2530
Saori,F,240,0,240
Saory,F,10,0,10
Saphira,F,897,0,897
Saphire,F,132,0,132
Sapir,F,5,0,5
Sapna,F,38,0,38
Sapphira,F,79,0,79
Sapphire,F,2551,0,2551
Saprina,F,11,0,11
Saqib,M,5,5,0
Saquan,M,282,282,0
Saquana,F,6,0,6
Sara,F,422026,151,421875
Sarabelle,F,5,0,5
Sarabeth,F,111,0,111
Sarabi,F,6,0,6
Sarae,F,5,0,5
Sarafina,F,62,0,62
Saragosa,M,15,15,0
Sarah,F,1043905,885,1043020
Sarahann,F,27,0,27
Sarahgrace,F,10,0,10
Sarahi,F,6250,0,6250
Sarahjane,F,13,0,13
Sarahy,F,437,0,437
Sarai,F,19376,0,19376
Saraiah,F,10,0,10
Saraih,F,18,0,18
Saraiya,F,5,0,5
Saraiyah,F,16,0,16
Sarajane,F,20,0,20
Saralee,F,21,0,21
Saralyn,F,63,0,63
Saran,F,56,0,56
Saranda,F,5,0,5
Saranya,F,14,0,14
Sarath,M,10,10,0
Saratha,F,5,0,5
Saray,F,1287,0,1287
Saraya,F,314,0,314
Sarayah,F,67,0,67
Sarayu,F,133,0,133
Sareen,F,52,0,52
Sareena,F,51,0,51
Sarely,F,5,0,5
Sarena,F,628,0,628
Sarenity,F,42,0,42
Sargis,M,10,10,0
Sargon,M,15,15,0
Sargun,F,30,0,30
Sarha,F,12,0,12
Sari,F,1174,0,1174
Saria,F,86,0,86
Sariah,F,7199,0,7199
Saribel,F,5,0,5
Sarika,F,15,0,15
Sarim,M,32,32,0
Sarin,F,23,0,23
Sarina,F,6282,0,6282
Sarine,F,5,0,5
Sarit,F,17,0,17
Sarita,F,2119,0,2119
Sarith,M,5,5,0
Sariya,F,662,0,662
Sariyah,F,4665,0,4665
Sarkis,M,514,514,0
Saro,M,10,10,0
Saron,F,175,0,175
Sarp,M,10,10,0
Sarra,F,39,0,39
Sarrah,F,146,0,146
Sarrinah,F,10,0,10
Sartaj,M,59,59,0
Sarthak,M,6,6,0
Saryah,F,54,0,54
Saryn,F,7,0,7
Sasan,M,5,5,0
Sascha,F,208,23,185
Sasha,F,35817,583,35234
Sasheen,F,6,0,6
Saskia,F,212,0,212
Sasuke,M,9,9,0
Satchel,M,29,29,0
Sathvik,M,79,79,0
Satin,F,5,0,5
Sativa,F,60,0,60
Satonya,F,10,0,10
Satori,F,6,0,6
Satoru,M,149,149,0
Satoshi,M,111,111,0
Satsuki,F,28,0,28
Saturn,F,5,0,5
Saturnino,M,115,115,0
Satvik,M,71,71,0
Satya,F,65,0,65
Saud,M,12,12,0
Saudia,F,16,0,16
Saul,M,37440,37429,11
Saulo,M,178,178,0
Saumya,F,10,0,10
Saundra,F,15137,0,15137
Saurav,M,5,5,0
Savalas,M,8,8,0
Savana,F,3436,0,3436
Savanah,F,7669,0,7669
Savani,F,10,0,10
Savanna,F,31016,8,31008
Savannah,F,183842,31,183811
Saverio,M,830,830,0
Savi,F,10,0,10
Savian,M,12,12,0
Savier,M,5,5,0
Savilla,F,17,0,17
Savina,F,292,0,292
Savino,M,29,29,0
Savion,M,3348,3348,0
Savior,M,77,77,0
Saviour,M,5,5,0
Savir,M,5,5,0
Savon,M,658,658,0
Savonna,F,5,0,5
Savreen,F,28,0,28
Savvy,F,51,0,51
Saw,M,24,24,0
Sawdah,F,5,0,5
Sawyer,M,74059,59055,15004
Saxon,M,308,308,0
Saxton,M,20,20,0
Saya,F,360,0,360
Sayaka,F,12,0,12
Sayan,M,5,5,0
Sayana,F,5,0,5
Sayda,F,27,0,27
Sayde,F,59,0,59
Saydee,F,413,0,413
Saydi,F,28,0,28
Saydie,F,59,0,59
Sayed,M,172,172,0
Sayge,F,5,0,5
Sayid,M,5,5,0
Sayla,F,75,0,75
Saylah,F,30,0,30
Sayler,F,126,0,126
Saylor,F,10622,115,10507
Sayoko,F,5,0,5
Sayori,F,91,0,91
Sayquan,M,5,5,0
Sayra,F,693,0,693
Saysha,F,5,0,5
Sayuri,F,538,0,538
Sayvion,M,5,5,0
Sayyora,F,5,0,5
Scarlet,F,13507,0,13507
Scarleth,F,179,0,179
Scarlett,F,97045,0,97045
Scarlette,F,3704,0,3704
Scarlettrose,F,14,0,14
Scherrie,F,5,0,5
Scherry,F,17,0,17
Scheryl,F,13,0,13
Schneider,M,96,96,0
Schneur,M,137,137,0
Schuyler,M,1395,1187,208
Schwanda,F,16,0,16
Schyler,F,72,32,40
Scot,M,10852,10852,0
Scotland,F,101,5,96
Scotlyn,F,211,0,211
Scotlynn,F,39,0,39
Scott,M,770866,770038,828
Scotti,F,11,0,11
Scottie,M,8965,7729,1236
Scottlyn,F,70,0,70
Scottlynn,F,5,0,5
Scotty,M,15160,15155,5
Scout,F,3565,521,3044
Seaborn,M,143,143,0
Seabron,M,5,5,0
Seaira,F,26,0,26
Seals,M,5,5,0
Seamus,M,5162,5162,0
Sean,M,422002,421032,970
Seana,F,397,0,397
Seananthony,M,5,5,0
Seandra,F,6,0,6
Seaneen,F,5,0,5
Seanmichael,M,61,61,0
Seann,M,12,12,0
Seanna,F,489,0,489
Seanpatrick,M,20,20,0
Seanpaul,M,10,10,0
Searcy,M,22,22,0
Season,F,250,0,250
Seattle,F,5,0,5
Seaver,M,5,5,0
Seavy,M,6,6,0
Sebastain,M,5,5,0
Sebastia,M,11,11,0
Sebastian,M,197713,197667,46
Sebastiana,F,26,0,26
Sebastiano,M,150,150,0
Sebastien,M,2304,2304,0
Sebastion,M,78,78,0
Sebert,M,40,40,0
Sebrena,F,63,0,63
Sebrina,F,684,0,684
Secilia,F,35,0,35
Secret,F,11,0,11
Secundino,M,82,82,0
Sedale,M,15,15,0
Sedalia,F,68,0,68
Sedgie,M,5,5,0
Sedona,F,892,0,892
Sedonia,F,188,0,188
Sedra,F,35,0,35
Sedric,M,253,253,0
Sedrick,M,1790,1790,0
See,F,261,0,261
Seeley,M,10,10,0
Seema,F,301,0,301
Seena,F,174,5,169
Seerat,F,188,0,188
Seferina,F,82,0,82
Seferino,M,649,649,0
Sefora,F,5,0,5
Segundo,M,11,11,0
Sehaj,F,175,43,132
Sehajveer,M,5,5,0
Sehar,F,7,0,7
Seher,F,16,0,16
Sehrish,F,26,0,26
Seichi,M,135,135,0
Seidy,F,63,0,63
Seif,M,10,10,0
Seiichi,M,10,10,0
Seiji,M,62,62,0
Seiki,M,5,5,0
Seikichi,M,28,28,0
Seiko,M,23,23,0
Seirra,F,73,0,73
Sejal,F,65,0,65
Sekani,M,749,717,32
Sekou,M,360,360,0
Sela,F,258,0,258
Selah,F,11218,0,11218
Selbert,M,5,5,0
Selby,M,16,16,0
Selda,F,5,0,5
Seldon,M,108,108,0
Seledonio,M,13,13,0
Seleen,F,5,0,5
Seleena,F,8,0,8
Selena,F,53124,14,53110
Selene,F,6308,0,6308
Seleni,F,13,0,13
Selenia,F,71,0,71
Selenne,F,23,0,23
Selest,F,5,0,5
Seleste,F,318,0,318
Selestino,M,31,31,0
Seleta,F,5,0,5
Selia,F,79,0,79
Selig,M,69,69,0
Selim,M,442,442,0
Selin,F,319,0,319
Selina,F,13971,0,13971
Selinda,F,10,0,10
Seline,F,85,0,85
Selma,F,17102,6,17096
Selmer,M,242,242,0
Selso,M,24,24,0
Selvin,M,432,432,0
Selwyn,M,181,181,0
Sema,F,5,0,5
Semaj,M,6485,5588,897
Semaje,M,5,5,0
Semiko,F,5,0,5
Semira,F,38,0,38
Semisi,M,16,16,0
Semiyah,F,5,0,5
Semone,F,5,0,5
Sena,F,256,0,256
Senai,M,5,5,0
Senaida,F,556,0,556
Sender,M,49,49,0
Sendi,F,10,0,10
Sendy,F,86,0,86
Seneca,M,672,542,130
Seng,M,113,93,20
Senia,F,5,0,5
Seniyah,F,5,0,5
Senna,F,184,0,184
Sennie,F,6,0,6
Senona,F,6,0,6
Senora,F,23,0,23
Senorina,F,5,0,5
Senovia,F,5,0,5
Senovio,M,6,6,0
Sensi,F,5,0,5
Senta,F,30,0,30
Sentoria,F,5,0,5
Seoni,F,5,0,5
Sephora,F,278,0,278
September,F,206,0,206
Sequan,M,56,56,0
Sequoia,F,1828,56,1772
Sequoya,F,23,0,23
Sequoyah,F,31,5,26
Sera,F,305,0,305
Serafin,M,542,542,0
Serafina,F,1581,0,1581
Serafino,M,52,52,0
Serah,F,76,0,76
Seraiah,F,25,0,25
Seraphina,F,2060,0,2060
Seraphine,F,68,0,68
Serapio,M,108,108,0
Serayah,F,93,0,93
Sereen,F,36,0,36
Sereena,F,16,0,16
Sereia,F,5,0,5
Serel,F,31,0,31
Seren,F,176,0,176
Serena,F,40266,0,40266
Serenah,F,5,0,5
Serene,F,1111,0,1111
Serenidy,F,11,0,11
Serenitee,F,6,0,6
Sereniti,F,157,0,157
Serenity,F,71486,7,71479
Serge,M,471,471,0
Sergey,M,82,82,0
Sergi,M,5,5,0
Sergio,M,78002,77807,195
Seri,F,5,0,5
Seriah,F,50,0,50
Serigne,M,21,21,0
Serina,F,3134,0,3134
Serinity,F,275,0,275
Serita,F,49,0,49
Seriyah,F,21,0,21
Serjio,M,420,420,0
Serly,F,5,0,5
Serra,F,50,0,50
Serrena,F,5,0,5
Serrina,F,17,0,17
Serrita,F,5,0,5
Servando,M,1477,1477,0
Sery,F,5,0,5
Seryna,F,17,0,17
Sesar,M,135,135,0
Setareh,F,21,0,21
Setayesh,F,16,0,16
Seth,M,160736,160699,37
Setsuko,F,263,0,263
Sevag,M,88,88,0
Sevak,M,21,21,0
Sevan,M,10,10,0
Sevana,F,31,0,31
Sevanna,F,10,0,10
Sevastian,M,122,122,0
Seven,M,2113,1832,281
Severa,F,198,0,198
Severiano,M,198,198,0
Severin,M,32,32,0
Severino,M,10,10,0
Severo,M,722,722,0
Severus,M,5,5,0
Sevilla,F,5,0,5
Sevin,M,16,16,0
Sevinch,F,5,0,5
Sevyn,F,3469,1028,2441
Sevynn,F,29,0,29
Sewall,M,5,5,0
Seward,M,29,29,0
Seydina,M,6,6,0
Seydou,M,5,5,0
Seylah,F,13,0,13
Seymore,M,7,7,0
Seymour,M,11190,11190,0
Seynabou,F,10,0,10
Sha,F,97,5,92
Shaakira,F,22,0,22
Shaan,M,1292,1292,0
Shaaron,F,10,0,10
Shaasia,F,46,0,46
Shabab,M,11,11,0
Shabana,F,15,0,15
Shabazz,M,26,26,0
Shabd,M,5,5,0
Shabnam,F,109,0,109
Shabreka,F,21,0,21
Shabria,F,74,0,74
Shabsi,M,16,16,0
Shacara,F,27,0,27
Shacoria,F,20,0,20
Shad,M,2517,2517,0
Shada,F,84,0,84
Shadae,F,279,0,279
Shadai,F,33,0,33
Shadasia,F,11,0,11
Shaday,F,65,0,65
Shadaya,F,33,0,33
Shaddai,F,18,0,18
Shade,F,251,48,203
Shadee,M,21,21,0
Shadeed,M,21,21,0
Shaden,F,17,0,17
Shadestiny,F,5,0,5
Shadi,M,128,99,29
Shadia,F,71,0,71
Shadiamond,F,49,0,49
Shadman,M,65,65,0
Shadonna,F,39,0,39
Shadow,F,6,0,6
Shadrach,M,16,16,0
Shadrick,M,20,20,0
Shady,F,14,0,14
Shae,F,3105,206,2899
Shaela,F,90,0,90
Shaelee,F,21,0,21
Shaelyn,F,1537,0,1537
Shaelynn,F,361,0,361
Shaena,F,21,0,21
Shafin,M,10,10,0
Shaft,M,17,17,0
Shafter,M,5,5,0
Shaguana,F,18,0,18
Shah,M,28,28,0
Shahab,M,5,5,0
Shahad,F,5,0,5
Shahadah,F,5,0,5
Shahan,M,21,21,0
Shahd,F,170,0,170
Shaheed,M,385,385,0
Shaheedah,F,5,0,5
Shaheem,M,220,220,0
Shaheen,M,71,65,6
Shaheer,M,25,25,0
Shaheerah,F,6,0,6
Shaheim,M,33,33,0
Shahid,M,105,105,0
Shahida,F,5,0,5
Shahidah,F,35,0,35
Shahin,M,65,65,0
Shahina,F,10,0,10
Shahmeer,M,5,5,0
Shahrukh,M,5,5,0
Shahrzad,F,6,0,6
Shahzaib,M,12,12,0
Shahzain,M,36,36,0
Shahzoda,F,5,0,5
Shai,U,1418,998,420
Shaiann,F,28,0,28
Shaianne,F,43,0,43
Shaila,F,1489,0,1489
Shailee,F,25,0,25
Shailen,M,5,5,0
Shailene,F,5,0,5
Shaily,F,5,0,5
Shailyn,F,47,0,47
Shaima,F,27,0,27
Shain,M,76,76,0
Shaina,F,9753,0,9753
Shaindel,F,668,0,668
Shaindy,F,2043,0,2043
Shaine,M,41,41,0
Shaiquan,M,5,5,0
Shaira,F,41,0,41
Shajuana,F,5,0,5
Shaka,M,130,130,0
Shakai,M,5,5,0
Shakara,F,126,0,126
Shakari,F,32,0,32
Shakayla,F,791,0,791
Shakeal,M,5,5,0
Shakeeka,F,5,0,5
Shakeel,M,51,51,0
Shakeela,F,20,0,20
Shakeem,M,277,277,0
Shakeema,F,363,0,363
Shakeemah,F,11,0,11
Shakeena,F,134,0,134
Shakeera,F,22,0,22
Shakeerah,F,52,0,52
Shakeeta,F,5,0,5
Shakeia,F,40,0,40
Shakeil,M,5,5,0
Shakeila,F,10,0,10
Shakeira,F,51,0,51
Shakeitha,F,11,0,11
Shakela,F,67,0,67
Shakelia,F,17,0,17
Shakema,F,194,0,194
Shakena,F,49,0,49
Shakendra,F,29,0,29
Shakenya,F,10,0,10
Shakera,F,626,0,626
Shakeria,F,466,0,466
Shakerra,F,5,0,5
Shakerria,F,19,0,19
Shaketa,F,37,0,37
Shakevia,F,5,0,5
Shakeya,F,208,0,208
Shakeyla,F,17,0,17
Shakeyra,F,5,0,5
Shakia,F,1318,0,1318
Shakiara,F,7,0,7
Shakiem,M,5,5,0
Shakiera,F,30,0,30
Shakil,M,14,14,0
Shakila,F,77,0,77
Shakim,M,186,186,0
Shakima,F,325,0,325
Shakina,F,130,0,130
Shakir,M,289,289,0
Shakira,F,6367,0,6367
Shakirah,F,265,0,265
Shakisha,F,31,0,31
Shakita,F,514,0,514
Shakiya,F,73,0,73
Shakiyah,F,5,0,5
Shakiyla,F,228,0,228
Shakthi,F,5,0,5
Shakti,F,17,0,17
Shakur,M,581,581,0
Shakyla,F,5,0,5
Shakyra,F,281,0,281
Shala,F,387,0,387
Shalamar,F,10,0,10
Shalana,F,21,0,21
Shalanda,F,726,0,726
Shalandra,F,10,0,10
Shalane,F,26,0,26
Shalawn,F,44,0,44
Shalayne,F,5,0,5
Shalee,F,138,0,138
Shaleek,M,5,5,0
Shaleen,F,60,0,60
Shaleena,F,5,0,5
Shaleigh,F,6,0,6
Shalena,F,70,0,70
Shalene,F,111,0,111
Shalese,F,16,0,16
Shaletha,F,5,0,5
Shaley,F,21,0,21
Shalia,F,5,0,5
Shalik,M,20,20,0
Shalim,M,5,5,0
Shalimar,F,75,0,75
Shalina,F,62,0,62
Shalini,F,134,0,134
Shalisa,F,68,0,68
Shalise,F,23,0,23
Shalita,F,15,0,15
Shaliyah,F,96,0,96
Shalom,M,1458,1339,119
Shalon,F,264,0,264
Shalonda,F,3412,0,3412
Shalva,F,5,0,5
Shalyn,F,375,0,375
Shalynn,F,184,0,184
Sham,F,5,0,5
Shama,F,10,0,10
Shamaine,F,6,0,6
Shamal,M,5,5,0
Shamar,M,4383,4383,0
Shamara,F,332,0,332
Shamari,F,386,154,232
Shamaria,F,54,0,54
Shamarion,M,13,13,0
Shamaya,F,122,0,122
Shambria,F,15,0,15
Shambrica,F,11,0,11
Shamea,F,10,0,10
Shameca,F,10,0,10
Shamecca,F,130,0,130
Shameek,M,134,134,0
Shameeka,F,463,0,463
Shameen,F,6,0,6
Shameer,M,5,5,0
Shameika,F,215,0,215
Shameka,F,5270,0,5270
Shamekia,F,411,0,411
Shamel,M,733,717,16
Shamell,M,60,60,0
Shameria,F,5,0,5
Shametria,F,5,0,5
Shamia,F,342,0,342
Shamiah,F,38,0,38
Shamica,F,85,0,85
Shamieka,F,10,0,10
Shamika,F,4056,0,4056
Shamila,F,5,0,5
Shamina,F,10,0,10
Shamir,M,621,621,0
Shamira,F,400,0,400
Shamiracle,F,12,0,12
Shamirah,F,25,0,25
Shamiya,F,422,0,422
Shamiyah,F,122,0,122
Shammond,M,17,17,0
Shamon,M,33,33,0
Shamond,M,5,5,0
Shamonica,F,37,0,37
Shamra,F,5,0,5
Shams,F,17,0,17
Shamus,M,324,324,0
Shamya,F,1320,0,1320
Shamyah,F,5,0,5
Shamyia,F,5,0,5
Shamyra,F,56,0,56
Shan,M,494,419,75
Shana,F,26952,0,26952
Shanae,F,1968,0,1968
Shanah,F,5,0,5
Shanai,F,10,0,10
Shanan,F,63,0,63
Shanard,M,6,6,0
Shanasia,F,38,0,38
Shanautica,F,25,0,25
Shanavia,F,44,0,44
Shanay,F,679,0,679
Shanaya,F,1732,0,1732
Shanda,F,5623,0,5623
Shandale,F,5,0,5
Shandee,F,10,0,10
Shandel,F,11,0,11
Shandell,F,26,0,26
Shandi,F,411,0,411
Shandiin,F,50,0,50
Shandon,M,43,43,0
Shandra,F,1123,0,1123
Shandrea,F,21,0,21
Shandreka,F,54,0,54
Shandrell,F,7,0,7
Shandria,F,5,0,5
Shandricka,F,10,0,10
Shandrika,F,39,0,39
Shandy,F,40,0,40
Shane,M,191523,190296,1227
Shanea,F,211,0,211
Shanece,F,15,0,15
Shanee,F,578,0,578
Shaneeka,F,77,0,77
Shaneen,F,26,0,26
Shaneequa,F,44,0,44
Shaneice,F,81,0,81
Shaneika,F,55,0,55
Shaneka,F,1779,0,1779
Shanekia,F,10,0,10
Shanekqua,F,5,0,5
Shanel,F,842,0,842
Shanell,F,2609,0,2609
Shanelle,F,2332,0,2332
Shanequa,F,1293,0,1293
Shaneque,F,5,0,5
Shanequia,F,11,0,11
Shanese,F,102,0,102
Shanesha,F,5,0,5
Shanetra,F,5,0,5
Shanetta,F,190,0,190
Shanette,F,111,0,111
Shaney,F,12,0,12
Shani,F,2298,0,2298
Shania,F,13859,0,13859
Shaniah,F,890,0,890
Shanica,F,15,0,15
Shanice,F,8189,0,8189
Shanie,F,16,0,16
Shaniece,F,923,0,923
Shanieka,F,12,0,12
Shanigua,F,10,0,10
Shanik,F,40,0,40
Shanika,F,4531,0,4531
Shanikqua,F,22,0,22
Shanin,F,22,0,22
Shaniqua,F,4266,0,4266
Shaniquah,F,27,0,27
Shanique,F,906,0,906
Shaniquia,F,6,0,6
Shanise,F,470,0,470
Shanisha,F,16,0,16
Shanita,F,2279,0,2279
Shanitra,F,11,0,11
Shaniya,F,5443,0,5443
Shaniyah,F,2117,0,2117
Shanley,F,5,0,5
Shann,M,11,11,0
Shanna,F,25490,0,25490
Shannah,F,97,0,97
Shannan,F,2923,5,2918
Shannara,F,5,0,5
Shannel,F,317,0,317
Shannell,F,17,0,17
Shannen,F,694,5,689
Shannon,F,341195,48233,292962
Shannyn,F,10,0,10
Shanon,F,2982,392,2590
Shanreka,F,13,0,13
Shant,M,561,561,0
Shanta,F,3804,0,3804
Shantae,F,419,0,419
Shantai,F,6,0,6
Shantal,F,629,0,629
Shantall,F,5,0,5
Shantanique,F,28,0,28
Shantasia,F,43,0,43
Shantavia,F,276,0,276
Shantavious,F,11,0,11
Shantay,F,254,0,254
Shante,F,4231,0,4231
Shantee,F,21,0,21
Shantel,F,7687,0,7687
Shantell,F,2885,0,2885
Shantelle,F,860,0,860
Shanteria,F,416,0,416
Shanterica,F,5,0,5
Shanterria,F,100,0,100
Shanti,F,529,26,503
Shantia,F,287,0,287
Shantice,F,5,0,5
Shantika,F,5,0,5
Shantina,F,5,0,5
Shantinique,F,68,0,68
Shantique,F,9,0,9
Shanton,M,5,5,0
Shantoria,F,101,0,101
Shantrel,F,10,0,10
Shantrell,F,226,0,226
Shantrelle,F,6,0,6
Shantrice,F,48,0,48
Shanty,F,7,0,7
Shanvi,F,76,0,76
Shanvika,F,5,0,5
Shany,F,5,0,5
Shanya,F,1143,0,1143
Shanyah,F,56,0,56
Shanyce,F,6,0,6
Shanygne,F,9,0,9
Shanyia,F,40,0,40
Shanyla,F,16,0,16
Shanyn,F,10,0,10
Shanzay,F,10,0,10
Shaquala,F,37,0,37
Shaquan,M,1469,1380,89
Shaquana,F,1555,0,1555
Shaquanda,F,203,0,203
Shaquandra,F,5,0,5
Shaquanna,F,428,0,428
Shaquanta,F,5,0,5
Shaquasha,F,19,0,19
Shaquasia,F,134,0,134
Shaquaya,F,19,0,19
Shaqueen,F,5,0,5
Shaqueena,F,59,0,59
Shaquel,M,6,6,0
Shaquell,M,7,7,0
Shaquelle,M,11,11,0
Shaquetta,F,66,0,66
Shaquia,F,10,0,10
Shaquil,M,47,47,0
Shaquila,F,36,0,36
Shaquile,M,10,10,0
Shaquill,M,57,57,0
Shaquilla,F,147,0,147
Shaquille,M,4891,4721,170
Shaquinta,F,6,0,6
Shaquira,F,13,0,13
Shaquita,F,1539,0,1539
Shaquitta,F,15,0,15
Shaquna,F,5,0,5
Shaquoia,F,5,0,5
Shaquon,M,5,5,0
Shara,F,2111,0,2111
Sharae,F,261,0,261
Sharah,F,5,0,5
Sharai,F,61,0,61
Sharaine,F,5,0,5
Sharalyn,F,20,0,20
Sharan,F,159,0,159
Sharanda,F,15,0,15
Sharanya,F,39,0,39
Sharay,F,68,0,68
Sharaya,F,28,0,28
Sharayah,F,117,0,117
Sharbel,M,12,12,0
Sharda,F,198,0,198
Shardae,F,649,0,649
Shardai,F,16,0,16
Sharday,F,276,0,276
Sharde,F,431,0,431
Sharece,F,5,0,5
Sharee,F,1562,0,1562
Shareef,M,341,341,0
Shareefah,F,6,0,6
Shareen,F,185,0,185
Shareena,F,10,0,10
Shareese,F,52,0,52
Shareka,F,276,0,276
Sharell,F,294,0,294
Sharelle,F,55,0,55
Sharema,F,6,0,6
Sharen,F,1936,0,1936
Sharena,F,43,0,43
Sharene,F,28,0,28
Sharese,F,137,0,137
Sharhonda,F,386,0,386
Shari,F,37901,0,37901
Sharia,F,10,0,10
Shariah,F,96,0,96
Sharice,F,334,0,334
Sharie,F,281,0,281
Sharief,M,11,11,0
Sharif,M,1511,1511,0
Sharifa,F,132,0,132
Shariff,M,227,227,0
Sharika,F,490,0,490
Sharilyn,F,317,0,317
Sharima,F,6,0,6
Sharin,F,5,0,5
Sharina,F,262,0,262
Sharine,F,5,0,5
Sharion,F,160,0,160
Shariq,M,5,5,0
Sharise,F,102,0,102
Sharissa,F,11,0,11
Sharisse,F,130,0,130
Sharita,F,1306,0,1306
Shariya,F,20,0,20
Shariyah,F,27,0,27
Shariyf,M,5,5,0
Sharla,F,3333,0,3333
Sharlee,F,11,0,11
Sharleen,F,724,0,724
Sharlene,F,8244,0,8244
Sharlet,F,20,0,20
Sharlette,F,5,0,5
Sharli,F,5,0,5
Sharlize,F,15,0,15
Sharlotte,F,84,0,84
Sharlyn,F,179,0,179
Sharma,F,17,0,17
Sharmaine,F,330,0,330
Sharman,F,300,0,300
Sharmarke,M,5,5,0
Sharmila,F,5,0,5
Sharmin,F,20,0,20
Sharmon,F,26,0,26
Sharnae,F,30,0,30
Sharnay,F,5,0,5
Sharnell,F,16,0,16
Sharnice,F,81,0,81
Sharnise,F,5,0,5
Sharnita,F,15,0,15
Sharod,M,274,274,0
Sharol,F,93,0,93
Sharolyn,F,185,0,185
Sharon,F,720630,589,720041
Sharona,F,88,0,88
Sharonda,F,4588,0,4588
Sharone,F,45,5,40
Sharonica,F,6,0,6
Sharoya,F,5,0,5
Sharra,F,15,0,15
Sharrell,F,10,0,10
Sharri,F,201,0,201
Sharrie,F,41,0,41
Sharrieff,M,5,5,0
Sharrod,M,10,10,0
Sharron,F,14079,5,14074
Sharry,F,34,0,34
Sharvae,F,5,0,5
Sharvi,F,10,0,10
Sharvil,M,38,38,0
Sharvin,M,6,6,0
Sharyl,F,1081,0,1081
Sharyn,F,5238,0,5238
Shashank,M,47,47,0
Shasta,F,2282,0,2282
Shastelyn,F,11,0,11
Shastina,F,10,0,10
Shatara,F,701,0,701
Shatasha,F,6,0,6
Shatasia,F,13,0,13
Shatavia,F,193,0,193
Shataya,F,12,0,12
Shateek,M,30,30,0
Shateema,F,5,0,5
Shatema,F,6,0,6
Shatera,F,5,0,5
Shateria,F,23,0,23
Shaterica,F,11,0,11
Shaterra,F,13,0,13
Shaterria,F,5,0,5
Shaterrica,F,28,0,28
Shatha,F,5,0,5
Shatia,F,117,0,117
Shatiek,M,5,5,0
Shatika,F,11,0,11
Shatima,F,71,0,71
Shatina,F,38,0,38
Shatiqua,F,18,0,18
Shatique,M,6,6,0
Shatira,F,5,0,5
Shatisha,F,39,0,39
Shatoria,F,83,0,83
Shatoya,F,240,0,240
Shaughn,M,5,5,0
Shaul,M,403,403,0
Shaun,M,68522,67508,1014
Shauna,F,25043,0,25043
Shaunak,M,27,27,0
Shaunda,F,431,0,431
Shaundra,F,137,0,137
Shaune,F,10,5,5
Shauni,F,18,0,18
Shaunice,F,94,0,94
Shaunna,F,1034,0,1034
Shaunt,M,19,19,0
Shaunta,F,356,0,356
Shauntae,F,56,0,56
Shauntal,F,5,0,5
Shauntavia,F,11,0,11
Shauntay,F,27,0,27
Shaunte,F,676,6,670
Shauntel,F,89,0,89
Shauntell,F,13,0,13
Shauntia,F,5,0,5
Shaunya,F,23,0,23
Shaurya,M,794,794,0
Shavar,M,46,46,0
Shavaughn,F,5,0,5
Shavaun,F,5,0,5
Shavon,F,2446,21,2425
Shavona,F,15,0,15
Shavonda,F,310,0,310
Shavone,F,79,0,79
Shavonn,F,15,0,15
Shavonna,F,97,0,97
Shavonne,F,1602,0,1602
Shavontae,F,5,0,5
Shavonte,F,15,0,15
Shavy,F,67,0,67
Shaw,M,31,31,0
Shawan,F,17,0,17
Shawana,F,864,0,864
Shawanda,F,1938,0,1938
Shawanna,F,557,0,557
Shawn,M,334781,304464,30317
Shawna,F,43025,0,43025
Shawnda,F,982,0,982
Shawndale,M,6,6,0
Shawndee,F,5,0,5
Shawndell,U,28,21,7
Shawndra,F,44,0,44
Shawne,F,114,0,114
Shawnee,F,1495,5,1490
Shawneen,F,7,0,7
Shawneequa,F,12,0,12
Shawnetta,F,5,0,5
Shawnette,F,91,0,91
Shawnice,F,53,0,53
Shawnie,F,36,0,36
Shawniece,F,5,0,5
Shawnn,M,5,5,0
Shawnna,F,989,0,989
Shawnta,F,748,5,743
Shawntae,F,105,0,105
Shawntavia,F,28,0,28
Shawntay,F,85,0,85
Shawnte,F,559,0,559
Shawntee,F,19,0,19
Shawntel,F,134,0,134
Shawntell,F,23,0,23
Shawntez,M,11,11,0
Shawntia,F,6,0,6
Shawon,M,11,11,0
Shay,F,6072,1903,4169
Shaya,M,1495,1297,198
Shayaan,M,256,256,0
Shayal,F,9,0,9
Shayan,M,1196,1196,0
Shayanne,F,6,0,6
Shayda,F,40,0,40
Shayden,M,206,206,0
Shaydon,M,5,5,0
Shaye,F,550,140,410
Shayla,F,28503,6,28497
Shaylah,F,92,0,92
Shaylea,F,6,0,6
Shaylee,F,4947,0,4947
Shayleen,F,27,0,27
Shayleigh,F,25,0,25
Shaylen,F,5,0,5
Shaylene,F,146,0,146
Shayli,F,6,0,6
Shaylie,F,75,0,75
Shaylin,F,346,0,346
Shaylyn,F,384,0,384
Shaylynn,F,521,0,521
Shayma,F,10,0,10
Shayn,M,12,12,0
Shayna,F,13446,0,13446
Shayne,M,7540,6828,712
Shayquan,M,11,11,0
Shayra,F,5,0,5
Shazia,F,36,0,36
Shea,F,14021,5097,8924
Shealyn,F,157,0,157
Shealynn,F,25,0,25
Sheamus,M,21,21,0
Shean,M,5,5,0
Sheana,F,54,0,54
Shearon,F,5,0,5
Sheba,F,172,0,172
Sheccid,F,178,0,178
Sheddrick,M,16,16,0
Shedrick,M,927,927,0
Sheeba,F,5,0,5
Sheela,F,48,0,48
Sheena,F,19528,0,19528
Sheetal,F,17,0,17
Sheeva,F,5,0,5
Shefali,F,23,0,23
Shehbaaz,M,7,7,0
Shehzad,M,7,7,0
Sheida,F,5,0,5
Sheikh,M,112,112,0
Sheila,F,235363,23,235340
Sheilah,F,603,0,603
Sheilla,F,5,0,5
Sheily,F,146,0,146
Sheina,F,63,0,63
Sheindel,F,31,0,31
Sheindy,F,41,0,41
Shekia,F,5,0,5
Shekina,F,5,0,5
Shekinah,F,615,0,615
Shekita,F,32,0,32
Shela,F,117,0,117
Shelagh,F,34,0,34
Shelba,F,1311,0,1311
Shelbee,F,63,0,63
Shelbey,F,202,0,202
Shelbi,F,3675,0,3675
Shelbia,F,14,0,14
Shelbie,F,3390,0,3390
Shelby,F,156928,11442,145486
Shelda,F,10,0,10
Sheldon,M,30740,30740,0
Shelena,F,10,0,10
Shelene,F,10,0,10
Sheli,F,54,0,54
Shelia,F,44848,0,44848
Sheliah,F,49,0,49
Shelina,F,5,0,5
Shelisa,F,5,0,5
Shelita,F,403,0,403
Shella,F,54,0,54
Shellby,F,30,0,30
Shelle,F,34,0,34
Shellee,F,126,0,126
Shelley,F,69994,115,69879
Shelli,F,4861,0,4861
Shellia,F,11,0,11
Shellie,F,6849,94,6755
Shellsea,F,15,0,15
Shelly,F,81964,298,81666
Shellyann,F,5,0,5
Shellye,F,11,0,11
Shelonda,F,16,0,16
Shelsea,F,158,0,158
Shelsey,F,21,0,21
Shelsy,F,126,0,126
Shelton,M,7720,7720,0
Shelva,F,608,0,608
Shelvey,F,5,0,5
Shelvia,F,152,0,152
Shelvie,F,85,0,85
Shelvy,F,74,0,74
Shem,M,30,30,0
Shemar,M,1485,1485,0
Shemeeka,F,10,0,10
Shemeika,F,10,0,10
Shemeka,F,917,0,917
Shemekia,F,44,0,44
Shemica,F,10,0,10
Shemika,F,746,0,746
Shena,F,827,0,827
Shenae,F,16,0,16
Shenandoah,F,10,0,10
Shenee,F,13,0,13
Sheneka,F,216,0,216
Shenell,F,22,0,22
Shenelle,F,14,0,14
Shenequa,F,111,0,111
Sheng,F,220,0,220
Sheni,F,7,0,7
Shenika,F,1093,0,1093
Sheniqua,F,264,0,264
Shenique,F,12,0,12
Shenise,F,16,0,16
Shenita,F,474,0,474
Shenna,F,363,0,363
Shenouda,M,22,22,0
Shep,M,12,12,0
Shepard,M,1586,1586,0
Shepherd,M,3943,3943,0
Sheppard,M,36,36,0
Shequila,F,21,0,21
Shequita,F,220,0,220
Sher,M,27,27,0
Shera,F,307,0,307
Sherah,F,5,0,5
Sheral,F,5,0,5
Sheralyn,F,10,0,10
Sheran,F,48,0,48
Sherard,M,16,16,0
Sherece,F,10,0,10
Sheree,F,10828,0,10828
Shereen,F,413,0,413
Shereka,F,87,0,87
Sherell,F,294,0,294
Sherelle,F,137,0,137
Sherena,F,49,0,49
Sherene,F,74,0,74
Sherese,F,180,0,180
Sheretta,F,14,0,14
Sheri,F,58166,0,58166
Sheria,F,34,0,34
Sherian,F,160,0,160
Sherica,F,91,0,91
Sherice,F,406,0,406
Shericka,F,11,0,11
Sherida,F,68,0,68
Sheridan,F,2849,285,2564
Sherie,F,2328,0,2328
Sherif,M,28,28,0
Sherika,F,1191,0,1191
Sheril,F,64,0,64
Sherill,F,86,0,86
Sherilyn,F,1355,0,1355
Sherilynn,F,5,0,5
Sherin,F,11,0,11
Sherina,F,58,0,58
Sherine,F,36,0,36
Sherion,F,5,0,5
Sherise,F,206,0,206
Sherisse,F,11,0,11
Sherita,F,2653,0,2653
Sherl,F,5,0,5
Sherlene,F,59,0,59
Sherley,F,137,0,137
Sherlin,F,363,0,363
Sherline,F,32,0,32
Sherlita,F,7,0,7
Sherlonda,F,6,0,6
Sherly,F,249,0,249
Sherlyn,F,6421,0,6421
Sherlyne,F,24,0,24
Sherlynn,F,5,0,5
Sherma,F,10,0,10
Sherman,M,32535,32535,0
Sherod,M,32,32,0
Sherolyn,F,5,0,5
Sheron,F,1424,13,1411
Sheronda,F,471,0,471
Sheronica,F,5,0,5
Sherra,F,36,0,36
Sherral,F,5,0,5
Sherran,F,6,0,6
Sherre,F,54,0,54
Sherree,F,482,0,482
Sherrel,F,28,0,28
Sherrell,F,668,0,668
Sherri,F,81491,0,81491
Sherria,F,10,0,10
Sherrian,F,12,0,12
Sherrica,F,5,0,5
Sherrice,F,21,0,21
Sherrick,M,23,23,0
Sherrie,F,32366,0,32366
Sherrika,F,10,0,10
Sherril,F,296,0,296
Sherrill,F,4894,605,4289
Sherrilyn,F,49,0,49
Sherrilynn,F,5,0,5
Sherrin,F,5,0,5
Sherrina,F,5,0,5
Sherrise,F,5,0,5
Sherrita,F,10,0,10
Sherrod,M,398,398,0
Sherron,F,1073,21,1052
Sherry,F,227088,16,227072
Sherrye,F,137,0,137
Sherryl,F,2222,0,2222
Shervin,M,29,29,0
Sherwin,M,1116,1116,0
Sherwood,M,2488,2488,0
Sheryl,F,76271,0,76271
Sheryle,F,164,0,164
Sheryll,F,347,0,347
Sheryn,F,35,0,35
Shetara,F,23,0,23
Sheva,F,90,0,90
Shevawn,F,7,0,7
Shevon,F,59,0,59
Shevonne,F,33,0,33
Shevy,F,125,0,125
Shewanda,F,15,0,15
Sheya,M,15,15,0
Sheyanne,F,71,0,71
Sheyenne,F,306,0,306
Sheyla,F,2762,0,2762
Sheyli,F,6,0,6
Sheylin,F,5,0,5
Sheyna,F,5,0,5
Sheza,F,5,0,5
Shi,F,6,0,6
Shia,M,1541,1304,237
Shian,F,46,5,41
Shiana,F,6,0,6
Shiane,F,30,0,30
Shiann,F,716,0,716
Shianna,F,89,0,89
Shianne,F,2106,0,2106
Shiela,F,1727,0,1727
Shields,M,5,5,0
Shifa,F,11,0,11
Shiffy,F,42,0,42
Shifra,F,1189,0,1189
Shig,M,5,5,0
Shigeki,M,10,10,0
Shigeko,F,238,0,238
Shigeno,F,6,0,6
Shigeo,M,337,337,0
Shigeru,M,481,481,0
Shigeto,M,27,27,0
Shiheem,M,5,5,0
Shila,F,36,0,36
Shilah,F,83,0,83
Shilat,F,5,0,5
Shilo,F,388,88,300
Shiloh,F,15139,4782,10357
Shilpa,F,61,0,61
Shilynn,F,5,0,5
Shima,F,5,0,5
Shimmy,M,13,13,0
Shimon,M,4410,4410,0
Shimshon,M,195,195,0
Shin,M,5,5,0
Shina,F,6,0,6
Shindana,F,5,0,5
Shine,U,33,23,10
Shinichi,M,66,66,0
Shinika,F,5,0,5
Shinita,F,5,0,5
Shiori,F,5,0,5
Shiquan,M,5,5,0
Shiquita,F,58,0,58
Shir,F,11,0,11
Shira,F,3667,0,3667
Shirah,F,10,0,10
Shiran,F,6,0,6
Shiree,F,53,0,53
Shireen,F,279,0,279
Shirel,F,78,0,78
Shirell,F,12,0,12
Shirelle,F,84,0,84
Shiri,F,5,0,5
Shirin,F,164,0,164
Shirl,F,502,52,450
Shirlean,F,22,0,22
Shirlee,F,3371,0,3371
Shirleen,F,196,0,196
Shirlene,F,2310,0,2310
Shirley,F,687157,6422,680735
Shirleyann,F,45,0,45
Shirleymae,F,5,0,5
Shirlie,F,110,0,110
Shirly,F,5,0,5
Shirlyn,F,5,0,5
Shirlynn,F,5,0,5
Shiro,M,107,107,0
Shiv,M,1048,1048,0
Shiva,U,91,61,30
Shivaan,M,25,25,0
Shivaansh,M,5,5,0
Shivaay,M,29,29,0
Shivali,F,5,0,5
Shivam,M,688,688,0
Shivangi,F,10,0,10
Shivani,F,1542,0,1542
Shivansh,M,501,501,0
Shivanya,F,5,0,5
Shivay,M,10,10,0
Shiven,M,85,85,0
Shivin,M,10,10,0
Shivon,F,5,0,5
Shivonne,F,14,0,14
Shiya,M,37,37,0
Shizu,F,16,0,16
Shizue,F,519,0,519
Shizuka,F,6,0,6
Shizuko,F,527,0,527
Shizuo,M,86,86,0
Shizuye,F,50,0,50
Shizuyo,F,5,0,5
Shjon,M,27,27,0
Shley,F,7,0,7
Shloima,M,69,69,0
Shloime,M,417,417,0
Shloimy,M,302,302,0
Shlok,M,374,374,0
Shloka,F,72,0,72
Shloma,M,381,381,0
Shlome,M,437,437,0
Shlomie,M,124,124,0
Shlomo,M,4483,4483,0
Shlomy,M,31,31,0
Shmeil,M,31,31,0
Shmiel,M,587,587,0
Shmuel,M,4683,4683,0
Shneor,M,5,5,0
Shneur,M,259,259,0
Sho,M,83,83,0
Shoaib,M,16,16,0
Shogo,M,10,10,0
Shohei,M,5,5,0
Shohjahon,M,6,6,0
Shoichi,M,59,59,0
Shoji,M,87,87,0
Sholanda,F,12,0,12
Sholem,M,35,35,0
Sholom,M,966,966,0
Shomari,M,306,289,17
Shon,M,2502,2502,0
Shona,F,664,0,664
Shonda,F,5864,0,5864
Shondell,F,31,18,13
Shondra,F,370,0,370
Shone,M,5,5,0
Shonn,M,16,16,0
Shonna,F,1224,0,1224
Shonnie,F,10,0,10
Shonta,F,636,0,636
Shontae,F,80,0,80
Shontavia,F,28,0,28
Shontay,F,63,0,63
Shonte,F,212,10,202
Shontel,F,61,0,61
Shontell,F,68,0,68
Shonteria,F,6,0,6
Shonterria,F,5,0,5
Shontrell,F,6,0,6
Shooter,M,21,21,0
Shoshana,F,3743,0,3743
Shoshanna,F,22,0,22
Shoshannah,F,5,0,5
Shoso,M,6,6,0
Shota,M,20,20,0
Shoua,F,157,15,142
Shouana,F,6,0,6
Shourya,M,112,112,0
Shozo,M,5,5,0
Shraddha,F,10,0,10
Shraga,M,493,493,0
Shrage,M,6,6,0
Shravan,M,30,30,0
Shravya,F,6,0,6
Shree,F,48,0,48
Shreeya,F,82,0,82
Shresta,F,5,0,5
Shrey,M,145,145,0
Shreya,F,3752,0,3752
Shreyan,M,126,126,0
Shreyansh,M,41,41,0
Shreyas,M,578,578,0
Shrihaan,M,5,5,0
Shrihan,M,11,11,0
Shrinika,F,42,0,42
Shriya,F,1001,0,1001
Shriyan,M,84,84,0
Shriyans,M,6,6,0
Shronda,F,39,0,39
Shruthi,F,71,0,71
Shruti,F,304,0,304
Shterna,F,84,0,84
Shu,M,6,6,0
Shua,M,5,5,0
Shuaib,M,5,5,0
Shuban,M,5,5,0
Shubh,M,35,35,0
Shubham,M,16,16,0
Shubhdeep,M,8,8,0
Shue,M,5,5,0
Shuford,M,13,13,0
Shuichi,M,5,5,0
Shukrona,F,8,0,8
Shulamis,F,57,0,57
Shulamith,F,5,0,5
Shulem,M,982,982,0
Shulim,M,7,7,0
Shun,M,78,78,0
Shunda,F,102,0,102
Shundra,F,59,0,59
Shunta,F,211,0,211
Shunte,F,5,0,5
Shuntel,F,5,0,5
Shuraim,M,5,5,0
Shuronda,F,5,0,5
Shwanda,F,5,0,5
Shya,F,15,0,15
Shyam,M,66,66,0
Shyan,F,108,0,108
Shyann,F,4478,0,4478
Shyanna,F,453,0,453
Shyanne,F,7490,0,7490
Shyasia,F,40,0,40
Shyenne,F,28,0,28
Shyheed,M,5,5,0
Shyheem,M,72,72,0
Shyheim,M,463,463,0
Shyhiem,M,10,10,0
Shykeem,M,6,6,0
Shykemmia,F,7,0,7
Shyla,F,4926,0,4926
Shylah,F,411,0,411
Shylee,F,81,0,81
Shylo,F,10,5,5
Shyloh,F,35,0,35
Shymir,M,6,6,0
Shyne,M,20,20,0
Shyra,F,33,0,33
Si,F,11,0,11
Sia,F,1433,5,1428
Siah,U,31,21,10
Siahna,F,5,0,5
Siam,M,5,5,0
Sian,F,53,0,53
Siana,F,251,0,251
Siani,F,757,0,757
Sianna,F,678,0,678
Sianni,F,119,0,119
Siaosi,M,36,36,0
Siara,F,675,0,675
Siarah,F,5,0,5
Siarra,F,70,0,70
Sibel,F,5,0,5
Sible,F,5,0,5
Sibyl,F,1516,0,1516
Sibylla,F,5,0,5
Sicily,F,240,0,240
Siclali,F,5,0,5
Sid,M,391,391,0
Siddarth,M,50,50,0
Siddhant,M,141,141,0
Siddhanth,M,23,23,0
Siddharth,M,2043,2043,0
Siddhartha,M,52,52,0
Siddhi,F,17,0,17
Sidharth,M,161,161,0
Sidi,M,9,9,0
Sidnee,F,32,0,32
Sidney,M,93516,74368,19148
Sidnie,F,5,0,5
Sidra,F,442,0,442
Sidrah,F,5,0,5
Sidratul,F,25,0,25
Sieanna,F,6,0,6
Siedah,F,62,0,62
Siegfried,M,16,16,0
Siena,F,8612,0,8612
Sienna,F,33530,0,33530
Siennah,F,5,0,5
Siera,F,1010,0,1010
Sierah,F,15,0,15
Sierra,F,98182,31,98151
Sierrah,F,214,0,214
Sierria,F,6,0,6
Sifat,F,5,0,5
Sigfredo,M,54,54,0
Sigifredo,M,187,187,0
Sigismund,M,15,15,0
Sigmond,M,5,5,0
Sigmund,M,1421,1421,0
Signe,F,506,0,506
Sigourney,F,14,0,14
Sigrid,F,401,0,401
Sigurd,M,58,58,0
Sihaam,F,6,0,6
Siham,F,265,0,265
Sila,F,78,0,78
Silas,M,59974,59974,0
Silberio,M,10,10,0
Silbestre,M,5,5,0
Silbia,F,17,0,17
Siler,M,5,5,0
Silka,F,35,0,35
Silo,M,5,5,0
Silton,M,5,5,0
Silva,F,111,0,111
Silvana,F,1042,0,1042
Silvano,M,295,295,0
Silver,F,207,0,207
Silveria,F,16,0,16
Silverio,M,782,782,0
Silvester,M,104,104,0
Silvestra,F,16,0,16
Silvestre,M,1548,1548,0
Silvia,F,16326,12,16314
Silviano,M,21,21,0
Silvina,F,10,0,10
Silvino,M,49,49,0
Silvio,M,1242,1242,0
Sim,M,289,289,0
Sima,F,1175,0,1175
Simar,F,31,0,31
Simarpreet,F,5,0,5
Simcha,M,1510,1472,38
Simeon,M,4675,4675,0
Simi,F,188,0,188
Simmie,M,153,148,5
Simon,M,60370,60370,0
Simona,F,1852,0,1852
Simone,F,23031,29,23002
Simonne,F,178,0,178
Simpson,M,18,18,0
Simra,F,66,0,66
Simrah,F,33,0,33
Simran,F,1807,22,1785
Simranjit,F,12,0,12
Simrat,F,44,0,44
Simrit,F,6,0,6
Sims,M,10,10,0
Simy,F,11,0,11
Sina,U,145,108,37
Sinahi,F,17,0,17
Sinai,F,1123,10,1113
Sinan,M,49,49,0
Sincere,M,8492,8125,367
Sinclair,M,132,127,5
Sinclaire,F,6,0,6
Sindee,F,22,0,22
Sindhu,F,10,0,10
Sindi,F,65,0,65
Sindia,F,47,0,47
Sindy,F,1072,0,1072
Sinead,F,560,0,560
Sinforosa,F,5,0,5
Sinjin,M,42,42,0
Sinthia,F,40,0,40
Sintia,F,113,0,113
Siobhain,F,5,0,5
Siobhan,F,4810,0,4810
Siomara,F,202,0,202
Sion,M,68,68,0
Siona,F,46,0,46
Sione,M,996,996,0
Sipriano,M,46,46,0
Sir,M,638,638,0
Siraj,M,36,36,0
Sirat,F,7,0,7
Sire,M,820,820,0
Sireen,F,5,0,5
Siren,F,5,0,5
Sirena,F,1192,0,1192
Sirenia,F,12,0,12
Sirenity,F,5,0,5
Siri,F,630,0,630
Siria,F,50,0,50
Siris,M,5,5,0
Sirius,M,65,65,0
Sirr,M,11,11,0
Sirus,M,5,5,0
Sisira,F,5,0,5
Sissi,F,25,0,25
Sissy,F,34,0,34
Sista,F,5,0,5
Sister,F,19,0,19
Sisto,M,57,57,0
Sita,F,7,0,7
Sitara,F,136,0,136
Sitlali,F,22,0,22
Sitlaly,F,20,0,20
Sivan,F,190,11,179
Sixta,F,5,0,5
Sixto,M,730,730,0
Siya,F,1726,0,1726
Siyah,F,5,0,5
Siyona,F,67,0,67
Siyuan,M,5,5,0
Skadi,F,5,0,5
Skai,F,297,0,297
Skarlet,F,66,0,66
Skarleth,F,7,0,7
Skarlett,F,379,0,379
Skarlette,F,21,0,21
Skie,F,11,0,11
Skilar,F,6,0,6
Skip,M,475,475,0
Skipper,M,31,31,0
Sky,F,8318,1521,6797
Skye,F,21245,776,20469
Skyelar,F,28,0,28
Skyelynn,F,5,0,5
Skyla,F,11790,0,11790
Skylah,F,1516,0,1516
Skylan,F,36,5,31
Skylar,F,98369,16006,82363
Skylee,F,1148,0,1148
Skyleen,F,12,0,12
Skyleigh,F,37,0,37
Skyler,U,65063,39719,25344
Skylie,F,97,0,97
Skylin,F,133,0,133
Skyllar,F,5,0,5
Skylor,M,84,79,5
Skylyn,F,140,0,140
Skylynn,F,1652,0,1652
Skyrah,F,5,0,5
Skyy,F,641,0,641
Slade,M,2984,2984,0
Slate,M,112,112,0
Slater,M,637,632,5
Slaton,M,5,5,0
Slayde,M,28,28,0
Slayton,M,51,51,0
Sloan,F,6263,514,5749
Sloane,F,18814,6,18808
Sloka,F,5,0,5
Smantha,F,25,0,25
Smaya,F,6,0,6
Smiley,M,5,5,0
Smita,F,5,0,5
Smith,M,1622,1622,0
Smithie,F,9,0,9
Smrithi,F,5,0,5
Smriti,F,11,0,11
Sneha,F,493,0,493
Sneijder,M,10,10,0
Sneyder,M,6,6,0
Snezana,F,5,0,5
Snigdha,F,6,0,6
Snoh,F,28,0,28
Snow,F,143,0,143
Sobeida,F,5,0,5
Socorro,F,5861,116,5745
Socrates,M,50,50,0
Sofi,F,129,0,129
Sofia,F,167635,5,167630
Sofiah,F,10,0,10
Sofie,F,2749,0,2749
Sofija,F,15,0,15
Sofiya,F,302,0,302
Sofya,F,17,0,17
Soha,F,215,0,215
Sohaib,M,5,5,0
Sohail,M,26,26,0
Soham,M,412,412,0
Sohan,M,259,259,0
Sohil,M,10,10,0
Sohrab,M,5,5,0
Sohrob,M,5,5,0
Sohum,M,118,118,0
Soichi,M,5,5,0
Soila,F,520,0,520
Sokha,F,10,0,10
Sokhna,F,59,0,59
Sokhom,F,5,0,5
Sol,U,6773,4681,2092
Sola,F,5,0,5
Solai,F,5,0,5
Solana,F,1122,0,1122
Solange,F,548,0,548
Solara,F,157,0,157
Solaris,M,5,5,0
Solash,F,25,0,25
Solay,F,5,0,5
Sole,F,64,0,64
Soledad,F,2591,0,2591
Soleen,F,6,0,6
Solei,F,181,0,181
Soleia,F,40,0,40
Soleil,F,3019,0,3019
Solene,F,34,0,34
Solenn,F,11,0,11
Solenne,F,5,0,5
Soliana,F,154,0,154
Soliha,F,67,0,67
Solimar,F,52,0,52
Solina,F,5,0,5
Solita,F,15,0,15
Soliyana,F,6,0,6
Sollie,M,7,7,0
Solly,M,10,10,0
Solmaira,F,6,0,6
Solmayra,F,11,0,11
Soloman,M,86,86,0
Solomia,F,53,0,53
Solomon,M,30315,30315,0
Solon,M,29,29,0
Solstice,F,5,0,5
Solveig,F,119,0,119
Solvi,F,10,0,10
Solyana,F,5,0,5
Soma,M,5,5,0
Somalia,F,17,0,17
Somaly,F,8,0,8
Somaya,F,420,0,420
Somer,F,637,0,637
Sommer,F,3779,0,3779
Somnang,M,6,6,0
Somtochukwu,M,6,6,0
Somya,F,5,0,5
Son,M,228,223,5
Sona,F,216,0,216
Sonakshi,F,5,0,5
Sonal,F,70,0,70
Sonali,F,343,0,343
Sonam,F,117,17,100
Sonceria,F,5,0,5
Sonda,F,32,0,32
Sondi,F,6,0,6
Sondra,F,23849,0,23849
Song,F,41,0,41
Songa,F,5,0,5
Sonia,F,61533,45,61488
Sonja,F,35150,0,35150
Sonji,F,461,0,461
Sonjia,F,77,0,77
Sonna,F,11,0,11
Sonnet,F,10,0,10
Sonni,F,10,0,10
Sonnie,F,33,13,20
Sonny,M,14509,14430,79
Sonoma,F,11,0,11
Sonora,F,284,0,284
Sony,M,12,12,0
Sonya,F,61128,0,61128
Soo,F,5,0,5
Soon,F,33,0,33
Sophal,M,5,5,0
Sophana,F,10,5,5
Sophea,F,25,0,25
Sopheak,M,14,14,0
Sopheap,F,13,0,13
Sophear,F,5,0,5
Sophee,F,10,0,10
Sophi,F,39,0,39
Sophia,F,403759,46,403713
Sophiagrace,F,5,0,5
Sophiah,F,6,0,6
Sophiamarie,F,25,0,25
Sophiarose,F,14,0,14
Sophie,F,119361,6,119355
Sophonie,F,43,0,43
Sophronia,F,25,0,25
Sophy,F,28,0,28
Sophya,F,151,0,151
Sora,F,661,61,600
Sorah,F,8,0,8
Soraida,F,151,0,151
Sorangel,F,26,0,26
Soraya,F,4084,0,4084
Sorayah,F,16,0,16
Soren,M,7673,7647,26
Soriah,F,50,0,50
Sorin,M,37,37,0
Soriya,F,15,0,15
Sosaia,M,15,15,0
Sosefina,F,6,0,6
Sosha,F,8,0,8
Sossy,F,6,0,6
Sostenes,M,35,35,0
Sota,M,17,17,0
Sotero,M,263,263,0
Sotheary,F,7,0,7
Sotiria,F,5,0,5
Sotirios,M,10,10,0
Sou,M,57,57,0
Soua,F,40,5,35
Soul,F,98,38,60
Soulene,F,5,0,5
Souleymane,M,178,178,0
Souline,F,114,0,114
Soumaya,F,5,0,5
Soumya,F,17,0,17
Southern,M,6,6,0
Soveida,F,5,0,5
Sovereign,F,5,0,5
Soyini,F,5,0,5
Soyla,F,41,0,41
Sparkle,F,664,0,664
Sparrow,F,238,0,238
Special,F,31,0,31
Spence,M,30,30,0
Spencer,M,120476,117385,3091
Spenser,M,1596,1568,28
Spirit,F,37,0,37
Spiro,M,86,86,0
Spiros,M,116,116,0
Spring,F,1279,0,1279
Spruha,F,5,0,5
Spurgeon,M,244,244,0
Spyros,M,12,12,0
Sravya,F,14,0,14
Sreeja,F,5,0,5
Sreshta,F,5,0,5
Sreya,F,16,0,16
Sriansh,M,11,11,0
Srihaan,M,14,14,0
Srihan,M,57,57,0
Srija,F,6,0,6
Srikar,M,95,95,0
Srinidhi,F,74,0,74
Srinika,F,118,0,118
Sriram,M,101,101,0
Srishti,F,37,0,37
Sritha,F,5,0,5
Sriya,F,132,0,132
Sriyan,M,49,49,0
Sriyansh,M,6,6,0
Sruly,M,48,48,0
Sruthi,F,53,0,53
Stace,M,6,6,0
Stacee,F,317,0,317
Stacey,F,155869,10530,145339
Staci,F,23331,0,23331
Stacia,F,5216,0,5216
Stacie,F,36488,0,36488
Stacy,F,179145,18087,161058
Stacyann,F,6,0,6
Stacye,F,53,0,53
Stafford,M,481,481,0
Stalin,M,16,16,0
Stan,M,5209,5209,0
Stanford,M,2811,2811,0
Stanislaus,M,219,219,0
Stanislaw,M,53,53,0
Stanislawa,F,18,0,18
Stanley,M,290988,290886,102
Stanly,M,10,10,0
Stanton,M,1840,1840,0
Staphanie,F,5,0,5
Staphany,F,59,0,59
Star,F,4335,0,4335
Starasia,F,191,0,191
Starkeisha,F,5,0,5
Starkisha,F,5,0,5
Starla,F,4543,0,4543
Starlee,F,5,0,5
Starlene,F,141,0,141
Starlet,F,10,0,10
Starlett,F,16,0,16
Starlette,F,5,0,5
Starling,M,26,26,0
Starlyn,F,10,0,10
Starlynn,F,6,0,6
Starquasia,F,8,0,8
Starr,F,5416,0,5416
Starsky,M,27,27,0
Stasha,F,39,0,39
Stasia,F,736,0,736
Stassi,F,50,0,50
Statia,F,61,0,61
Stavro,M,5,5,0
Stavros,M,186,186,0
Stavroula,F,71,0,71
Stclair,M,5,5,0
Stedman,M,69,69,0
Steed,M,5,5,0
Steel,M,94,94,0
Steele,M,789,789,0
Steelie,F,22,0,22
Steely,F,7,0,7
Stefan,M,16833,16833,0
Stefani,F,4129,0,4129
Stefania,F,1087,0,1087
Stefanie,F,34161,0,34161
Stefanny,F,10,0,10
Stefano,M,1623,1623,0
Stefanos,M,21,21,0
Stefany,F,2226,0,2226
Stefen,M,35,35,0
Steffan,M,178,178,0
Steffani,F,136,0,136
Steffanie,F,724,0,724
Steffany,F,405,0,405
Steffen,M,118,118,0
Steffi,F,104,0,104
Steffie,F,224,0,224
Steffon,M,48,48,0
Stefon,M,342,342,0
Stehanie,F,5,0,5
Stella,F,167986,0,167986
Stellaluna,F,5,0,5
Stellan,M,459,459,0
Stellarose,F,11,0,11
Sten,M,5,5,0
Stepahnie,F,31,0,31
Stepan,M,20,20,0
Stepanie,F,92,0,92
Stephaie,F,5,0,5
Stephaine,F,2016,0,2016
Stephan,M,22633,22589,44
Stephane,F,251,111,140
Stephanee,F,38,0,38
Stephaney,F,5,0,5
Stephani,F,2655,0,2655
Stephania,F,1264,0,1264
Stephanie,F,742852,997,741855
Stephanieann,F,15,0,15
Stephannie,F,199,0,199
Stephanny,F,10,0,10
Stephano,M,40,40,0
Stephany,F,11054,0,11054
Stephen,M,856760,856039,721
Stepheni,F,5,0,5
Stephenie,F,2789,0,2789
Stephens,M,11,11,0
Stepheny,F,10,0,10
Stephie,F,10,0,10
Stephine,F,392,0,392
Stephnie,F,21,0,21
Stephon,M,6217,6217,0
Stephone,M,38,38,0
Stephy,F,14,0,14
Sterling,M,30853,29546,1307
Stetson,M,8742,8742,0
Stevan,M,1394,1394,0
Steve,M,235056,235006,50
Stevee,F,7,0,7
Steven,M,1289691,1287795,1896
Stevens,M,195,195,0
Stevenson,M,150,150,0
Stevi,F,293,0,293
Stevie,F,21654,9508,12146
Stevon,M,12,12,0
Steward,M,94,94,0
Stewart,M,24568,24568,0
Stiles,M,110,110,0
Stillman,M,5,5,0
Stiney,M,5,5,0
Stirling,M,12,12,0
Stiven,M,5,5,0
Stjulian,M,5,5,0
Stockton,M,714,714,0
Stokes,M,5,5,0
Stone,M,4207,4207,0
Stonewall,M,22,22,0
Stoney,M,905,898,7
Stony,M,5,5,0
Stori,F,448,0,448
Storie,F,20,0,20
Storm,U,2248,1385,863
Stormee,F,5,0,5
Stormey,F,10,0,10
Stormi,F,1862,0,1862
Stormie,F,1557,0,1557
Stormii,F,10,0,10
Stormy,F,4237,78,4159
Story,F,559,0,559
Stoy,M,5,5,0
Stpehanie,F,13,0,13
Stphanie,F,5,0,5
Stran,M,5,5,0
Stratton,M,286,286,0
Strider,M,28,28,0
Strother,M,5,5,0
Strummer,M,6,6,0
Stryder,M,108,108,0
Stryker,M,467,467,0
Stuart,M,63524,63524,0
Stuti,F,15,0,15
Styles,M,12,12,0
Su,F,5,0,5
Sua,F,11,0,11
Suad,F,7,0,7
Suann,F,16,0,16
Suanne,F,279,0,279
Subhan,M,363,363,0
Subrena,F,5,0,5
Subrina,F,87,0,87
Success,F,5,0,5
Sucely,F,5,0,5
Suda,F,5,0,5
Sudais,M,144,144,0
Sudie,F,1630,0,1630
Sue,F,137593,58,137535
Sueann,F,518,0,518
Sueanne,F,16,0,16
Suede,M,17,17,0
Sueellen,F,11,0,11
Suehay,F,6,0,6
Sueko,F,228,0,228
Sueling,F,10,0,10
Suellen,F,1558,0,1558
Suellyn,F,23,0,23
Sueno,F,12,0,12
Sueo,M,45,45,0
Suetta,F,5,0,5
Sufiyan,M,11,11,0
Sufyaan,M,5,5,0
Sufyan,M,72,72,0
Sugey,F,93,0,93
Suha,F,29,0,29
Suhaib,M,34,34,0
Suhail,M,12,12,0
Suhailah,F,24,0,24
Suhaill,F,13,0,13
Suhana,F,192,0,192
Suhani,F,346,0,346
Suhas,M,16,16,0
Suhavi,F,5,0,5
Suhayb,M,83,83,0
Suhayla,F,119,0,119
Suhaylah,F,141,0,141
Suheidy,F,5,0,5
Suhey,F,30,0,30
Suheyb,M,16,16,0
Suheyla,F,36,0,36
Sui,F,10,0,10
Sujey,F,283,0,283
Sukanya,F,20,0,20
Sukari,F,5,0,5
Sukhdeep,M,6,6,0
Sukhman,M,27,21,6
Sukhmani,F,61,0,61
Sukhpreet,F,15,0,15
Sukhraj,M,24,24,0
Suki,F,105,0,105
Sula,F,104,0,104
Sulaiman,M,630,630,0
Sulamita,F,11,0,11
Sulay,F,41,0,41
Sulayman,M,71,71,0
Suleika,F,5,0,5
Suleima,F,99,0,99
Suleiman,M,275,275,0
Sulekha,F,6,0,6
Sulema,F,1396,0,1396
Suleman,M,5,5,0
Suley,F,6,0,6
Suleyma,F,119,0,119
Suleyman,M,10,10,0
Suliman,M,10,10,0
Sullivan,M,11615,11196,419
Sully,F,133,5,128
Sulma,F,97,0,97
Sulo,M,75,75,0
Sultan,M,868,868,0
Sultana,F,5,0,5
Sumaira,F,6,0,6
Sumaiya,F,134,0,134
Sumaiyah,F,11,0,11
Sumako,F,5,0,5
Sumaya,F,1010,0,1010
Sumayah,F,84,0,84
Sumayya,F,44,0,44
Sumayyah,F,191,0,191
Sumedha,F,10,0,10
Sumeet,M,35,35,0
Sumer,F,252,0,252
Sumeya,F,30,0,30
Sumi,F,11,0,11
Sumie,F,168,0,168
Sumiko,F,401,0,401
Sumit,M,5,5,0
Sumiye,F,27,0,27
Summer,F,85728,35,85693
Summie,M,5,5,0
Summit,M,133,128,5
Sumner,M,693,693,0
Sumter,M,10,10,0
Sun,F,170,22,148
Sunao,M,20,20,0
Sundae,F,5,0,5
Sunday,F,663,0,663
Sundee,F,5,0,5
Sundeep,M,50,50,0
Sundra,F,38,0,38
Sundus,F,158,0,158
Sung,M,117,98,19
Sunil,M,236,236,0
Sunita,F,67,0,67
Sunni,F,508,0,508
Sunnie,F,462,0,462
Sunny,F,8820,1920,6900
Sunshine,F,2795,0,2795
Sunya,F,5,0,5
Suong,F,5,0,5
Supreme,M,73,73,0
Supriya,F,16,0,16
Sura,F,107,0,107
Surabhi,F,21,0,21
Surah,F,91,0,91
Suraiya,F,12,0,12
Suraj,M,282,282,0
Suraya,F,120,0,120
Suren,M,6,6,0
Surena,F,7,0,7
Suri,F,2313,0,2313
Suriah,F,10,0,10
Surie,F,80,0,80
Surina,F,40,0,40
Suriya,F,16,0,16
Suriyah,F,6,0,6
Surveen,F,8,0,8
Sury,F,1051,0,1051
Surya,M,424,403,21
Susan,F,1111112,794,1110318
Susana,F,17547,25,17522
Susann,F,1169,0,1169
Susanna,F,12622,0,12622
Susannah,F,3389,0,3389
Susanne,F,21864,0,21864
Susano,M,10,10,0
Susette,F,106,0,106
Susi,F,26,0,26
Susie,F,62631,0,62631
Sussie,F,10,0,10
Sussy,F,6,0,6
Susumu,M,288,288,0
Susy,F,340,0,340
Sutter,M,85,85,0
Sutton,F,12666,4222,8444
Suttyn,F,32,0,32
Suvi,F,5,0,5
Suz,F,5,0,5
Suzan,F,6069,0,6069
Suzana,F,280,0,280
Suzann,F,1835,0,1835
Suzanna,F,4819,0,4819
Suzannah,F,85,0,85
Suzanne,F,215513,5,215508
Suzett,F,5,0,5
Suzette,F,13421,0,13421
Suzi,F,244,0,244
Suzie,F,1312,0,1312
Suzonne,F,5,0,5
Suzy,F,1766,0,1766
Suzzane,F,6,0,6
Suzzanne,F,16,0,16
Suzzette,F,52,0,52
Svea,F,161,0,161
Sven,M,381,381,0
Svetlana,F,138,0,138
Swan,M,6,6,0
Swannie,F,81,0,81
Swanson,M,15,15,0
Swara,F,409,0,409
Swati,F,26,0,26
Swayde,M,26,26,0
Swayze,F,274,15,259
Swayzee,F,29,0,29
Swayzie,F,41,0,41
Sweetie,F,44,0,44
Swen,M,5,5,0
Sweta,F,10,0,10
Swetha,F,31,0,31
Sy,M,23,23,0
Syair,M,41,41,0
Syaire,M,240,240,0
Syann,F,17,0,17
Syanna,F,5,0,5
Syanne,F,11,0,11
Sybella,F,5,0,5
Sybil,F,14448,0,14448
Syble,F,4185,0,4185
Sybol,F,5,0,5
Syd,F,31,0,31
Sydel,F,18,0,18
Sydell,F,440,0,440
Sydelle,F,492,0,492
Sydne,F,52,0,52
Sydnee,F,6344,0,6344
Sydnei,F,56,0,56
Sydney,F,176021,3968,172053
Sydni,F,3576,0,3576
Sydnie,F,3214,0,3214
Syed,M,4453,4453,0
Syeda,F,923,0,923
Syesha,F,15,0,15
Syire,M,5,5,0
Sylar,M,190,190,0
Sylas,M,6270,6270,0
Syler,M,63,63,0
Sylia,F,6,0,6
Sylis,M,150,150,0
Syliva,F,91,0,91
Sylus,M,241,241,0
Sylva,F,10,0,10
Sylvan,M,781,781,0
Sylvana,F,82,0,82
Sylvania,F,20,0,20
Sylvester,M,36034,36020,14
Sylvestre,M,6,6,0
Sylvi,F,5,0,5
Sylvia,F,230889,17,230872
Sylvie,F,4461,0,4461
Sylvio,M,86,86,0
Sylwia,F,48,0,48
Symantha,F,29,0,29
Symere,M,43,43,0
Symir,M,152,152,0
Symone,F,2623,0,2623
Symphani,F,5,0,5
Symphony,F,1531,0,1531
Synai,F,24,0,24
Syncere,M,1873,1838,35
Syndee,F,5,0,5
Syndey,F,6,0,6
Synetta,F,6,0,6
Synia,F,57,0,57
Syniah,F,71,0,71
Synthia,F,510,0,510
Syon,M,22,22,0
Syra,F,39,0,39
Syrah,F,6,0,6
Syrai,F,6,0,6
Syre,M,102,102,0
Syreeta,F,1288,0,1288
Syrena,F,27,0,27
Syretta,F,39,0,39
Syria,F,70,0,70
Syriah,F,99,0,99
Syriana,F,105,0,105
Syrianna,F,5,0,5
Syris,M,6,6,0
Syrus,M,629,629,0
Syx,M,6,6,0
Szymon,M,221,221,0
Ta,F,5,0,5
Taaliyah,F,5,0,5
Taariq,M,22,22,0
Taavon,M,10,10,0
Tab,M,237,237,0
Tabatha,F,17363,0,17363
Tabbatha,F,42,0,42
Tabbitha,F,35,0,35
Tabby,F,5,0,5
Tabetha,F,1885,0,1885
Tabias,M,15,15,0
Tabita,F,10,0,10
Tabitha,F,56228,0,56228
Tabor,M,34,34,0
Tabytha,F,29,0,29
Tacara,F,76,0,76
Tacarra,F,35,0,35
Taccara,F,18,0,18
Tacuma,M,7,7,0
Tacy,F,10,0,10
Tad,M,3459,3459,0
Tadao,M,212,212,0
Tadarius,M,72,72,0
Tadashi,M,428,428,0
Tadayoshi,M,5,5,0
Tadd,M,135,135,0
Tadeh,M,21,21,0
Tadeo,M,3492,3492,0
Tadeusz,M,16,16,0
Tadhg,M,53,53,0
Tae,M,11,11,0
Taeden,M,5,5,0
Taegan,F,123,0,123
Taeko,F,5,0,5
Taeler,F,10,0,10
Taelor,F,774,0,774
Taelyn,F,796,0,796
Taelynn,F,469,0,469
Taequan,M,10,10,0
Taesean,M,10,10,0
Taesha,F,5,0,5
Taeshawn,M,5,5,0
Taevion,M,33,33,0
Taevon,M,31,31,0
Taeya,F,15,0,15
Tafari,M,329,329,0
Taffy,F,33,0,33
Taft,M,112,112,0
Tage,M,82,82,0
Taggart,M,88,88,0
Taha,M,1257,1257,0
Tahani,F,105,0,105
Tahari,F,5,0,5
Taheem,M,21,21,0
Taheera,F,16,0,16
Taheerah,F,39,0,39
Tahesha,F,16,0,16
Tahir,M,861,861,0
Tahira,F,306,0,306
Tahirah,F,141,0,141
Tahiri,F,5,0,5
Tahiry,F,263,0,263
Tahisha,F,93,0,93
Tahitoa,M,5,5,0
Tahj,M,2436,2436,0
Tahja,F,5,0,5
Tahjir,M,5,5,0
Tahjmir,M,5,5,0
Tahlia,F,1462,0,1462
Tahlor,F,5,0,5
Tahmid,M,135,135,0
Tahmina,F,6,0,6
Tahmir,M,69,69,0
Tahnee,F,165,0,165
Tahsin,M,17,17,0
Tai,U,1574,1155,419
Taia,F,47,0,47
Taiba,F,5,0,5
Taide,F,11,0,11
Taiden,M,74,74,0
Taiesha,F,22,0,22
Taiga,M,49,49,0
Taige,M,5,5,0
Taija,F,62,0,62
Taijah,F,17,0,17
Taika,M,19,19,0
Taiki,M,21,21,0
Tailor,F,156,0,156
Tailyn,F,98,0,98
Tailynn,F,108,0,108
Taim,M,140,140,0
Taimane,F,44,0,44
Taimi,F,17,0,17
Taimur,M,15,15,0
Taina,F,1505,0,1505
Taiquan,M,16,16,0
Taira,F,74,0,74
Tais,F,162,0,162
Taisei,M,10,10,0
Taisha,F,1438,0,1438
Taishmara,F,12,0,12
Taisley,F,5,0,5
Tait,M,58,58,0
Taitum,F,5,0,5
Taiwan,M,52,52,0
Taiya,F,80,0,80
Taiyo,M,34,34,0
Taiz,F,38,0,38
Taj,M,3360,3345,15
Taja,F,702,0,702
Tajae,F,18,0,18
Tajah,F,149,0,149
Tajana,F,5,0,5
Tajanae,F,93,0,93
Tajay,M,5,5,0
Taje,F,5,0,5
Tajh,M,125,125,0
Taji,M,22,22,0
Tajon,M,11,11,0
Tajuan,M,28,28,0
Tajuana,F,247,0,247
Takahiro,M,11,11,0
Takai,M,10,10,0
Takako,F,17,0,17
Takao,M,67,67,0
Takara,F,248,0,248
Takashi,M,435,435,0
Takayla,F,290,0,290
Takayuki,M,6,6,0
Takeem,M,17,17,0
Takeema,F,5,0,5
Takeia,F,5,0,5
Takeisha,F,202,0,202
Takeko,F,5,0,5
Takeo,M,413,413,0
Takeria,F,31,0,31
Takesha,F,280,0,280
Takeshi,M,382,382,0
Takeshia,F,21,0,21
Takeya,F,62,0,62
Takhia,F,12,0,12
Takia,F,731,0,731
Takima,F,10,0,10
Takira,F,155,0,155
Takisha,F,1233,0,1233
Takita,F,11,0,11
Takiya,F,205,0,205
Takiyah,F,595,0,595
Takoda,M,319,319,0
Takrim,M,8,8,0
Taksh,M,6,6,0
Takumi,M,79,79,0
Takuya,M,10,10,0
Takya,F,7,0,7
Takyla,F,27,0,27
Takyra,F,59,0,59
Tal,U,485,345,140
Tala,F,1648,0,1648
Talal,M,46,46,0
Talan,M,2884,2884,0
Talani,F,24,0,24
Talar,F,86,0,86
Talasia,F,10,0,10
Talaya,F,157,0,157
Talayah,F,121,0,121
Talayeh,F,6,0,6
Talaysia,F,18,0,18
Talbert,M,10,10,0
Talea,F,31,0,31
Taleah,F,980,0,980
Taleek,M,5,5,0
Taleen,F,285,0,285
Taleia,F,5,0,5
Talen,M,535,535,0
Talena,F,18,0,18
Talesha,F,10,0,10
Taleyah,F,5,0,5
Talha,M,273,273,0
Tali,F,345,0,345
Talia,F,29641,0,29641
Taliah,F,1524,0,1524
Taliana,F,5,0,5
Talib,M,82,82,0
Talibah,F,6,0,6
Talicia,F,5,0,5
Taliek,M,5,5,0
Talik,M,37,37,0
Talin,F,175,54,121
Talina,F,81,0,81
Taline,F,48,0,48
Talisa,F,458,0,458
Talise,F,15,0,15
Talisha,F,1151,0,1151
Talissa,F,9,0,9
Talitha,F,597,0,597
Taliya,F,150,0,150
Taliyah,F,7268,0,7268
Tallen,M,15,15,0
Tallie,M,5,5,0
Tallon,M,81,81,0
Tallula,F,5,0,5
Tallulah,F,2154,0,2154
Talmadge,M,3059,3059,0
Talmage,M,587,587,0
Talon,M,10043,10043,0
Talonda,F,5,0,5
Talor,F,37,0,37
Talula,F,30,0,30
Talulah,F,47,0,47
Talus,M,5,5,0
Talya,F,1046,0,1046
Talyah,F,10,0,10
Talyn,F,155,64,91
Talynn,F,45,0,45
Tam,U,425,278,147
Tama,F,229,0,229
Tamae,F,5,0,5
Tamala,F,1467,0,1467
Tamana,F,7,0,7
Tamanika,F,19,0,19
Tamanna,F,10,0,10
Tamar,F,3617,62,3555
Tamara,F,128546,6,128540
Tamarah,F,64,0,64
Tamarcus,M,47,47,0
Tamari,F,31,11,20
Tamaria,F,36,0,36
Tamarick,M,9,9,0
Tamarie,F,5,0,5
Tamarion,M,156,156,0
Tamarra,F,103,0,103
Tamasha,F,5,0,5
Tamatha,F,1974,0,1974
Tamaya,F,244,0,244
Tamber,F,5,0,5
Tamberly,F,5,0,5
Tambra,F,582,0,582
Tambria,F,7,0,7
Tameca,F,179,0,179
Tamecia,F,5,0,5
Tameeka,F,354,0,354
Tameem,M,17,17,0
Tameika,F,743,0,743
Tameisha,F,11,0,11
Tameka,F,11561,0,11561
Tamekia,F,1173,0,1173
Tamekka,F,5,0,5
Tameko,F,32,0,32
Tamel,M,27,27,0
Tamela,F,5472,0,5472
Tamer,M,122,117,5
Tamera,F,10761,0,10761
Tameria,F,50,0,50
Tamesha,F,796,0,796
Tameshia,F,70,0,70
Tami,F,35881,0,35881
Tamia,F,10781,0,10781
Tamiah,F,99,0,99
Tamica,F,1269,0,1269
Tamicka,F,27,0,27
Tamie,F,1619,0,1619
Tamieka,F,99,0,99
Tamika,F,21092,14,21078
Tamikia,F,42,0,42
Tamiko,F,2065,0,2065
Tamila,F,12,0,12
Tamim,M,151,151,0
Tamir,M,1134,1134,0
Tamira,F,400,0,400
Tamisha,F,1003,0,1003
Tamitha,F,27,0,27
Tamiya,F,663,0,663
Tamiyah,F,413,0,413
Tamla,F,15,0,15
Tamlyn,F,5,0,5
Tammara,F,741,0,741
Tammatha,F,5,0,5
Tammee,F,5,0,5
Tammera,F,336,0,336
Tammey,F,126,0,126
Tammi,F,12102,0,12102
Tammie,F,33560,0,33560
Tammika,F,5,0,5
Tammra,F,71,0,71
Tammy,F,329854,230,329624
Tammye,F,261,0,261
Tamora,F,53,0,53
Tamotsu,M,161,161,0
Tamra,F,10450,0,10450
Tamre,F,24,0,24
Tamryn,F,5,0,5
Tamsen,F,10,0,10
Tamu,F,55,0,55
Tamura,F,28,0,28
Tamy,F,47,0,47
Tamya,F,1845,0,1845
Tamyah,F,16,0,16
Tamyra,F,600,0,600
Tan,M,106,106,0
Tana,F,5082,0,5082
Tanae,F,22,0,22
Tanairi,F,88,0,88
Tanairy,F,6,0,6
Tanaisha,F,33,0,33
Tanajah,F,21,0,21
Tanasha,F,47,0,47
Tanasia,F,547,0,547
Tanav,M,16,16,0
Tanay,M,119,109,10
Tanaya,F,629,0,629
Tanda,F,5,0,5
Tandi,F,41,0,41
Tandra,F,165,0,165
Tandy,F,146,5,141
Tanea,F,26,0,26
Taneeka,F,10,0,10
Taneesha,F,34,0,34
Taneika,F,8,0,8
Taneil,F,5,0,5
Taneisha,F,865,0,865
Taneka,F,499,0,499
Tanequa,F,5,0,5
Taner,M,5,5,0
Tanesha,F,3891,0,3891
Taneshia,F,384,0,384
Taneya,F,5,0,5
Tanga,F,20,0,20
Tangala,F,5,0,5
Tangee,F,5,0,5
Tangela,F,2430,0,2430
Tangelia,F,6,0,6
Tangi,F,23,0,23
Tangie,F,137,0,137
Tani,F,149,0,149
Tania,F,25060,14,25046
Taniah,F,220,0,220
Taniela,M,14,14,0
Taniesha,F,116,0,116
Tanija,F,21,0,21
Tanijah,F,64,0,64
Tanika,F,3169,0,3169
Tanikqua,F,5,0,5
Taniqua,F,210,0,210
Tanique,F,5,0,5
Tanis,F,26,5,21
Tanish,M,122,122,0
Tanisha,F,17344,7,17337
Tanishi,F,6,0,6
Tanishia,F,32,0,32
Tanishka,F,53,0,53
Tanita,F,31,0,31
Taniya,F,3876,0,3876
Taniyah,F,3142,0,3142
Tanja,F,873,0,873
Tanji,F,14,0,14
Tanmay,M,5,5,0
Tanna,F,487,0,487
Tannaz,F,7,0,7
Tanner,M,95821,95091,730
Tannia,F,66,0,66
Tannisha,F,5,0,5
Tannor,M,5,5,0
Tannya,F,23,0,23
Tanush,M,56,56,0
Tanveer,F,12,5,7
Tanvi,F,1198,0,1198
Tanvir,M,63,63,0
Tanya,F,113794,17,113777
Tanyah,F,16,0,16
Tanyia,F,22,0,22
Tanyiah,F,5,0,5
Tanyla,F,21,0,21
Tanyon,M,5,5,0
Tanzania,F,57,0,57
Tanzie,F,5,0,5
Tao,M,27,27,0
Taos,M,6,6,0
Tapanga,F,22,0,22
Taqdeer,F,10,0,10
Taquan,M,489,489,0
Taquana,F,26,0,26
Taquanna,F,5,0,5
Taquasha,F,10,0,10
Taquasia,F,5,0,5
Taquila,F,5,0,5
Taquisha,F,15,0,15
Tara,F,173197,34,173163
Tarah,F,2611,0,2611
Taraji,F,2121,0,2121
Taralee,F,10,0,10
Taralyn,F,40,0,40
Taralynn,F,5,0,5
Taran,M,414,399,15
Taraneh,F,12,0,12
Taraoluwa,F,18,0,18
Taras,M,44,44,0
Tarek,M,693,693,0
Tarell,M,59,59,0
Taren,F,181,0,181
Tareva,F,20,0,20
Tari,F,822,0,822
Taria,F,5,0,5
Tariah,F,60,0,60
Tarick,M,5,5,0
Tarig,M,5,5,0
Tarik,M,2080,2080,0
Tarika,F,5,0,5
Tarin,F,106,7,99
Tarina,F,36,0,36
Tariq,M,4767,4767,0
Tarique,M,29,29,0
Tarita,F,21,0,21
Tariyah,F,120,0,120
Tarnisha,F,21,0,21
Taro,M,11,11,0
Taron,M,729,729,0
Tarra,F,595,0,595
Tarrah,F,158,0,158
Tarrance,M,56,56,0
Tarrell,M,48,48,0
Tarren,M,5,5,0
Tarrence,M,15,15,0
Tarri,F,5,0,5
Tarris,M,5,5,0
Tarryn,F,44,0,44
Tarsha,F,1645,0,1645
Tarshia,F,5,0,5
Tarun,M,234,234,0
Tarus,M,91,91,0
Tarvaris,M,11,11,0
Tarvis,M,45,45,0
Taryn,F,22767,16,22751
Tarynn,F,5,0,5
Taseen,M,39,39,0
Tasfia,F,46,0,46
Tasha,F,33272,0,33272
Tashae,F,12,0,12
Tashala,F,5,0,5
Tashan,M,17,17,0
Tashana,F,186,0,186
Tashanna,F,16,0,16
Tashanti,F,5,0,5
Tashara,F,237,0,237
Tashaun,M,43,43,0
Tashauna,F,37,0,37
Tashawn,M,494,483,11
Tashawna,F,144,0,144
Tashay,F,31,0,31
Tashayla,F,6,0,6
Tashea,F,5,0,5
Tasheba,F,6,0,6
Tasheem,M,56,56,0
Tasheema,F,22,0,22
Tasheen,F,11,0,11
Tasheena,F,123,0,123
Tasheka,F,16,0,16
Tashema,F,39,0,39
Tashena,F,6,0,6
Tashi,F,11,5,6
Tashia,F,759,0,759
Tashiana,F,26,0,26
Tashiem,M,6,6,0
Tashika,F,74,0,74
Tashima,F,57,0,57
Tashina,F,608,0,608
Tashira,F,6,0,6
Tashon,M,5,5,0
Tashonda,F,10,0,10
Tasia,F,2100,0,2100
Taslin,F,5,0,5
Tasmia,F,22,0,22
Tasneem,F,513,0,513
Tasnia,F,87,0,87
Tasnim,F,217,0,217
Tasrif,M,6,6,0
Tatanisha,F,167,0,167
Tatayana,F,5,0,5
Tate,M,21271,21101,170
Tatem,F,5,0,5
Taten,M,6,6,0
Tatevik,F,5,0,5
Tatia,F,236,0,236
Tatiana,F,32476,6,32470
Tatianna,F,3908,0,3908
Tatiyana,F,1145,0,1145
Tatiyanna,F,21,0,21
Tatjana,F,36,0,36
Tatsue,F,12,0,12
Tatsuko,F,18,0,18
Tatsumi,M,29,29,0
Tatsuo,M,147,147,0
Tatum,F,31835,8373,23462
Tatumn,F,6,0,6
Tatyana,F,8786,0,8786
Tatyanna,F,975,0,975
Tauheed,M,6,6,0
Tauheedah,F,11,0,11
Tauna,F,18,0,18
Tauni,F,5,0,5
Tauno,M,56,56,0
Taunya,F,283,0,283
Taura,F,18,0,18
Taurean,M,1022,1022,0
Tauriel,F,5,0,5
Taurus,M,740,740,0
Tausha,F,237,0,237
Tavare,M,5,5,0
Tavares,M,1797,1797,0
Tavaria,F,18,0,18
Tavarious,M,5,5,0
Tavaris,M,1484,1484,0
Tavarius,M,85,85,0
Tavarus,M,226,226,0
Taven,M,436,436,0
Taveon,M,48,48,0
Tavia,F,331,0,331
Tavian,M,635,635,0
Tavin,M,547,547,0
Tavion,M,1632,1632,0
Tavis,M,277,277,0
Tavish,M,21,21,0
Tavita,M,5,5,0
Tavius,M,10,10,0
Tavon,M,2559,2554,5
Tavone,M,5,5,0
Tavoris,M,73,73,0
Tawana,F,4957,0,4957
Tawanda,F,3003,0,3003
Tawanna,F,2574,0,2574
Tawhid,M,12,12,0
Tawna,F,97,0,97
Tawnee,F,90,0,90
Tawney,F,65,0,65
Tawni,F,622,0,622
Tawnia,F,78,0,78
Tawnie,F,156,0,156
Tawny,F,2038,0,2038
Tawnya,F,3037,0,3037
Taya,F,3884,0,3884
Tayah,F,211,0,211
Tayana,F,28,0,28
Tayanna,F,36,0,36
Tayde,F,5,0,5
Tayden,M,1419,1419,0
Taye,M,38,38,0
Tayeko,F,10,0,10
Tayla,F,3092,0,3092
Taylah,F,18,0,18
Taylan,M,87,81,6
Taylani,F,6,0,6
Taylar,F,925,0,925
Taylee,F,743,0,743
Taylen,M,932,754,178
Tayler,F,10261,869,9392
Taylie,F,67,0,67
Taylin,F,1356,233,1123
Taylon,M,203,203,0
Taylor,F,435567,108028,327539
Taylorann,F,6,0,6
Taylore,F,63,0,63
Taylour,F,20,0,20
Taylyn,F,68,0,68
Taylynn,F,179,0,179
Taym,M,42,42,0
Tayna,F,67,0,67
Tayo,M,21,21,0
Tayon,M,15,15,0
Tayona,F,5,0,5
Tayonna,F,15,0,15
Tayquan,M,25,25,0
Taysean,M,5,5,0
Taysen,M,18,18,0
Taysha,F,51,0,51
Tayshaun,M,552,552,0
Tayshawn,M,404,404,0
Tayshon,M,7,7,0
Tayshun,M,5,5,0
Taysia,F,10,0,10
Taysom,M,331,331,0
Tayson,M,378,378,0
Tayte,M,5,5,0
Tayten,M,27,27,0
Tayton,M,135,135,0
Taytum,F,1912,21,1891
Tayven,M,42,42,0
Tayveon,M,25,25,0
Tayvin,M,11,11,0
Tayvion,M,259,259,0
Tayvon,M,347,347,0
Tayzlee,F,5,0,5
Taz,M,16,16,0
Taziyah,F,5,0,5
Tazuko,F,5,0,5
Tea,F,1285,0,1285
Teagan,F,29987,3649,26338
Teagen,F,108,62,46
Teaghan,F,120,0,120
Teague,M,183,183,0
Teah,F,145,0,145
Teaira,F,272,0,272
Teairra,F,107,0,107
Teal,F,197,0,197
Teala,F,6,0,6
Teana,F,21,0,21
Teancum,M,27,27,0
Teanna,F,566,0,566
Teara,F,185,0,185
Tearra,F,44,0,44
Teasha,F,12,0,12
Teasia,F,89,0,89
Tecia,F,5,0,5
Tecla,F,6,0,6
Tecora,F,33,0,33
Ted,M,69879,69879,0
Tedd,M,143,143,0
Teddi,F,196,0,196
Teddie,U,97,60,37
Teddy,M,27824,27678,146
Tedi,F,13,0,13
Tedra,F,124,0,124
Tedrick,M,81,81,0
Tee,M,5,5,0
Teegan,F,1002,383,619
Teel,F,10,0,10
Teela,F,226,0,226
Teena,F,3307,0,3307
Teera,F,5,0,5
Tegan,F,5071,940,4131
Tegh,M,30,30,0
Tehani,F,265,0,265
Tehila,F,502,0,502
Tehilla,F,313,0,313
Tehillah,F,11,0,11
Tehya,F,748,0,748
Teia,F,47,0,47
Teigan,F,533,30,503
Teigen,F,56,5,51
Teighlor,F,12,0,12
Teila,F,12,0,12
Teira,F,5,0,5
Teisha,F,176,0,176
Tej,M,89,89,0
Teja,F,52,0,52
Tejal,F,5,0,5
Tejas,M,474,474,0
Tejon,M,11,11,0
Tejuana,F,5,0,5
Tekela,F,5,0,5
Tekesha,F,5,0,5
Tekia,F,10,0,10
Tekisha,F,5,0,5
Tela,F,16,0,16
Telesfor,M,10,10,0
Telesforo,M,83,83,0
Telford,M,49,49,0
Telia,F,5,0,5
Telicia,F,10,0,10
Telisa,F,93,0,93
Telisha,F,200,0,200
Teller,M,14,14,0
Tellis,M,20,20,0
Telly,M,778,778,0
Telma,F,6,0,6
Telvin,M,298,298,0
Tema,F,5,0,5
Temari,F,9,0,9
Temeika,F,5,0,5
Temeka,F,793,0,793
Temekia,F,20,0,20
Temesha,F,5,0,5
Temika,F,284,0,284
Temiloluwa,F,18,7,11
Temima,F,38,0,38
Temisha,F,5,0,5
Temitayo,M,5,5,0
Temitope,F,5,0,5
Temmy,F,7,0,7
Temperance,F,2360,0,2360
Tempest,F,181,0,181
Tempestt,F,242,0,242
Tempie,F,281,0,281
Temple,F,132,43,89
Temre,F,8,0,8
Temur,M,5,5,0
Tena,F,3843,0,3843
Tenaya,F,322,0,322
Tene,F,50,0,50
Tenea,F,5,0,5
Tenecia,F,6,0,6
Teneisha,F,17,0,17
Teneka,F,50,0,50
Tenesha,F,444,0,444
Teneshia,F,71,0,71
Teng,M,202,202,0
Tenia,F,10,0,10
Tenika,F,276,0,276
Tenille,F,227,0,227
Teniola,F,6,0,6
Teniqua,F,5,0,5
Tenise,F,5,0,5
Tenisha,F,2274,0,2274
Tenlee,F,15,0,15
Tenleigh,F,5,0,5
Tenley,F,5213,0,5213
Tenna,F,44,0,44
Tennesha,F,5,0,5
Tennessee,F,71,23,48
Tennie,F,723,0,723
Tennile,F,5,0,5
Tennille,F,1430,0,1430
Tennis,M,22,22,0
Tennyson,U,133,100,33
Tenoch,M,47,47,0
Tensley,F,12,0,12
Tenuun,M,5,5,0
Tenzin,F,1663,931,732
Tenzing,M,5,5,0
Teo,M,1273,1273,0
Teodor,M,90,90,0
Teodora,F,499,0,499
Teodoro,M,1996,1996,0
Teodulo,M,5,5,0
Teofil,M,5,5,0
Teofila,F,10,0,10
Teofilo,M,238,238,0
Teola,F,6,0,6
Teon,M,69,69,0
Teona,F,41,0,41
Teonna,F,63,0,63
Tequan,M,35,35,0
Tequesta,F,6,0,6
Tequila,F,1009,0,1009
Tequilla,F,186,0,186
Tera,F,6995,0,6995
Terah,F,187,0,187
Teran,M,5,5,0
Terance,M,548,548,0
Terasa,F,10,0,10
Terasha,F,7,0,7
Tere,F,5,0,5
Tereasa,F,171,0,171
Terek,M,6,6,0
Terell,M,1028,1028,0
Terena,F,12,0,12
Terence,M,29765,29765,0
Teresa,F,408276,121,408155
Terese,F,3755,0,3755
Teresea,F,6,0,6
Teresia,F,218,0,218
Teresita,F,1890,0,1890
Tereso,M,26,26,0
Teressa,F,3659,0,3659
Teretha,F,49,0,49
Terez,U,20,15,5
Tereza,F,140,0,140
Teri,F,41304,0,41304
Teria,F,5,0,5
Teriana,F,5,0,5
Terica,F,191,0,191
Terie,F,5,0,5
Terika,F,68,0,68
Terilyn,F,68,0,68
Terin,F,10,5,5
Terina,F,166,0,166
Terique,M,5,5,0
Terisa,F,99,0,99
Terius,M,6,6,0
Termaine,M,16,16,0
Teron,M,45,45,0
Terra,F,11833,0,11833
Terrace,M,5,5,0
Terrah,F,21,0,21
Terral,M,11,11,0
Terran,M,87,82,5
Terrance,M,66135,66125,10
Terre,F,83,0,83
Terrea,F,14,0,14
Terrel,M,688,688,0
Terrell,M,32544,32422,122
Terrelle,M,11,11,0
Terren,M,24,19,5
Terrence,M,68206,68200,6
Terresa,F,286,0,286
Terressa,F,5,0,5
Terri,F,143457,40,143417
Terria,F,30,0,30
Terriana,F,21,0,21
Terriann,F,39,0,39
Terrianna,F,32,0,32
Terrica,F,512,0,512
Terrick,M,56,56,0
Terrie,F,17126,0,17126
Terrika,F,74,0,74
Terril,M,6,6,0
Terrill,M,1255,1228,27
Terrilyn,F,91,0,91
Terrilynn,F,5,0,5
Terrin,M,17,17,0
Terrion,M,680,669,11
Terriona,F,10,0,10
Terris,M,5,5,0
Terrisa,F,5,0,5
Terrisha,F,11,0,11
Terron,M,513,513,0
Terry,M,514561,421007,93554
Terrye,F,93,0,93
Terryl,F,68,16,52
Terryn,F,10,0,10
Teruko,F,274,0,274
Teruo,M,197,197,0
Teruyo,F,5,0,5
Teryl,F,68,0,68
Teryn,F,162,0,162
Tesa,F,55,0,55
Tesfa,M,16,16,0
Tesha,F,421,0,421
Teshawn,M,16,16,0
Teshia,F,16,0,16
Tesia,F,139,0,139
Tesla,F,1120,0,1120
Tess,F,10954,0,10954
Tessa,F,51503,6,51497
Tessie,F,4719,0,4719
Tessy,F,5,0,5
Tetsuo,M,195,195,0
Tetsuro,M,5,5,0
Tevan,M,11,11,0
Tevin,M,9864,9864,0
Tevion,M,5,5,0
Tevis,F,11,6,5
Tevita,M,482,482,0
Tevon,M,161,161,0
Tex,M,486,486,0
Texana,F,11,0,11
Texanna,F,5,0,5
Texas,M,144,139,5
Texie,F,94,0,94
Teya,F,180,0,180
Teyana,F,246,0,246
Teyanna,F,45,0,45
Teyla,F,8,0,8
Teylor,F,18,0,18
Teyon,M,19,19,0
Teyona,F,5,0,5
Thad,M,3837,3837,0
Thaddaeus,M,13,13,0
Thaddeus,M,19976,19976,0
Thadeo,M,6,6,0
Thadeus,M,27,27,0
Thai,M,303,303,0
Thaily,F,194,0,194
Thaine,M,26,26,0
Thais,F,585,0,585
Thales,M,5,5,0
Thalia,F,11707,0,11707
Thalya,F,7,0,7
Thamara,F,21,0,21
Thane,M,123,123,0
Thang,M,198,198,0
Thanh,U,561,378,183
Thania,F,703,0,703
Thanvi,F,5,0,5
Thanya,F,63,0,63
Thao,F,489,62,427
Tharon,F,12,0,12
Thatcher,M,2906,2906,0
Thavy,F,6,0,6
Thayer,M,25,25,0
Thayne,M,137,137,0
Thea,F,13333,0,13333
Theadora,F,143,0,143
Theadore,M,863,863,0
Theartis,M,5,5,0
Thecla,F,5,0,5
Theda,F,3522,0,3522
Thedore,M,37,37,0
Theia,F,338,0,338
Thekla,F,5,0,5
Thelbert,M,101,101,0
Thelda,F,5,0,5
Thelma,F,201922,105,201817
Thelman,M,5,5,0
Thelmon,M,5,5,0
Thelonious,M,27,27,0
Thena,F,6,0,6
Theo,M,24091,23415,676
Theoden,M,85,85,0
Theodia,M,5,5,0
Theodis,M,815,815,0
Theodor,M,301,301,0
Theodora,F,6684,0,6684
Theodore,M,279046,279031,15
Theodoro,M,17,17,0
Theodoros,M,47,47,0
Theodosia,F,90,0,90
Theola,F,357,0,357
Theon,M,11,11,0
Theone,F,5,0,5
Theophile,M,29,29,0
Theophilus,M,137,137,0
Theora,F,12,0,12
Theotis,M,41,41,0
Thera,F,5,0,5
Theran,M,18,18,0
Theresa,F,388548,99,388449
Therese,F,30185,0,30185
Theresia,F,99,0,99
Theressa,F,178,0,178
Therion,M,5,5,0
Therman,M,354,354,0
Thermon,M,39,39,0
Theron,M,6141,6141,0
Thersa,F,32,0,32
Theseus,M,83,83,0
Theta,F,5,0,5
Thi,F,49,0,49
Thiago,M,23349,23349,0
Thiana,F,5,0,5
Thielen,M,32,32,0
Thien,M,314,308,6
Thierno,M,163,163,0
Thierry,M,109,109,0
Thimothy,M,5,5,0
Thinh,M,16,16,0
Thoams,M,5,5,0
Thom,M,49,49,0
Thomas,M,2281816,2278218,3598
Thomasa,F,8,0,8
Thomasena,F,359,0,359
Thomasenia,F,11,0,11
Thomasina,F,1559,0,1559
Thomasine,F,508,0,508
Thompson,M,213,213,0
Thong,M,82,82,0
Thor,M,1438,1438,0
Thora,F,318,0,318
Thoren,M,5,5,0
Thorin,M,741,741,0
Thornton,M,342,342,0
Thorsten,M,5,5,0
Thorvald,M,5,5,0
Threasa,F,5,0,5
Thresa,F,319,0,319
Thressa,F,56,0,56
Thu,F,249,0,249
Thuan,M,26,21,5
Thula,F,5,0,5
Thunder,M,10,10,0
Thurl,M,5,5,0
Thurman,M,12308,12308,0
Thurmon,M,132,132,0
Thurmond,M,190,190,0
Thurnell,M,5,5,0
Thurston,M,588,588,0
Thuy,F,518,0,518
Thuytien,F,5,0,5
Thy,F,69,0,69
Thyra,F,10,0,10
Thyri,F,73,0,73
Tia,F,30761,5,30756
Tiaa,F,5,0,5
Tiago,M,1753,1753,0
Tiahna,F,18,0,18
Tiaira,F,16,0,16
Tiam,M,22,22,0
Tian,M,5,5,0
Tiana,F,26543,9,26534
Tianah,F,10,0,10
Tiandra,F,15,0,15
Tiani,F,155,0,155
Tianna,F,10555,0,10555
Tiannah,F,12,0,12
Tianne,F,7,0,7
Tianni,F,5,0,5
Tiara,F,21523,30,21493
Tiarah,F,30,0,30
Tiaraoluwa,F,90,0,90
Tiare,F,681,0,681
Tiarra,F,2028,0,2028
Tiasha,F,6,0,6
Tiasia,F,56,0,56
Tiauna,F,16,0,16
Tiberius,M,316,316,0
Tibor,M,12,12,0
Tiburcio,M,127,127,0
Tichina,F,134,0,134
Tidus,M,112,112,0
Tien,U,193,123,70
Tiera,F,2673,5,2668
Tierany,F,12,0,12
Tiernan,M,295,290,5
Tierney,F,1381,0,1381
Tierra,F,13041,27,13014
Tierre,M,16,16,0
Tiesha,F,1624,0,1624
Tieysha,F,6,0,6
Tifani,F,76,0,76
Tifanie,F,21,0,21
Tifanny,F,10,0,10
Tifany,F,56,0,56
Tiffanee,F,21,0,21
Tiffaney,F,800,0,800
Tiffani,F,12605,0,12605
Tiffanie,F,6807,0,6807
Tiffany,F,337228,311,336917
Tiffanyann,F,6,0,6
Tiffay,F,5,0,5
Tiffeny,F,83,0,83
Tiffiany,F,63,0,63
Tiffiney,F,207,0,207
Tiffini,F,220,0,220
Tiffinie,F,16,0,16
Tiffiny,F,1018,0,1018
Tiffney,F,187,0,187
Tige,M,25,25,0
Tiger,M,352,352,0
Tigerlily,F,42,0,42
Tighe,M,5,5,0
Tigran,M,289,289,0
Tihani,F,12,0,12
Tiheim,M,5,5,0
Tijera,F,18,0,18
Tijuana,F,350,0,350
Tika,F,5,0,5
Tiki,F,11,0,11
Tikia,F,6,0,6
Tikisha,F,21,0,21
Tila,F,5,0,5
Tilda,F,180,0,180
Tilden,M,69,69,0
Tilford,M,40,40,0
Tilian,M,7,7,0
Tilley,F,15,0,15
Tillie,F,6626,0,6626
Tillman,M,775,775,0
Tilly,F,1054,0,1054
Tilman,M,32,32,0
Tilmon,M,5,5,0
Tilton,M,5,5,0
Tim,M,78600,78600,0
Timara,F,27,0,27
Timaya,F,5,0,5
Timber,F,334,68,266
Timberly,F,29,0,29
Timeka,F,241,0,241
Timesha,F,43,0,43
Timi,F,78,0,78
Timia,F,204,0,204
Timika,F,288,0,288
Timiko,F,5,0,5
Timisha,F,5,0,5
Timitra,F,5,0,5
Timm,M,135,135,0
Timmie,M,1262,1252,10
Timmothy,M,1370,1370,0
Timmy,M,22213,22213,0
Timo,M,13,13,0
Timofey,M,109,109,0
Timonthy,M,21,21,0
Timotea,F,35,0,35
Timoteo,M,588,588,0
Timothey,M,10,10,0
Timothy,M,1078800,1077041,1759
Timur,M,317,317,0
Timya,F,40,0,40
Tin,M,59,59,0
Tina,F,287076,66,287010
Tinamarie,F,381,0,381
Tinesha,F,60,0,60
Ting,F,5,0,5
Tinika,F,58,0,58
Tinisha,F,225,0,225
Tinlee,F,62,0,62
Tinleigh,F,30,0,30
Tinley,F,2771,0,2771
Tinna,F,5,0,5
Tinnie,F,67,0,67
Tino,M,491,491,0
Tinslee,F,72,0,72
Tinsleigh,F,5,0,5
Tinsley,F,3352,0,3352
Tiny,F,413,0,413
Tiodoro,M,5,5,0
Tiofilo,M,18,18,0
Tion,M,5,5,0
Tiona,F,142,0,142
Tionna,F,1070,0,1070
Tionne,F,186,0,186
Tionni,F,5,0,5
Tiphani,F,11,0,11
Tiphanie,F,23,0,23
Tippi,F,5,0,5
Tiquan,M,21,21,0
Tira,F,54,0,54
Tirrell,M,35,35,0
Tirso,M,15,15,0
Tirzah,F,278,0,278
Tisa,F,325,0,325
Tish,F,82,0,82
Tisha,F,7159,0,7159
Tishana,F,7,0,7
Tishawn,M,5,5,0
Tita,F,23,0,23
Titan,M,3875,3875,0
Titania,F,5,0,5
Titiana,F,56,0,56
Titianna,F,5,0,5
Tito,M,1312,1312,0
Titus,M,21203,21203,0
Tivis,M,10,10,0
Tiwana,F,39,0,39
Tiwanna,F,19,0,19
Tiwatope,F,31,0,31
Tiya,F,16,0,16
Tiyana,F,130,0,130
Tiyanna,F,57,0,57
Tiye,F,5,0,5
Tiyonna,F,5,0,5
Tizoc,M,10,10,0
Tj,M,282,282,0
Tkai,F,12,0,12
Tkeyah,F,567,0,567
Tlaloc,M,68,68,0
Tniya,F,5,0,5
Toa,M,5,5,0
Toan,M,121,121,0
Toba,F,184,0,184
Tobe,M,22,22,0
Tobechukwu,M,10,10,0
Tobenna,M,41,41,0
Tobey,U,196,147,49
Tobi,F,845,10,835
Tobiah,M,11,11,0
Tobias,M,23157,23157,0
Tobie,F,99,10,89
Tobin,M,2240,2240,0
Toby,M,35275,29949,5326
Tobyn,M,5,5,0
Tocarra,F,35,0,35
Toccara,F,644,0,644
Tod,M,5353,5353,0
Todd,M,279342,279242,100
Toddrick,M,96,96,0
Todrick,M,8,8,0
Toi,F,328,15,313
Toinette,F,26,0,26
Toini,F,12,0,12
Toivo,M,323,323,0
Toka,F,5,0,5
Tokie,F,31,0,31
Tokiko,F,36,0,36
Tokio,M,21,21,0
Tokuichi,M,5,5,0
Tokuo,M,11,11,0
Tolbert,M,57,57,0
Tollie,M,10,10,0
Toluwalase,F,6,0,6
Tom,M,125658,125648,10
Toma,M,71,71,0
Tomacita,F,5,0,5
Tomara,F,5,0,5
Tomas,M,24839,24839,0
Tomasa,F,2091,0,2091
Tomasina,F,5,0,5
Tomasita,F,444,0,444
Tomasz,M,309,309,0
Tomeca,F,5,0,5
Tomeka,F,2822,0,2822
Tomekia,F,365,0,365
Tomer,M,105,105,0
Tomesha,F,5,0,5
Tomi,F,384,0,384
Tomica,F,94,0,94
Tomie,U,228,150,78
Tomika,F,1901,0,1901
Tomiko,F,380,0,380
Tomio,M,27,27,0
Tomisha,F,6,0,6
Tommaso,M,53,53,0
Tommi,F,96,0,96
Tommie,U,42880,29425,13455
Tommy,M,174581,173943,638
Tommye,F,595,0,595
Tomoe,F,49,0,49
Tomoki,M,10,10,0
Tomoko,F,10,0,10
Tomy,M,5,5,0
Tona,F,129,0,129
Tonantzin,F,40,0,40
Tonatiuh,M,78,78,0
Tonda,F,1052,0,1052
Tondra,F,39,0,39
Toneka,F,5,0,5
Tonesha,F,10,0,10
Tonette,F,233,0,233
Toney,M,2646,2646,0
Tong,M,144,144,0
Toni,F,96685,81,96604
Tonia,F,19072,0,19072
Toniann,F,824,0,824
Tonianne,F,65,0,65
Tonie,F,593,10,583
Tonika,F,158,0,158
Tonimarie,F,52,0,52
Tonisha,F,1034,0,1034
Tonita,F,61,0,61
Tonja,F,5086,0,5086
Tonjia,F,10,0,10
Tonjua,F,11,0,11
Tonna,F,16,0,16
Tonnette,F,10,0,10
Tonnie,F,38,16,22
Tonny,M,49,49,0
Tony,M,247050,246458,592
Tonya,F,117863,5,117858
Tonyia,F,20,0,20
Topacio,F,52,0,52
Topanga,F,70,0,70
Topaz,F,15,0,15
Tor,M,59,59,0
Tora,F,40,0,40
Torao,M,50,50,0
Torben,M,5,5,0
Toree,F,10,0,10
Toren,M,48,48,0
Torey,M,1139,967,172
Tori,F,33912,44,33868
Toria,F,101,0,101
Torian,M,258,258,0
Toriana,F,22,0,22
Torianna,F,5,0,5
Toriano,M,313,313,0
Toribio,M,328,328,0
Torie,F,764,0,764
Torin,M,2235,2235,0
Torina,F,5,0,5
Torrance,M,1510,1476,34
Torre,M,25,25,0
Torrell,M,5,5,0
Torrence,M,909,909,0
Torres,M,5,5,0
Torrey,M,2762,2508,254
Torri,F,755,0,755
Torrian,M,11,11,0
Torrie,F,623,15,608
Torrin,M,10,10,0
Torris,M,12,12,0
Torry,M,107,107,0
Torsha,F,13,0,13
Torsten,M,36,36,0
Toru,M,17,17,0
Torvi,F,12,0,12
Tory,M,4973,3865,1108
Toryn,U,15,10,5
Tosca,F,33,0,33
Tosh,M,73,73,0
Tosha,F,5167,0,5167
Toshi,F,19,0,19
Toshia,F,196,0,196
Toshiaki,M,23,23,0
Toshiba,F,89,0,89
Toshie,F,126,0,126
Toshiko,F,612,0,612
Toshio,M,610,610,0
Toshiro,M,5,5,0
Toshiye,F,41,0,41
Toshiyuki,M,50,50,0
Tou,M,1018,1018,0
Toua,M,61,61,0
Toure,M,11,11,0
Toussaint,M,6,6,0
Tova,F,1279,0,1279
Tovah,F,22,0,22
Tovia,M,152,152,0
Towana,F,156,0,156
Towanda,F,1227,0,1227
Towanna,F,100,0,100
Townes,M,443,443,0
Townsend,M,18,18,0
Toxie,M,14,14,0
Toy,M,132,105,27
Toya,F,2464,0,2464
Toye,F,5,0,5
Toyia,F,57,0,57
Toyoko,F,125,0,125
Tra,M,5,5,0
Trace,M,10646,10641,5
Tracee,F,1536,0,1536
Tracen,M,18,18,0
Tracer,M,10,10,0
Tracey,F,90018,5914,84104
Traci,F,50111,0,50111
Tracia,F,10,0,10
Tracie,F,30128,0,30128
Tracy,F,304587,56567,248020
Tracyann,F,11,0,11
Tracye,F,316,0,316
Tradarius,M,10,10,0
Tradd,M,10,10,0
Trae,M,1692,1692,0
Traevion,M,5,5,0
Traevon,M,71,71,0
Traivon,M,5,5,0
Trajan,M,131,131,0
Tram,F,110,0,110
Tramaine,M,595,501,94
Tramayne,M,5,5,0
Tramel,M,25,25,0
Tramell,M,39,39,0
Tramika,F,5,0,5
Tramon,M,5,5,0
Trampas,M,23,23,0
Trampus,M,6,6,0
Tran,F,130,0,130
Trana,F,93,0,93
Trane,F,45,0,45
Tranette,F,13,0,13
Trang,F,406,0,406
Tranisha,F,11,0,11
Traniya,F,32,0,32
Traniyah,F,11,0,11
Trannie,F,21,0,21
Tranquilino,M,16,16,0
Trany,F,385,0,385
Trapper,M,33,33,0
Traquan,M,65,65,0
Trashawn,M,16,16,0
Trask,M,5,5,0
Trason,M,8,8,0
Travaris,M,64,64,0
Travell,M,85,85,0
Traven,M,25,25,0
Traveon,M,302,302,0
Travia,F,5,0,5
Travian,M,10,10,0
Travion,M,1285,1285,0
Travious,M,46,46,0
Travis,M,304633,304296,337
Travius,M,17,17,0
Travon,M,4880,4880,0
Travone,M,5,5,0
Travonn,M,5,5,0
Travonne,M,5,5,0
Travonte,M,31,31,0
Travoris,M,10,10,0
Traxton,M,5,5,0
Tray,M,271,271,0
Trayce,M,13,13,0
Trayden,M,5,5,0
Traylon,M,48,48,0
Trayon,M,10,10,0
Trayshawn,M,5,5,0
Trayson,M,22,22,0
Trayton,M,79,79,0
Trayveon,M,21,21,0
Trayvion,M,5,5,0
Trayvon,M,1879,1879,0
Trayvond,M,12,12,0
Tre,M,3961,3961,0
Trea,M,6,6,0
Treanna,F,5,0,5
Treasa,F,294,0,294
Treasure,F,6016,0,6016
Treavor,M,51,51,0
Treazure,F,51,0,51
Treba,F,5,0,5
Trecia,F,17,0,17
Tredarius,M,10,10,0
Treena,F,160,0,160
Treg,M,26,26,0
Trejon,M,23,23,0
Trellany,F,5,0,5
Trellis,F,19,0,19
Tremain,M,40,40,0
Tremaine,M,2622,2569,53
Tremayne,M,1960,1960,0
Tremeka,F,11,0,11
Tremel,M,10,10,0
Tremell,M,26,26,0
Trena,F,2704,0,2704
Trenace,F,10,0,10
Trenae,F,5,0,5
Trenda,F,11,0,11
Trenden,M,5,5,0
Trendon,M,16,16,0
Trenell,F,72,11,61
Trenia,F,13,0,13
Trenice,F,43,0,43
Trenidad,F,35,12,23
Treniece,F,10,0,10
Trenise,F,95,0,95
Trenisha,F,5,0,5
Trenity,F,135,0,135
Trenna,F,12,0,12
Trent,M,48426,48426,0
Trenten,M,1488,1488,0
Trentin,M,221,221,0
Trenton,M,55568,55552,16
Trentyn,M,10,10,0
Trenyce,F,44,0,44
Trequan,M,252,252,0
Tres,M,6,6,0
Tresa,F,2271,0,2271
Trese,F,5,0,5
Tresea,F,15,0,15
Tresean,M,36,36,0
Tresha,F,27,0,27
Treshaun,M,57,57,0
Treshawn,M,436,436,0
Treshon,M,6,6,0
Treshun,M,5,5,0
Tresia,F,18,0,18
Tressa,F,2182,0,2182
Tressel,M,10,10,0
Tressie,F,2129,0,2129
Treston,M,158,158,0
Treu,M,5,5,0
Trev,M,7,7,0
Treva,F,5814,0,5814
Trevan,M,59,59,0
Trevante,M,8,8,0
Trevaughn,M,132,132,0
Trevell,M,55,55,0
Treven,M,113,113,0
Treveon,M,549,549,0
Trever,M,3444,3444,0
Trevia,F,10,0,10
Trevian,M,44,44,0
Trevin,M,2149,2149,0
Trevino,M,6,6,0
Trevion,M,2002,2002,0
Trevious,M,5,5,0
Trevis,M,283,283,0
Trevon,M,12448,12448,0
Trevone,M,5,5,0
Trevonne,M,5,5,0
Trevonte,M,32,32,0
Trevor,M,158543,158504,39
Trevyn,M,59,59,0
Trey,M,37886,37886,0
Treyden,M,31,31,0
Treylan,M,5,5,0
Treylin,M,5,5,0
Treylon,M,71,71,0
Treyon,M,22,22,0
Treysen,M,25,25,0
Treyshawn,M,11,11,0
Treyson,M,546,546,0
Treyton,M,1530,1530,0
Treyveon,M,5,5,0
Treyvion,M,79,79,0
Treyvon,M,2332,2332,0
Tri,M,179,179,0
Tria,F,5,0,5
Triana,F,194,0,194
Trianna,F,20,0,20
Tricia,F,37225,0,37225
Trig,M,5,5,0
Trigg,M,21,21,0
Trigger,M,17,17,0
Trigo,M,24,24,0
Trimayne,M,5,5,0
Trina,F,29045,0,29045
Trindon,M,10,10,0
Trine,F,154,30,124
Trinetta,F,5,0,5
Trinette,F,204,0,204
Trinh,F,81,0,81
Trini,F,130,16,114
Trinida,M,5,5,0
Trinidad,F,7032,4040,2992
Trinidy,F,137,0,137
Trinitee,F,572,0,572
Triniti,F,1627,0,1627
Trinitie,F,16,0,16
Trinity,F,82700,828,81872
Trino,M,70,70,0
Trinton,M,73,73,0
Trip,M,27,27,0
Tripp,M,6635,6635,0
Trisa,F,8,0,8
Trish,F,1107,0,1107
Trisha,F,37138,0,37138
Trishia,F,36,0,36
Trishika,F,5,0,5
Trista,F,9801,0,9801
Tristain,M,5,5,0
Tristan,M,124065,120247,3818
Tristen,M,21946,19658,2288
Tristian,M,6013,5967,46
Tristin,M,9015,8099,916
Tristina,F,5,0,5
Tristine,F,6,0,6
Triston,M,9728,9723,5
Tristyn,F,1420,706,714
Tritia,F,64,0,64
Triton,M,291,291,0
Trixie,F,47,0,47
Troi,F,79,13,66
Tron,M,43,43,0
Trong,M,5,5,0
Troy,M,212617,212050,567
Troyce,M,21,21,0
Troylene,F,6,0,6
Troylynn,F,16,0,16
Tru,U,2890,1853,1037
Truby,F,5,0,5
Truc,F,10,0,10
Trude,F,11,0,11
Trudi,F,1209,0,1209
Trudie,F,744,0,744
Trudy,F,21781,0,21781
True,F,1681,877,804
Trueman,M,5,5,0
Truett,M,1990,1990,0
Truitt,M,319,319,0
Trula,F,797,0,797
Trulee,F,6,0,6
Truleigh,F,5,0,5
Truly,F,137,0,137
Trumaine,M,89,89,0
Truman,M,9947,9947,0
Trung,M,268,268,0
Truong,M,25,25,0
Trust,F,10,5,5
Trustin,M,22,22,0
Truth,M,654,548,106
Trygve,M,27,27,0
Tryniti,F,5,0,5
Trynity,F,12,0,12
Trysta,F,12,0,12
Trystan,M,2650,2604,46
Trysten,M,225,225,0
Trystin,M,37,32,5
Tryston,M,237,237,0
Tsering,F,16,0,16
Tshwanda,F,9,0,9
Tsion,F,17,0,17
Tsitsiki,F,8,0,8
Tsosie,M,5,5,0
Tsugie,F,17,0,17
Tsugio,M,79,79,0
Tsuneko,F,5,0,5
Tsuneo,M,63,63,0
Tsurue,F,25,0,25
Tsuruko,F,143,0,143
Tsuruyo,F,5,0,5
Tsutako,F,5,0,5
Tsutomu,M,261,261,0
Tsuyako,F,79,0,79
Tsuyoshi,M,5,5,0
Tsuyuko,F,34,0,34
Tu,M,85,72,13
Tuan,M,630,630,0
Tuck,M,15,15,0
Tucker,M,49031,49021,10
Tuere,F,17,0,17
Tuesday,F,473,0,473
Tuff,M,202,202,0
Tula,F,160,0,160
Tulani,F,5,0,5
Tuleen,F,10,0,10
Tulio,M,5,5,0
Tulip,F,16,0,16
Tullio,M,24,24,0
Tully,M,16,16,0
Tulsa,F,5,0,5
Tulsi,F,21,0,21
Tung,M,45,45,0
Tunis,M,10,10,0
Tunisha,F,5,0,5
Tunisia,F,74,0,74
Tunya,F,11,0,11
Tuongvi,F,5,0,5
Turhan,M,6,6,0
Turkessa,F,116,0,116
Turner,M,5183,5183,0
Turquoise,F,138,0,138
Tushar,M,10,10,0
Tustin,M,7,7,0
Tuvia,M,52,52,0
Tuwana,F,8,0,8
Tuyen,F,39,5,34
Tuyet,F,54,0,54
Tvisha,F,22,0,22
Twalla,F,5,0,5
Twana,F,875,0,875
Twanda,F,424,0,424
Twanna,F,393,0,393
Twila,F,7448,0,7448
Twilla,F,31,0,31
Twisha,F,5,0,5
Twyla,F,2864,0,2864
Ty,M,44255,44245,10
Tya,F,21,0,21
Tyaire,M,18,18,0
Tyan,M,5,5,0
Tyana,F,1088,0,1088
Tyanna,F,1745,0,1745
Tyara,F,18,0,18
Tyashia,F,5,0,5
Tyasia,F,1286,0,1286
Tyberius,M,10,10,0
Tyce,M,976,976,0
Tycen,M,5,5,0
Tycho,M,42,42,0
Tydarius,M,34,34,0
Tyden,M,20,20,0
Tydrick,M,5,5,0
Tydus,M,57,57,0
Tye,M,2024,2019,5
Tyechia,F,65,0,65
Tyee,M,5,5,0
Tyeesha,F,5,0,5
Tyeisha,F,523,0,523
Tyeler,M,5,5,0
Tyese,F,5,0,5
Tyesha,F,3300,0,3300
Tyeshia,F,246,0,246
Tyheem,M,52,52,0
Tyheim,M,27,27,0
Tyhesha,F,5,0,5
Tyhessia,F,14,0,14
Tyhir,M,27,27,0
Tyiesha,F,83,0,83
Tyion,M,7,7,0
Tyisha,F,867,0,867
Tyja,F,5,0,5
Tyjae,F,17,0,17
Tyjuan,M,283,283,0
Tyke,M,5,5,0
Tykeem,M,54,54,0
Tykeria,F,365,0,365
Tykerria,F,42,0,42
Tykia,F,84,0,84
Tykira,F,22,0,22
Tyla,F,875,0,875
Tylah,F,24,0,24
Tylan,M,2063,2063,0
Tylar,U,494,326,168
Tylashia,F,5,0,5
Tyleah,F,32,0,32
Tylee,F,350,5,345
Tyleek,M,46,46,0
Tylen,M,581,581,0
Tylene,F,5,0,5
Tyler,M,612579,597769,14810
Tylia,F,10,0,10
Tyliah,F,12,0,12
Tylie,F,10,0,10
Tyliek,M,20,20,0
Tylik,M,160,160,0
Tylil,M,8,8,0
Tylin,M,69,69,0
Tylique,M,5,5,0
Tyliyah,F,19,0,19
Tylon,M,184,184,0
Tylor,M,6003,5982,21
Tylyn,F,6,0,6
Tylynn,F,6,0,6
Tymarion,M,6,6,0
Tymber,F,16,0,16
Tymeek,M,5,5,0
Tymeer,M,15,15,0
Tymeir,M,5,5,0
Tymel,M,75,75,0
Tymere,M,132,132,0
Tymia,F,5,0,5
Tymir,M,908,908,0
Tyna,F,11,0,11
Tynan,M,35,35,0
Tynasia,F,17,0,17
Tyne,F,12,0,12
Tyneisha,F,56,0,56
Tynell,M,5,5,0
Tynesha,F,291,0,291
Tyneshia,F,54,0,54
Tynetta,F,5,0,5
Tynia,F,10,0,10
Tynisa,F,68,0,68
Tynisha,F,503,0,503
Tynlee,F,105,0,105
Tynleigh,F,5,0,5
Tynnetta,F,5,0,5
Tynslee,F,5,0,5
Tyon,M,85,85,0
Tyonna,F,218,0,218
Tyquan,M,2540,2540,0
Tyquasia,F,5,0,5
Tyquavious,M,64,64,0
Tyquez,M,61,61,0
Tyquon,M,10,10,0
Tyr,M,33,33,0
Tyra,F,11140,0,11140
Tyrah,F,60,0,60
Tyran,M,455,455,0
Tyranika,F,5,0,5
Tyrann,M,10,10,0
Tyre,M,515,515,0
Tyrease,M,5,5,0
Tyrece,M,51,51,0
Tyree,M,11345,11329,16
Tyreece,M,16,16,0
Tyreek,M,1278,1278,0
Tyreem,M,5,5,0
Tyreese,M,737,737,0
Tyreik,M,132,132,0
Tyrek,M,1229,1229,0
Tyreke,M,578,578,0
Tyrel,M,1389,1389,0
Tyrell,M,13292,13292,0
Tyrelle,M,61,61,0
Tyren,M,615,615,0
Tyrese,M,7211,7201,10
Tyresha,F,63,0,63
Tyresse,M,22,22,0
Tyrhonda,F,5,0,5
Tyriana,F,10,0,10
Tyric,M,54,54,0
Tyrice,M,99,99,0
Tyrick,M,19,19,0
Tyrie,M,26,26,0
Tyriek,M,204,204,0
Tyriel,F,12,0,12
Tyrielle,F,11,0,11
Tyrik,M,615,615,0
Tyrika,F,5,0,5
Tyrin,M,672,672,0
Tyrion,M,45,40,5
Tyriq,M,721,721,0
Tyrique,M,914,914,0
Tyris,M,16,16,0
Tyrisha,F,11,0,11
Tyrome,M,33,33,0
Tyron,M,4526,4526,0
Tyronda,F,96,0,96
Tyrone,M,76034,76019,15
Tyronn,M,5,5,0
Tyronne,M,349,349,0
Tyronza,F,10,0,10
Tyrrell,M,16,16,0
Tyrus,M,1204,1204,0
Tysean,M,210,210,0
Tysen,M,247,247,0
Tysha,F,55,0,55
Tyshae,F,34,0,34
Tyshaun,M,760,760,0
Tyshawn,M,3634,3634,0
Tyshay,F,10,0,10
Tysheem,M,20,20,0
Tysheen,M,6,6,0
Tyshon,M,404,404,0
Tyshun,M,32,32,0
Tysir,M,5,5,0
Tyski,M,5,5,0
Tyson,M,44853,44853,0
Tytan,M,175,175,0
Tytiana,F,629,0,629
Tytianna,F,448,0,448
Tytus,M,330,330,0
Tyus,M,137,137,0
Tyvon,M,109,109,0
Tywan,M,149,149,0
Tywana,F,40,0,40
Tywanda,F,41,0,41
Tywanna,F,37,0,37
Tywon,M,59,59,0
Tzipa,F,5,0,5
Tzipora,F,973,0,973
Tziporah,F,798,0,798
Tzipporah,F,76,0,76
Tzippy,F,81,0,81
Tzirel,F,384,0,384
Tziry,F,44,0,44
Tzivi,F,10,0,10
Tzivia,F,426,0,426
Tzivy,F,46,0,46
Tzurty,F,24,0,24
Tzvi,M,3323,3323,0
Ubaldo,M,1183,1183,0
Uchenna,M,18,18,0
Uday,M,10,10,0
Udell,U,21,16,5
Udy,F,72,0,72
Uel,M,5,5,0
Ugo,M,19,19,0
Ugochukwu,M,5,5,0
Uhtred,M,5,5,0
Uilani,F,59,0,59
Ula,F,69,0,69
Uladimir,M,5,5,0
Ulani,F,117,0,117
Ulanni,F,21,0,21
Uldine,F,49,0,49
Uliana,F,5,0,5
Ulices,M,766,766,0
Ulises,M,9754,9754,0
Ulisses,M,776,776,0
Ulric,M,6,6,0
Ulyana,F,16,0,16
Ulysee,M,213,213,0
Ulysees,M,87,87,0
Ulyses,M,422,422,0
Ulysess,M,6,6,0
Ulyssa,F,25,0,25
Ulysse,M,110,110,0
Ulyssee,M,7,7,0
Ulysses,M,13233,13233,0
Uma,F,781,0,781
Umaima,F,5,0,5
Umair,M,79,79,0
Umaiza,F,32,0,32
Umar,M,1599,1599,0
Umberto,M,198,198,0
Umeno,F,5,0,5
Umer,M,38,38,0
Umi,F,18,0,18
Umme,F,20,0,20
Un,M,7,7,0
Una,F,3052,0,3052
Unborn,F,39,7,32
Undra,M,88,88,0
Undray,M,5,5,0
Uniqua,F,167,0,167
Unique,F,5734,339,5395
Unity,F,69,0,69
Unknown,F,14895,7330,7565
Unkown,F,90,49,41
Unnamed,F,484,267,217
Uno,M,21,21,0
Ura,F,26,0,26
Ural,M,10,10,0
Urban,M,788,788,0
Urbano,M,156,156,0
Urho,M,10,10,0
Uri,M,353,353,0
Uriah,M,8240,8163,77
Urian,M,10,10,0
Urias,M,20,20,0
Urie,M,40,40,0
Uriel,M,17880,17870,10
Urijah,M,2687,2687,0
Uriyah,M,73,68,5
Ursula,F,9393,0,9393
Urvi,F,35,0,35
Usama,M,35,35,0
Usher,M,809,809,0
Usiel,M,12,12,0
Usman,M,739,739,0
Usmon,M,17,17,0
Ustin,M,5,5,0
Utah,M,38,38,0
Utahna,F,10,0,10
Uthman,M,17,17,0
Uvaldo,M,257,257,0
Uwe,M,5,5,0
Uyen,F,72,0,72
Uzair,M,108,108,0
Uziah,M,25,25,0
Uziel,M,1262,1262,0
Uzma,F,5,0,5
Uzziah,M,288,288,0
Uzziel,M,178,178,0
Va,M,12,12,0
Vaani,F,170,0,170
Vaanya,F,19,0,19
Vaayu,M,32,32,0
Vada,F,7119,15,7104
Vaden,M,20,20,0
Vadhir,M,88,88,0
Vadie,F,10,0,10
Vadim,M,133,133,0
Vaeda,F,452,0,452
Vahan,M,48,48,0
Vahe,M,181,181,0
Vaibhav,M,109,109,0
Vaida,F,187,0,187
Vail,F,40,0,40
Vaishnav,M,5,5,0
Vaishnavi,F,242,0,242
Val,M,2750,2315,435
Valada,F,12,0,12
Valarie,F,14366,0,14366
Valbona,F,23,0,23
Valborg,F,106,0,106
Valda,F,171,0,171
Valdemar,M,322,322,0
Valdez,M,5,5,0
Vale,F,22,0,22
Valecia,F,5,0,5
Valen,M,349,338,11
Valencia,F,8424,6,8418
Valency,F,5,0,5
Valene,F,126,0,126
Valente,M,968,968,0
Valentin,M,8572,8572,0
Valentina,F,52306,0,52306
Valentine,M,3326,3047,279
Valentino,M,7450,7450,0
Valera,F,53,0,53
Valeri,F,316,0,316
Valeria,F,71266,6,71260
Valerian,M,10,10,0
Valeriano,M,12,12,0
Valerie,F,265999,32,265967
Valerio,M,29,29,0
Valery,F,5578,0,5578
Valerya,F,16,0,16
Valerye,F,5,0,5
Valeska,F,66,0,66
Valeta,F,20,0,20
Valetta,F,15,0,15
Valia,F,5,0,5
Valice,M,5,5,0
Valicia,F,6,0,6
Valinda,F,303,0,303
Valisa,F,11,0,11
Valjean,F,34,0,34
Valkyrie,F,415,0,415
Valla,F,5,0,5
Vallen,M,5,5,0
Vallerie,F,133,0,133
Vallery,F,64,0,64
Valley,F,32,7,25
Valli,F,97,0,97
Vallie,F,825,0,825
Vallolet,F,6,0,6
Vallorie,F,18,0,18
Valmore,M,23,23,0
Valon,M,17,17,0
Valor,M,455,455,0
Valorie,F,4055,0,4055
Valree,F,8,0,8
Valrie,F,55,0,55
Valta,F,5,0,5
Valton,M,74,74,0
Valyncia,F,5,0,5
Vamika,F,44,0,44
Van,M,22874,22545,329
Vana,F,21,0,21
Vanassa,F,6,0,6
Vance,M,19889,19889,0
Vanda,F,133,0,133
Vander,M,190,190,0
Vandy,F,11,6,5
Vanecia,F,5,0,5
Vanella,F,5,0,5
Vanellope,F,418,0,418
Vanesa,F,4620,0,4620
Vanesha,F,6,0,6
Vaness,F,62,0,62
Vanessa,F,258659,406,258253
Vanessamarie,F,10,0,10
Vanessia,F,5,0,5
Vanetta,F,43,0,43
Vaneza,F,87,0,87
Vanezza,F,5,0,5
Vang,M,156,156,0
Vangie,F,69,0,69
Vani,F,25,0,25
Vania,F,1310,0,1310
Vanisha,F,11,0,11
Vanita,F,183,0,183
Vanity,F,834,0,834
Vann,M,273,273,0
Vanna,F,329,5,324
Vannak,M,5,5,0
Vannary,F,6,0,6
Vannesa,F,634,0,634
Vanness,M,5,5,0
Vannessa,F,1293,0,1293
Vannia,F,48,0,48
Vannie,F,47,0,47
Vansh,M,189,189,0
Vanshika,F,11,0,11
Vanteen,F,5,0,5
Vanya,F,372,0,372
Vara,F,53,0,53
Vardaan,M,23,23,0
Vardaman,M,6,6,0
Vardan,M,26,26,0
Vardell,M,15,15,0
Varian,M,18,18,0
Varick,M,5,5,0
Varner,M,6,6,0
Varnika,F,79,0,79
Varsha,F,222,0,222
Varshini,F,11,0,11
Vartan,M,75,75,0
Varun,M,1371,1371,0
Varvara,F,22,0,22
Vash,M,11,11,0
Vashawn,M,10,10,0
Vashon,M,125,120,5
Vashti,F,125,0,125
Vasiliki,F,338,0,338
Vasilios,M,542,542,0
Vasilis,M,10,10,0
Vasilisa,F,44,0,44
Vassie,F,103,0,103
Vasthi,F,5,0,5
Vasti,F,6,0,6
Vastine,M,11,11,0
Vatche,M,5,5,0
Vauda,F,5,0,5
Vaudine,F,5,0,5
Vaughan,M,20,20,0
Vaughn,M,14807,14774,33
Vayda,F,1576,0,1576
Vayu,M,62,62,0
Veachel,M,16,16,0
Veasna,M,19,19,0
Ved,M,914,914,0
Veda,F,7423,0,7423
Vedaant,M,12,12,0
Vedansh,M,160,160,0
Vedanshi,F,5,0,5
Vedant,M,536,536,0
Vedanth,M,102,102,0
Vedh,M,63,63,0
Vedha,F,15,0,15
Vedika,F,58,0,58
Veeksha,F,6,0,6
Veena,F,11,0,11
Veer,M,1796,1796,0
Veera,F,143,0,143
Vega,F,19,0,19
Vegas,M,5,5,0
Vela,F,138,0,138
Velda,F,4253,0,4253
Veleka,F,5,0,5
Velen,F,10,0,10
Velia,F,1704,0,1704
Velina,F,17,0,17
Velinda,F,86,0,86
Vella,F,175,0,175
Velma,F,74823,6,74817
Velna,F,78,0,78
Velta,F,227,0,227
Velton,M,5,5,0
Velva,F,1457,0,1457
Velvet,F,1120,0,1120
Velvie,F,5,0,5
Vena,F,349,0,349
Venancio,M,64,64,0
Venba,F,16,0,16
Vencil,M,10,10,0
Vendetta,F,12,0,12
Venecia,F,91,0,91
Venera,F,12,0,12
Venesa,F,16,0,16
Venessa,F,3237,0,3237
Veneta,F,32,0,32
Venetia,F,242,0,242
Venezia,F,78,0,78
Veniamin,M,10,10,0
Venice,F,544,5,539
Venicia,F,5,0,5
Venie,F,10,0,10
Venise,F,11,0,11
Venisha,F,5,0,5
Venita,F,2598,0,2598
Venna,F,18,0,18
Vennie,F,220,0,220
Venora,F,15,0,15
Ventura,M,526,493,33
Venus,F,5687,0,5687
Veola,F,625,0,625
Vera,F,124799,0,124799
Verania,F,144,0,144
Verba,F,47,0,47
Verbie,F,15,0,15
Verbon,M,123,123,0
Vercie,F,5,0,5
Verda,F,3985,0,3985
Verdell,F,849,41,808
Verdelle,F,5,0,5
Verdia,F,54,0,54
Verdie,F,742,0,742
Verdun,M,6,6,0
Verena,F,165,0,165
Verenice,F,1033,0,1033
Verenis,F,7,0,7
Verenise,F,113,0,113
Vergene,F,5,0,5
Vergia,F,31,0,31
Vergie,F,2264,0,2264
Vergil,M,227,227,0
Veria,F,5,0,5
Veridiana,F,5,0,5
Verity,F,428,0,428
Verl,M,784,779,5
Verla,F,3352,0,3352
Verlan,M,5,5,0
Verle,M,465,459,6
Verlean,F,53,0,53
Verlee,F,18,0,18
Verlene,F,253,0,253
Verlie,F,536,0,536
Verlin,M,1300,1295,5
Verlinda,F,15,0,15
Verline,F,216,0,216
Verlon,M,292,262,30
Verlyn,M,476,466,10
Verma,F,64,0,64
Vermell,F,285,0,285
Vermelle,F,53,0,53
Vermont,F,5,0,5
Vern,M,7450,7450,0
Verna,F,57143,11,57132
Vernal,M,91,91,0
Vernard,M,113,113,0
Verne,M,2778,2700,78
Vernease,F,6,0,6
Verneda,F,5,0,5
Vernee,F,7,0,7
Vernell,F,5937,970,4967
Vernelle,F,315,0,315
Verner,M,212,207,5
Vernessa,F,182,0,182
Vernestine,F,5,0,5
Vernetta,F,536,0,536
Vernette,F,103,0,103
Vernia,F,115,0,115
Vernice,F,3706,33,3673
Vernie,F,1737,490,1247
Vernis,M,5,5,0
Vernisha,F,5,0,5
Vernita,F,1271,0,1271
Vernon,M,139241,138943,298
Verona,F,919,0,919
Veroncia,F,20,0,20
Veronda,F,7,0,7
Veronic,F,5,0,5
Veronica,F,215640,349,215291
Veronika,F,1536,0,1536
Veronique,F,257,0,257
Versa,F,38,0,38
Versie,F,1128,5,1123
Verta,F,75,0,75
Vertell,F,24,0,24
Vertie,F,324,0,324
Vertis,U,15,10,5
Veryl,M,71,71,0
Vesna,F,5,0,5
Vesper,F,151,0,151
Vessie,F,20,0,20
Vesta,F,3180,0,3180
Vestal,M,25,20,5
Vestel,M,5,5,0
Vester,M,932,875,57
Veta,F,344,0,344
Veton,M,5,5,0
Vetra,F,5,0,5
Veva,F,146,0,146
Veyda,F,30,0,30
Vi,F,277,27,250
Via,F,29,0,29
Viaan,M,1056,1056,0
Viaansh,M,5,5,0
Vian,M,22,22,0
Viana,F,186,0,186
Vianca,F,1042,0,1042
Vianet,F,5,0,5
Vianey,F,2677,0,2677
Vianka,F,92,0,92
Vianna,F,599,0,599
Vianne,F,17,0,17
Vianney,F,1827,0,1827
Vibha,F,131,0,131
Vibhav,M,16,16,0
Vibiana,F,5,0,5
Vic,M,409,409,0
Vicci,F,10,0,10
Vicent,M,147,147,0
Vicenta,F,532,0,532
Vicente,M,18046,18046,0
Vichelle,F,5,0,5
Vicie,F,65,0,65
Vick,M,10,10,0
Vicke,F,5,0,5
Vicken,M,5,5,0
Vickey,F,3982,5,3977
Vicki,F,150779,0,150779
Vickiana,F,15,0,15
Vickie,F,107378,10,107368
Vicktoria,F,5,0,5
Vicky,F,50138,10,50128
Vickye,F,11,0,11
Victor,M,320207,319788,419
Victoralfonso,M,13,13,0
Victorhugo,M,13,13,0
Victoria,F,510858,196,510662
Victoriana,F,31,0,31
Victoriano,M,655,655,0
Victorina,F,10,0,10
Victorine,F,28,0,28
Victorino,M,21,21,0
Victorio,M,38,38,0
Victormanuel,M,93,93,0
Victory,F,346,10,336
Victorya,F,21,0,21
Vida,F,5842,0,5842
Vidal,M,2432,2432,0
Vidala,F,5,0,5
Vidalia,F,17,0,17
Videl,F,21,0,21
Vidhi,F,107,0,107
Vidushi,F,5,0,5
Vielka,F,31,0,31
Vienna,F,4354,0,4354
Vieno,F,55,0,55
Viera,F,5,0,5
Viet,M,408,408,0
Vieva,F,5,0,5
Viggo,M,257,257,0
Vignesh,M,10,10,0
Viha,F,49,0,49
Vihaan,M,4415,4415,0
Vihaana,F,5,0,5
Vihan,M,111,111,0
Vihana,F,28,0,28
Vijay,M,372,372,0
Vika,F,5,0,5
Vikas,M,22,22,0
Viki,F,431,0,431
Vikki,F,4001,0,4001
Vikram,M,744,744,0
Vikrant,M,6,6,0
Viktor,M,1768,1768,0
Viktoria,F,1084,0,1084
Viktoriya,F,23,0,23
Vila,F,15,0,15
Vilas,M,212,212,0
Viliami,M,210,210,0
Villa,F,5,0,5
Vilma,F,3027,0,3027
Vin,M,5,5,0
Vina,F,1144,0,1144
Vinal,M,46,46,0
Vinay,M,293,293,0
Vinayak,M,5,5,0
Vince,M,7879,7879,0
Vincent,M,351644,351468,176
Vincenta,F,8,0,8
Vincente,M,1034,1034,0
Vincenza,F,2400,0,2400
Vincenzia,F,5,0,5
Vincenzo,M,7677,7677,0
Vincie,F,10,0,10
Vincient,M,5,5,0
Vineet,M,15,15,0
Viney,F,6,0,6
Vinh,M,560,560,0
Vinicio,M,11,11,0
Vinicius,M,62,62,0
Vinita,F,226,0,226
Vinn,M,5,5,0
Vinnie,F,576,81,495
Vinny,M,401,401,0
Vinod,M,11,11,0
Vinson,M,816,816,0
Vint,M,5,5,0
Vinton,M,15,15,0
Viola,F,98705,0,98705
Violanda,F,8,0,8
Violet,F,155427,0,155427
Violeta,F,6015,0,6015
Violett,F,242,0,242
Violetta,F,1029,0,1029
Violette,F,2719,0,2719
Viona,F,5,0,5
Vir,M,75,75,0
Vira,F,16,0,16
Viraaj,M,189,189,0
Viraat,M,7,7,0
Viraj,M,767,767,0
Viransh,M,5,5,0
Virat,M,112,112,0
Virda,F,5,0,5
Virdell,F,5,0,5
Virdiana,F,12,0,12
Virdie,F,6,0,6
Viren,M,5,5,0
Virge,M,5,5,0
Virgel,M,94,94,0
Virgen,F,126,0,126
Virgene,F,23,0,23
Virgia,F,208,0,208
Virgie,F,14401,27,14374
Virgil,M,63217,63174,43
Virgiline,F,5,0,5
Virgilio,M,433,433,0
Virgin,F,17,0,17
Virgina,F,31,0,31
Virginia,F,626847,205,626642
Virgle,M,912,912,0
Viridiana,F,3398,0,3398
Virjean,F,10,0,10
Virjinia,F,6,0,6
Virlan,M,56,56,0
Virlee,F,11,0,11
Virna,F,48,0,48
Virtus,M,5,5,0
Visente,M,32,32,0
Vishaan,M,5,5,0
Vishal,M,768,768,0
Vishnu,M,262,262,0
Vishruth,M,18,18,0
Vishwa,M,10,10,0
Vita,F,1901,0,1901
Vitali,M,6,6,0
Vitalia,F,5,0,5
Vitaliy,M,95,95,0
Vitina,F,10,0,10
Vito,M,12142,12142,0
Vitor,M,5,5,0
Vitoria,F,36,0,36
Vittoria,F,428,0,428
Vittorio,M,162,162,0
Viva,F,658,0,658
Vivaan,M,1988,1988,0
Vivan,M,64,64,0
Viveca,F,7,0,7
Vivek,M,554,554,0
Vivi,F,56,0,56
Vivia,F,10,0,10
Vivian,F,212357,401,211956
Viviana,F,23496,0,23496
Viviane,F,72,0,72
Viviann,F,85,0,85
Vivianna,F,3038,0,3038
Vivianne,F,1136,0,1136
Viviano,M,63,63,0
Vivica,F,242,0,242
Vivien,F,3429,0,3429
Vivienne,F,17578,0,17578
Vivika,F,11,0,11
Vivin,M,5,5,0
Vivyana,F,5,0,5
Viya,F,6,0,6
Viyaan,M,5,5,0
Viyan,M,73,73,0
Viyona,F,5,0,5
Vlad,M,48,48,0
Vladimir,M,3695,3695,0
Vladislav,M,140,140,0
Vlasta,F,441,0,441
Void,F,16,7,9
Vola,F,60,12,48
Volf,M,5,5,0
Vollie,M,11,11,0
Volney,M,5,5,0
Volvi,M,27,27,0
Volvy,M,50,50,0
Von,M,1249,1237,12
Vona,F,5,0,5
Vonceil,F,16,0,16
Vonciel,F,5,0,5
Voncile,F,904,0,904
Voncille,F,72,0,72
Vonda,F,7059,0,7059
Vondell,F,10,0,10
Vonetta,F,334,0,334
Vong,M,22,22,0
Vonn,M,5,5,0
Vonna,F,37,0,37
Vonnie,F,932,0,932
Vontrell,M,5,5,0
Vontresa,F,5,0,5
Vontressa,F,10,0,10
Vonzella,F,7,0,7
Voshon,M,21,21,0
Vraj,M,48,48,0
Vrinda,F,13,0,13
Vu,M,259,259,0
Vue,M,42,42,0
Vuk,M,33,33,0
Vung,F,5,0,5
Vy,F,487,0,487
Vyan,M,5,5,0
Vyolet,F,5,0,5
Vyom,M,154,154,0
Vyonne,F,6,0,6
Wa,M,5,5,0
Wacey,M,41,41,0
Wachovia,F,6,0,6
Waddell,M,98,98,0
Wade,M,69499,69499,0
Wadeeah,F,5,0,5
Wael,M,27,27,0
Wafa,F,10,0,10
Wah,M,22,22,0
Wahab,M,5,5,0
Wai,M,81,70,11
Waino,M,119,119,0
Waitman,M,6,6,0
Wajiha,F,8,0,8
Wake,M,5,5,0
Walda,F,11,0,11
Waldemar,M,290,290,0
Walden,M,72,72,0
Waldene,F,5,0,5
Waldine,F,40,0,40
Waldo,M,1922,1922,0
Waldon,M,5,5,0
Waleed,M,594,594,0
Waleska,F,166,0,166
Walfred,M,44,44,0
Wali,M,292,292,0
Walid,M,103,103,0
Walida,F,11,0,11
Walker,M,34887,34677,210
Wallace,M,74834,74834,0
Waller,M,10,10,0
Walline,F,7,0,7
Wallis,F,5,0,5
Wally,M,1673,1668,5
Walsie,F,15,0,15
Walt,M,418,418,0
Walter,M,570315,569496,819
Walterine,F,71,0,71
Waltina,F,5,0,5
Walton,M,1876,1876,0
Wanda,F,276216,58,276158
Wandalee,F,10,0,10
Wane,M,5,5,0
Waneda,F,12,0,12
Wanell,F,8,0,8
Waneta,F,1056,0,1056
Wanetta,F,129,0,129
Wang,M,5,5,0
Wania,F,29,0,29
Wanita,F,391,0,391
Waniya,F,10,0,10
Wanna,F,22,0,22
Wannetta,F,18,0,18
Wanya,M,143,143,0
Wanza,F,17,0,17
Waqas,M,5,5,0
Ward,M,8730,8730,0
Wardean,F,7,0,7
Wardell,M,1626,1626,0
Warfield,M,5,5,0
Waris,M,79,79,0
Warnell,M,5,5,0
Warner,M,2933,2933,0
Warnie,M,11,11,0
Warren,M,174446,174424,22
Warrick,M,5,5,0
Wasco,M,11,11,0
Waseem,M,69,69,0
Wash,M,131,131,0
Washington,M,350,350,0
Wasil,M,46,46,0
Wassil,M,5,5,0
Wassillie,M,13,13,0
Wataru,M,32,32,0
Wateen,F,61,0,61
Watie,M,11,11,0
Watson,M,3024,3024,0
Wauneta,F,127,0,127
Waunita,F,88,0,88
Wava,F,390,0,390
Waveline,F,5,0,5
Waver,F,15,5,10
Waverly,F,3320,810,2510
Wavie,F,12,0,12
Wavy,M,5,5,0
Wayde,M,501,501,0
Waylan,M,97,97,0
Wayland,M,1117,1117,0
Waylen,M,994,994,0
Waylin,M,5,5,0
Waylon,M,41699,41683,16
Waylynn,F,20,0,20
Wayman,M,479,479,0
Waymon,M,2507,2507,0
Waymond,M,161,161,0
Wayne,M,349839,349798,41
Waynette,F,6,0,6
Waynisha,F,5,0,5
Waziha,F,8,0,8
Weaver,M,42,42,0
Webb,M,44,44,0
Webster,M,763,763,0
Wednesday,F,390,0,390
Wei,M,116,106,10
Welby,M,45,45,0
Weldon,M,9435,9435,0
Welford,M,187,187,0
Weller,M,15,15,0
Welles,M,40,40,0
Wellington,M,356,356,0
Wells,M,3516,3511,5
Weltha,F,10,0,10
Welton,M,763,763,0
Wen,F,33,16,17
Wenceslao,M,65,65,0
Wenceslaus,M,6,6,0
Wenda,F,68,0,68
Wendall,M,141,141,0
Wende,F,434,0,434
Wendee,F,118,0,118
Wendel,M,138,138,0
Wendelin,M,26,21,5
Wendell,M,48632,48632,0
Wendelyn,F,5,0,5
Wendi,F,12017,0,12017
Wendie,F,622,0,622
Wendolyn,F,65,0,65
Wendy,F,259752,118,259634
Wendyl,M,10,10,0
Wenona,F,93,0,93
Wenonah,F,12,0,12
Wensley,M,10,10,0
Werner,M,1418,1418,0
Weronika,F,128,0,128
Wes,M,2840,2840,0
Wesam,M,15,15,0
Weslee,M,78,68,10
Wesley,M,231837,231337,500
Weslie,F,58,0,58
Wesly,M,75,75,0
Weslyn,F,80,0,80
Weslynn,F,77,0,77
Wess,M,10,10,0
Wessie,F,45,0,45
Wesson,M,1908,1908,0
West,M,755,755,0
Westen,M,427,427,0
Westin,M,4988,4988,0
Westley,M,4831,4831,0
Westly,M,5,5,0
Westlyn,F,109,0,109
Westlynn,F,22,0,22
Weston,M,61647,61642,5
Westonia,F,5,0,5
Westyn,M,1348,1348,0
Wetzel,M,56,56,0
Weyman,M,258,258,0
Wheeler,M,111,111,0
Whisper,F,20,0,20
Whit,M,77,77,0
Whitaker,M,84,84,0
Whitlee,F,133,0,133
Whitleigh,F,6,0,6
Whitley,F,5871,137,5734
Whitman,M,10,10,0
Whitnee,F,69,0,69
Whitney,F,97575,2557,95018
Whitni,F,22,0,22
Whitnie,F,30,0,30
Whitt,M,11,11,0
Whittaker,M,15,15,0
Whitten,M,133,133,0
Whittney,F,651,0,651
Wicahpi,F,5,0,5
Widline,F,8,0,8
Wiktor,M,5,5,0
Wiktoria,F,155,0,155
Wil,M,25,25,0
Wilber,M,2880,2880,0
Wilbern,M,39,39,0
Wilbert,M,35006,35006,0
Wilberth,M,5,5,0
Wilberto,M,104,104,0
Wilborn,M,36,36,0
Wilbur,M,49271,49271,0
Wilburn,M,7678,7678,0
Wilburt,M,38,38,0
Wilda,F,9180,0,9180
Wilde,M,7,7,0
Wilder,M,5465,5335,130
Wiley,M,11587,11577,10
Wilferd,M,10,10,0
Wilford,M,6190,6190,0
Wilfred,M,23251,23246,5
Wilfredo,M,8096,8096,0
Wilfrid,M,276,276,0
Wilfrido,M,108,108,0
Wilgus,M,58,58,0
Wilhelm,M,54,54,0
Wilhelmena,F,331,0,331
Wilhelmenia,F,512,0,512
Wilhelmina,F,6118,0,6118
Wilhelmine,F,5,0,5
Wilhemena,F,5,0,5
Wilhemenia,F,31,0,31
Wilhemina,F,80,0,80
Wilho,M,54,54,0
Wiliam,M,21,21,0
Wilkens,M,6,6,0
Wilkes,M,28,28,0
Wilkie,M,47,47,0
Wilkins,M,5,5,0
Will,M,26185,26120,65
Willa,F,25680,0,25680
Willadean,F,166,0,166
Willadeen,F,15,0,15
Willadene,F,5,0,5
Willaim,M,31,31,0
Willam,M,498,498,0
Willamina,F,21,0,21
Willard,M,69324,69235,89
Willavene,F,5,0,5
Willean,F,6,0,6
Willem,M,919,919,0
Willena,F,83,0,83
Willene,F,1614,0,1614
Willet,F,5,0,5
Willetta,F,157,0,157
Willette,F,373,0,373
Willia,F,1430,0,1430
William,M,3961947,3951735,10212
Williams,M,2397,2397,0
Willian,M,588,588,0
Williard,M,80,80,0
Willie,M,534153,413002,121151
Williemae,F,157,0,157
Willine,F,33,0,33
Willis,M,43435,43408,27
Willmer,M,5,5,0
Willo,F,33,0,33
Willodean,F,777,0,777
Willodene,F,44,0,44
Willow,F,53064,11,53053
Willy,M,1187,1187,0
Willye,F,50,0,50
Wilma,F,131671,5,131666
Wilmajean,F,5,0,5
Wilmar,M,11,11,0
Wilmer,M,10777,10698,79
Wilmina,F,5,0,5
Wilmon,M,17,17,0
Wilmot,M,5,5,0
Wilna,F,17,0,17
Wilnelia,F,5,0,5
Wilodean,F,15,0,15
Wilson,M,41279,41279,0
Wilton,M,4942,4942,0
Wiltz,M,7,7,0
Wilver,M,5,5,0
Windell,M,1076,1076,0
Windi,F,44,0,44
Windie,F,6,0,6
Windle,M,17,17,0
Windsor,F,29,0,29
Windy,F,3114,0,3114
Winferd,M,5,5,0
Winfield,M,1341,1341,0
Winford,M,2505,2505,0
Winfred,M,6614,6609,5
Wing,U,17,12,5
Wingate,M,5,5,0
Winifred,F,34431,161,34270
Winna,F,6,0,6
Winnell,F,10,0,10
Winner,M,5,5,0
Winni,F,61,0,61
Winnie,F,16572,0,16572
Winnifred,F,1596,0,1596
Winona,F,6474,0,6474
Winry,F,294,0,294
Winsley,F,10,5,5
Winslow,F,206,85,121
Winson,M,85,85,0
Winston,M,25548,25548,0
Winter,F,11585,132,11453
Winthrop,M,264,264,0
Winton,M,259,259,0
Wirt,M,11,11,0
Wisdom,U,301,197,104
Wissam,M,6,6,0
Wister,M,5,5,0
Wisteria,F,6,0,6
Witney,F,5,0,5
Witt,M,10,10,0
Witten,M,408,403,5
Wladyslaw,M,6,6,0
Wladyslawa,F,5,0,5
Wm,M,441,441,0
Wofford,M,10,10,0
Wojciech,M,5,5,0
Wolf,M,711,711,0
Wolfe,M,73,73,0
Wolfgang,M,1088,1088,0
Wonda,F,486,0,486
Wonnie,F,5,0,5
Wood,M,14,14,0
Woodard,M,5,5,0
Woodford,M,161,161,0
Woodie,M,533,508,25
Woodley,M,33,33,0
Woodroe,M,211,211,0
Woodrow,M,34441,34441,0
Woodruff,M,5,5,0
Woods,M,86,86,0
Woodson,M,65,65,0
Woody,M,1279,1279,0
Worley,M,108,108,0
Worth,M,834,834,0
Worthy,M,28,28,0
Wrangler,M,10,10,0
Wray,F,5,0,5
Wreatha,F,5,0,5
Wren,F,10211,784,9427
Wrenlee,F,1035,0,1035
Wrenleigh,F,443,0,443
Wrenley,F,3770,0,3770
Wrenly,F,232,0,232
Wrenn,F,44,0,44
Wright,M,61,61,0
Wrigley,F,78,26,52
Wrynlee,F,21,0,21
Wyatt,M,191425,191147,278
Wydell,F,5,0,5
Wyeth,M,5,5,0
Wyland,M,41,41,0
Wylde,M,6,6,0
Wylder,M,1042,1042,0
Wylean,F,5,0,5
Wylene,F,452,0,452
Wylie,M,1660,1594,66
Wylma,F,10,0,10
Wylodean,F,5,0,5
Wylodene,F,5,0,5
Wyman,M,615,615,0
Wymon,M,5,5,0
Wyndell,M,15,15,0
Wynell,F,497,0,497
Wynelle,F,258,0,258
Wynema,F,257,0,257
Wynette,F,39,0,39
Wynn,U,422,273,149
Wynne,F,96,0,96
Wynona,F,1104,0,1104
Wynonna,F,23,0,23
Wynston,M,30,30,0
Wynter,F,7291,0,7291
Wynton,M,15,15,0
Wyolene,F,30,0,30
Wyoma,F,77,0,77
Wyona,F,5,0,5
Wyteria,F,5,0,5
Wyvonne,F,17,0,17
Xabi,M,16,16,0
Xacari,M,5,5,0
Xaden,M,10,10,0
Xadrian,M,44,44,0
Xai,M,44,44,0
Xaiden,M,449,449,0
Xaila,F,14,0,14
Xaiver,M,123,123,0
Xalia,F,5,0,5
Xan,F,10,0,10
Xander,M,36638,36632,6
Xandra,F,6,0,6
Xandria,F,82,0,82
Xane,M,50,50,0
Xang,M,5,5,0
Xao,M,5,5,0
Xara,F,16,0,16
Xareni,F,215,0,215
Xaria,F,144,0,144
Xariah,F,7,0,7
Xavi,M,1463,1463,0
Xavia,F,28,0,28
Xavian,M,635,635,0
Xaviar,M,10,10,0
Xavien,M,325,325,0
Xavier,M,151257,151210,47
Xaviera,F,11,0,11
Xavion,M,1139,1139,0
Xavior,M,268,268,0
Xavius,M,6,6,0
Xayah,F,10,0,10
Xayden,M,248,248,0
Xayla,F,10,0,10
Xaylee,F,6,0,6
Xayne,M,6,6,0
Xayvion,M,5,5,0
Xcaret,F,16,0,16
Xee,F,36,0,36
Xela,F,42,0,42
Xen,M,5,5,0
Xena,F,1909,0,1909
Xeng,M,18,18,0
Xenia,F,1048,0,1048
Xenovia,F,5,0,5
Xia,F,99,0,99
Xiadani,F,11,0,11
Xiamara,F,21,0,21
Xian,M,17,17,0
Xiana,F,71,0,71
Xianna,F,16,0,16
Xiao,F,29,5,24
Xiara,F,19,0,19
Xiclaly,F,18,0,18
Xilena,F,5,0,5
Xilenia,F,20,0,20
Ximena,F,35295,0,35295
Ximenna,F,117,0,117
Xin,F,95,0,95
Xinyi,F,12,0,12
Xiomara,F,9181,0,9181
Xion,M,212,212,0
Xiong,M,57,57,0
Xitlali,F,1867,0,1867
Xitlalic,F,121,0,121
Xitlalli,F,147,0,147
Xitlally,F,40,0,40
Xitlaly,F,1223,0,1223
Xitllali,F,19,0,19
Xochi,F,6,0,6
Xochil,F,262,0,262
Xochilt,F,852,0,852
Xochilth,F,16,0,16
Xochitl,F,4304,0,4304
Xoe,F,105,0,105
Xoey,F,16,0,16
Xolani,F,279,0,279
Xotchil,F,10,0,10
Xuan,F,27,0,27
Xue,M,32,27,5
Xuri,F,48,0,48
Xyaire,M,5,5,0
Xyla,F,939,0,939
Xylah,F,66,0,66
Xylia,F,15,0,15
Xylina,F,10,0,10
Xylo,M,17,17,0
Xymena,F,5,0,5
Xyon,M,11,11,0
Xzander,M,124,124,0
Xzavian,M,54,54,0
Xzavien,M,36,36,0
Xzavier,M,6395,6395,0
Xzavion,M,267,267,0
Xzavior,M,10,10,0
Xzayvian,M,5,5,0
Xzayvier,M,6,6,0
Ya,F,6,0,6
Yaa,F,10,0,10
Yaacov,M,20,20,0
Yaakov,M,4683,4683,0
Yaaseen,M,6,6,0
Yaasmiyn,F,5,0,5
Yachet,F,187,0,187
Yachiyo,F,6,0,6
Yachy,F,21,0,21
Yacoub,M,5,5,0
Yacqub,M,10,10,0
Yadhira,F,769,0,769
Yadiel,M,2866,2866,0
Yadier,M,313,313,0
Yadir,M,5,5,0
Yadira,F,11028,11,11017
Yadirah,F,5,0,5
Yadria,F,5,0,5
Yadriel,M,49,49,0
Yaeko,F,341,0,341
Yael,F,6259,3488,2771
Yaeli,F,5,0,5
Yaelis,F,5,0,5
Yafet,M,27,27,0
Yaffa,F,165,0,165
Yagmur,F,5,0,5
Yago,M,48,48,0
Yahaira,F,3852,0,3852
Yahayra,F,29,0,29
Yahel,M,317,317,0
Yahia,M,98,98,0
Yahir,M,10910,10905,5
Yahira,F,101,0,101
Yahritza,F,45,0,45
Yahshua,M,16,16,0
Yahsir,M,26,26,0
Yahya,M,2596,2596,0
Yahye,M,131,131,0
Yaileen,F,18,0,18
Yailene,F,5,0,5
Yailin,F,342,0,342
Yailine,F,6,0,6
Yailyn,F,33,0,33
Yaindhi,F,11,0,11
Yair,M,3484,3484,0
Yaira,F,89,0,89
Yaire,F,311,0,311
Yairis,F,5,0,5
Yaiza,F,118,0,118
Yajahira,F,6,0,6
Yajaira,F,4380,0,4380
Yajayra,F,103,0,103
Yakelin,F,97,0,97
Yakeline,F,5,0,5
Yakima,F,11,0,11
Yakira,F,170,0,170
Yakov,M,2638,2638,0
Yalanda,F,27,0,27
Yalani,F,12,0,12
Yalda,F,11,0,11
Yale,M,99,99,0
Yalexa,F,33,0,33
Yalexi,F,5,0,5
Yali,F,6,0,6
Yalissa,F,10,0,10
Yalitza,F,414,0,414
Yalonda,F,141,0,141
Yama,M,12,12,0
Yaman,M,28,28,0
Yamari,M,16,16,0
Yamaris,F,6,0,6
Yamato,M,5,5,0
Yameiry,F,5,0,5
Yamel,F,26,0,26
Yameli,F,42,0,42
Yamen,M,10,10,0
Yamil,M,592,592,0
Yamila,F,424,0,424
Yamile,F,625,0,625
Yamiles,F,14,0,14
Yamilet,F,3636,0,3636
Yamileth,F,4936,0,4936
Yamilett,F,104,0,104
Yamilette,F,103,0,103
Yamilex,F,799,0,799
Yaminah,F,20,0,20
Yamir,M,118,118,0
Yamira,F,6,0,6
Yamna,F,12,0,12
Yan,M,181,174,7
Yana,F,1009,0,1009
Yanai,F,5,0,5
Yanaisy,F,6,0,6
Yanay,F,6,0,6
Yancarlos,M,21,21,0
Yancey,M,93,93,0
Yancy,M,507,452,55
Yandel,M,2819,2819,0
Yandell,M,5,5,0
Yandiel,M,58,58,0
Yandriel,M,5,5,0
Yaneisy,F,6,0,6
Yanel,F,9,0,9
Yaneli,F,2388,0,2388
Yanelis,F,186,0,186
Yaneliz,F,37,0,37
Yanell,F,5,0,5
Yanelli,F,148,0,148
Yanellie,F,5,0,5
Yanelly,F,313,0,313
Yanely,F,802,0,802
Yanelys,F,5,0,5
Yanessa,F,15,0,15
Yanet,F,1294,0,1294
Yaneth,F,525,0,525
Yanett,F,18,0,18
Yanette,F,51,0,51
Yang,M,52,40,12
Yani,F,10,0,10
Yanick,F,12,0,12
Yaniel,M,270,270,0
Yanil,F,23,0,23
Yanilen,F,41,0,41
Yanill,F,15,0,15
Yanin,F,12,0,12
Yanina,F,46,0,46
Yanine,F,15,0,15
Yanique,F,62,0,62
Yanira,F,2150,0,2150
Yaniris,F,22,0,22
Yanis,M,140,140,0
Yanitza,F,127,0,127
Yaniv,M,17,17,0
Yanixan,M,35,35,0
Yanky,M,82,82,0
Yann,M,17,17,0
Yanna,F,10,0,10
Yannely,F,5,0,5
Yannet,F,5,0,5
Yanni,M,131,131,0
Yannick,M,181,181,0
Yannis,M,58,53,5
Yanuel,M,89,89,0
Yanziel,M,5,5,0
Yao,M,11,11,0
Yaqub,M,143,143,0
Yaquelin,F,731,0,731
Yaqueline,F,42,0,42
Yaquelyn,F,5,0,5
Yara,F,4987,0,4987
Yarden,M,5,5,0
Yared,M,119,114,5
Yarel,F,279,22,257
Yareli,F,8846,0,8846
Yarelie,F,22,0,22
Yarelin,F,12,0,12
Yarelis,F,192,0,192
Yareliz,F,5,0,5
Yarelli,F,56,0,56
Yarelly,F,33,0,33
Yarely,F,2690,0,2690
Yarelyn,F,14,0,14
Yaremi,F,5,0,5
Yareni,F,194,0,194
Yarenis,F,20,0,20
Yareth,F,181,106,75
Yarethzi,F,7,0,7
Yarethzy,F,19,0,19
Yaretsi,F,23,0,23
Yaretsy,F,8,0,8
Yaretzi,F,12148,0,12148
Yaretzie,F,10,0,10
Yaretzy,F,1819,0,1819
Yarexi,F,18,0,18
Yari,F,44,0,44
Yariah,F,10,0,10
Yariana,F,13,0,13
Yaribeth,F,6,0,6
Yaricza,F,6,0,6
Yariel,M,1227,1227,0
Yarielis,F,45,0,45
Yarieliz,F,10,0,10
Yarielys,F,5,0,5
Yarima,F,38,0,38
Yaris,F,11,0,11
Yarisa,F,5,0,5
Yarisbel,F,19,0,19
Yarisbeth,F,5,0,5
Yarishna,F,17,0,17
Yarissa,F,10,0,10
Yarithza,F,5,0,5
Yaritza,F,6891,0,6891
Yaritzel,F,43,0,43
Yaritzi,F,64,0,64
Yaritzy,F,16,0,16
Yarixa,F,10,0,10
Yarnell,F,10,0,10
Yaro,M,24,24,0
Yaron,M,30,30,0
Yaroslav,M,10,10,0
Yasaman,F,42,0,42
Yasamin,F,43,0,43
Yaseen,M,1992,1992,0
Yasemin,F,24,0,24
Yaser,M,5,5,0
Yash,M,1628,1628,0
Yasheka,F,5,0,5
Yashica,F,419,0,419
Yashika,F,58,0,58
Yashira,F,126,0,126
Yashvi,F,106,0,106
Yasiel,M,351,351,0
Yasin,M,1341,1341,0
Yasina,F,5,0,5
Yasir,M,1842,1842,0
Yasirah,F,5,0,5
Yaslene,F,5,0,5
Yaslin,F,83,0,83
Yasmani,M,10,10,0
Yasmeen,F,4235,0,4235
Yasmen,F,10,0,10
Yasmin,F,18812,0,18812
Yasmina,F,429,0,429
Yasmine,F,11494,0,11494
Yasna,F,20,0,20
Yassen,M,6,6,0
Yasser,M,246,246,0
Yassin,M,353,353,0
Yassine,M,42,42,0
Yassir,M,16,16,0
Yasuko,F,191,0,191
Yasunobu,M,5,5,0
Yasuo,M,156,156,0
Yatana,F,10,0,10
Yates,M,114,114,0
Yatzari,F,57,0,57
Yatzary,F,5,0,5
Yatzil,F,210,0,210
Yatziri,F,672,0,672
Yatziry,F,188,0,188
Yavuz,M,5,5,0
Yaw,M,12,12,0
Yaxeni,F,16,0,16
Yaxiel,M,10,10,0
Yayeko,F,5,0,5
Yayoi,F,5,0,5
Yazaira,F,61,0,61
Yazan,M,739,739,0
Yazeed,M,5,5,0
Yazen,M,5,5,0
Yazid,M,21,21,0
Yaziel,M,59,59,0
Yazir,M,10,10,0
Yazleemar,F,12,0,12
Yazleen,F,7,0,7
Yazlin,F,95,0,95
Yazlyn,F,36,0,36
Yazlynn,F,6,0,6
Yazmeen,F,79,0,79
Yazmin,F,7300,0,7300
Yazmine,F,1311,0,1311
Yazmyn,F,5,0,5
Ydania,F,5,0,5
Yecenia,F,675,0,675
Yecheskel,M,266,266,0
Yechezkel,M,585,585,0
Yechiel,M,1514,1514,0
Yedidya,M,10,10,0
Yee,F,145,78,67
Yeeleng,M,5,5,0
Yeferson,M,5,5,0
Yegor,M,5,5,0
Yehia,M,20,20,0
Yehoshua,M,1716,1716,0
Yehuda,M,6314,6314,0
Yehudah,M,448,448,0
Yehudis,F,1783,0,1783
Yehudit,F,25,0,25
Yeidan,M,5,5,0
Yeiden,M,40,40,0
Yeila,F,6,0,6
Yeilani,F,6,0,6
Yeilin,F,20,0,20
Yeimi,F,193,0,193
Yeimy,F,160,0,160
Yeira,F,18,0,18
Yeison,M,80,80,0
Yekusiel,M,17,17,0
Yelena,F,462,0,462
Yelenis,F,5,0,5
Yelissa,F,5,0,5
Yelitza,F,443,0,443
Yemariam,F,39,0,39
Yemaya,F,62,0,62
Yen,F,131,5,126
Yena,F,34,0,34
Yeneisy,F,6,0,6
Yeng,M,272,243,29
Yeni,F,120,0,120
Yenia,F,6,0,6
Yenifer,F,531,0,531
Yenna,F,5,0,5
Yennifer,F,115,0,115
Yenny,F,37,0,37
Yenty,F,62,0,62
Yer,F,461,43,418
Yerachmiel,M,94,94,0
Yeraldi,F,7,0,7
Yeraldin,F,110,0,110
Yeraldine,F,6,0,6
Yerania,F,5,0,5
Yeray,M,87,87,0
Yerick,M,11,11,0
Yeriel,M,77,77,0
Yerik,M,642,642,0
Yesenia,F,37487,153,37334
Yeshaya,M,504,504,0
Yeshua,M,1267,1267,0
Yesica,F,1447,0,1447
Yesika,F,5,0,5
Yesli,F,15,0,15
Yeslin,F,10,0,10
Yesly,F,22,0,22
Yesmin,F,5,0,5
Yessenia,F,5847,5,5842
Yessica,F,2730,0,2730
Yetta,F,2097,0,2097
Yetzael,M,8,8,0
Yetzali,F,128,0,128
Yeva,F,46,0,46
Yevette,F,146,0,146
Yexalen,F,10,0,10
Yezenia,F,119,0,119
Ygnacio,M,315,315,0
Yhair,M,5,5,0
Yi,U,71,44,27
Yia,M,7,7,0
Yian,M,6,6,0
Yianna,F,5,0,5
Yianni,M,38,38,0
Yiannis,M,15,15,0
Yicel,F,16,0,16
Yichen,M,59,59,0
Yida,M,229,229,0
Yiddy,M,27,27,0
Yidel,M,198,198,0
Yides,F,660,0,660
Yidi,M,5,5,0
Yidis,F,5,0,5
Yifan,M,5,5,0
Yihan,F,10,5,5
Yilda,F,13,0,13
Yilia,F,29,0,29
Yilin,F,7,0,7
Ying,F,117,47,70
Yinuo,F,5,0,5
Yira,F,8,0,8
Yisel,F,281,0,281
Yisell,F,5,0,5
Yishai,M,167,167,0
Yishay,M,15,15,0
Yisrael,M,860,860,0
Yisroel,M,5537,5537,0
Yissachar,M,6,6,0
Yissel,F,66,0,66
Yissochor,M,10,10,0
Yita,F,32,0,32
Yitel,F,5,0,5
Yitta,F,186,0,186
Yittel,F,74,0,74
Yitty,F,1611,0,1611
Yitzchak,M,929,929,0
Yitzchok,M,4557,4557,0
Yitzel,F,12,0,12
Yitzy,M,6,6,0
Yiyang,M,5,5,0
Yiyi,F,25,0,25
Yizel,F,15,0,15
Yizza,F,5,0,5
Yliana,F,104,0,104
Ylonda,F,11,0,11
Ymani,F,15,0,15
Ynes,F,12,7,5
Ynez,F,18,0,18
Yo,F,8,0,8
Yoadan,F,5,0,5
Yoali,F,5,0,5
Yoan,M,28,28,0
Yoana,F,738,0,738
Yoandra,F,17,0,17
Yoandri,M,50,50,0
Yoandry,M,6,6,0
Yoanna,F,187,0,187
Yoatzi,F,39,0,39
Yoav,M,54,54,0
Yobana,F,16,0,16
Yobani,M,298,298,0
Yobany,M,21,21,0
Yocasta,F,5,0,5
Yocelin,F,507,0,507
Yoceline,F,30,0,30
Yocelyn,F,411,0,411
Yocelyne,F,7,0,7
Yochanan,M,134,134,0
Yochanon,M,22,22,0
Yocheved,F,1883,0,1883
Yoel,M,2933,2933,0
Yohan,M,657,657,0
Yohana,F,451,0,451
Yohance,M,19,19,0
Yohann,M,20,20,0
Yohanna,F,221,0,221
Yohannes,M,17,17,0
Yokasta,F,6,0,6
Yoko,F,51,0,51
Yola,F,182,0,182
Yoland,F,5,0,5
Yolanda,F,108814,73,108741
Yolande,F,264,0,264
Yolander,F,12,0,12
Yolando,F,27,0,27
Yolandra,F,5,0,5
Yolette,F,10,0,10
Yolonda,F,2021,0,2021
Yoltzin,F,16,5,11
Yolunda,F,5,0,5
Yomaira,F,172,0,172
Yomar,M,46,46,0
Yomara,F,16,0,16
Yomayra,F,48,0,48
Yomira,F,63,0,63
Yomtov,M,8,8,0
Yona,M,243,243,0
Yonael,M,5,5,0
Yonah,M,452,452,0
Yonas,M,5,5,0
Yonason,M,12,12,0
Yonatan,M,1247,1247,0
Yonathan,M,507,507,0
Yoneko,F,121,0,121
Yoneo,M,17,17,0
Yong,F,171,63,108
Yoni,M,152,152,0
Yonis,M,98,98,0
Yony,M,5,5,0
Yordan,M,18,18,0
Yordi,M,153,153,0
Yordy,M,5,5,0
York,M,18,18,0
Yorley,F,62,0,62
Yosbel,M,5,5,0
Yoscar,M,5,5,0
Yosef,M,8327,8327,0
Yoselin,F,5223,0,5223
Yoseline,F,400,0,400
Yoselyn,F,915,0,915
Yoseph,M,240,240,0
Yosgar,M,41,41,0
Yosgart,M,122,122,0
Yoshi,M,27,22,5
Yoshiaki,M,53,53,0
Yoshida,F,5,0,5
Yoshie,F,321,0,321
Yoshiharu,M,34,34,0
Yoshikatsu,M,5,5,0
Yoshiko,F,1013,0,1013
Yoshimi,U,32,22,10
Yoshino,F,37,0,37
Yoshinobu,M,20,20,0
Yoshio,M,885,885,0
Yoshiro,M,5,5,0
Yoshitaka,M,5,5,0
Yoshito,M,145,145,0
Yoshiye,F,84,0,84
Yoshiyuki,M,12,12,0
Yoshua,M,60,60,0
Yosiah,M,41,41,0
Yoskar,M,28,28,0
Yosra,F,5,0,5
Yossef,M,6,6,0
Yosselin,F,126,0,126
Yosselyn,F,21,0,21
Yossi,M,316,316,0
Yostin,M,22,22,0
Yosuf,M,5,5,0
Youa,F,53,0,53
Youlanda,F,129,0,129
Younes,M,111,111,0
Young,U,547,363,184
Younis,M,215,215,0
Yousaf,M,24,24,0
Yousef,M,4864,4864,0
Yousif,M,763,763,0
Yousra,F,10,0,10
Youssef,M,2367,2367,0
Youssouf,M,69,69,0
Yousuf,M,766,766,0
Yovana,F,115,0,115
Yovani,M,1032,1032,0
Yovanna,F,28,0,28
Yovanni,M,166,166,0
Yovanny,M,53,53,0
Yovany,M,208,208,0
Yoyo,F,11,0,11
Ysabel,F,633,104,529
Ysabella,F,1075,0,1075
Ysabelle,F,114,0,114
Ysamar,F,10,0,10
Ysela,F,15,0,15
Ysenia,F,142,0,142
Ysidoro,M,11,11,0
Ysidra,F,37,0,37
Ysidro,M,797,797,0
Ysmael,M,28,28,0
Ytzel,F,75,0,75
Yu,F,194,83,111
Yuan,F,10,5,5
Yuda,M,21,21,0
Yudany,F,5,0,5
Yudelca,F,5,0,5
Yudelka,F,15,0,15
Yudith,F,117,0,117
Yue,F,17,7,10
Yuepheng,M,22,22,0
Yug,M,151,151,0
Yuhan,F,6,0,6
Yui,F,98,0,98
Yuji,M,17,17,0
Yuka,F,67,0,67
Yukari,F,10,0,10
Yuki,F,422,109,313
Yukie,F,166,0,166
Yukiko,F,264,0,264
Yukio,M,339,339,0
Yukiye,F,18,0,18
Yuko,F,7,0,7
Yul,M,37,37,0
Yulanda,F,203,0,203
Yulani,F,7,0,7
Yuleidy,F,5,0,5
Yuleimy,F,22,0,22
Yulemni,F,8,0,8
Yuli,F,50,0,50
Yulia,F,66,0,66
Yulian,M,118,118,0
Yuliana,F,4982,0,4982
Yulianna,F,796,0,796
Yulie,F,5,0,5
Yuliet,F,16,0,16
Yulieth,F,36,0,36
Yulisa,F,1183,0,1183
Yulissa,F,2957,0,2957
Yulitza,F,17,0,17
Yuliya,F,5,0,5
Yuliza,F,183,0,183
Yulonda,F,198,0,198
Yuma,M,62,57,5
Yumalai,F,6,0,6
Yumalay,F,22,0,22
Yumeka,F,7,0,7
Yumi,F,242,0,242
Yumiko,F,15,0,15
Yumna,F,40,0,40
Yuna,F,1554,0,1554
Yunay,M,14,14,0
Yuniel,M,18,18,0
Yunior,M,34,34,0
Yunis,M,45,45,0
Yunuen,F,133,0,133
Yunus,M,524,524,0
Yupheng,M,6,6,0
Yurani,F,145,0,145
Yurany,F,10,0,10
Yurem,M,571,571,0
Yuren,M,5,5,0
Yuri,F,2675,645,2030
Yuriana,F,153,0,153
Yurico,F,11,0,11
Yuridia,F,1734,0,1734
Yuridiana,F,15,0,15
Yuriel,M,11,11,0
Yuriko,F,392,0,392
Yuritza,F,76,0,76
Yuritzi,F,306,0,306
Yuritzy,F,133,0,133
Yury,F,63,0,63
Yusef,M,1408,1408,0
Yusha,M,5,5,0
Yusif,M,27,27,0
Yusra,F,1458,0,1458
Yussef,M,5,5,0
Yussuf,M,10,10,0
Yusuf,M,8292,8292,0
Yusuke,M,27,27,0
Yuta,M,60,60,0
Yutaka,M,202,202,0
Yuto,M,50,50,0
Yutong,F,6,0,6
Yuuki,M,10,10,0
Yuvaan,M,517,517,0
Yuval,F,57,30,27
Yuvan,M,445,445,0
Yuven,M,5,5,0
Yuvia,F,140,0,140
Yuvin,M,36,36,0
Yuvraj,M,601,601,0
Yuxi,F,5,0,5
Yvan,M,40,40,0
Yvanna,F,99,0,99
Yves,M,319,319,0
Yveth,F,5,0,5
Yvett,F,48,0,48
Yvetta,F,10,0,10
Yvette,F,59349,17,59332
Yvon,M,6,6,0
Yvonda,F,5,0,5
Yvonna,F,41,0,41
Yvonne,F,151119,16,151103
Yvonnie,F,24,0,24
Yy,M,5,5,0
Yzabel,F,10,0,10
Yzabella,F,191,0,191
Yzabelle,F,5,0,5
Zaahir,M,13,13,0
Zaakir,M,5,5,0
Zaara,F,289,0,289
Zabdi,F,23,0,23
Zabdiel,M,653,653,0
Zabella,F,20,0,20
Zabrina,F,229,0,229
Zac,M,436,436,0
Zacari,M,188,188,0
Zacaria,F,5,0,5
Zacariah,M,7,7,0
Zacarias,M,314,314,0
Zacary,M,142,142,0
Zaccai,M,28,28,0
Zacchaeus,M,514,514,0
Zaccheus,M,5,5,0
Zach,M,683,683,0
Zachari,M,43,43,0
Zacharia,M,238,238,0
Zachariah,M,27878,27878,0
Zacharias,M,439,439,0
Zacharie,M,84,84,0
Zachary,M,546803,546470,333
Zacheriah,M,11,11,0
Zachery,M,27190,27190,0
Zachory,M,39,39,0
Zachry,M,328,328,0
Zack,M,4000,4000,0
Zackariah,M,169,169,0
Zackary,M,28989,28989,0
Zackery,M,15197,15197,0
Zackory,M,5,5,0
Zackry,M,13,13,0
Zada,F,352,0,352
Zade,M,397,397,0
Zaden,M,937,937,0
Zadie,F,1169,0,1169
Zadkiel,M,44,44,0
Zadok,M,46,46,0
Zadrian,M,42,42,0
Zadyn,M,10,10,0
Zae,M,13,13,0
Zaeden,M,57,57,0
Zaedyn,M,148,148,0
Zaeem,M,32,32,0
Zael,M,144,144,0
Zaela,F,5,0,5
Zaelyn,M,21,21,0
Zaelynn,F,101,0,101
Zafar,M,6,6,0
Zafir,M,21,21,0
Zagreus,M,5,5,0
Zahara,F,1974,0,1974
Zahari,F,10,5,5
Zahava,F,354,0,354
Zaheer,M,13,13,0
Zahid,M,353,353,0
Zahir,M,3042,3042,0
Zahira,F,398,0,398
Zahirah,F,32,0,32
Zahlia,F,5,0,5
Zahmir,M,227,227,0
Zahra,F,6623,0,6623
Zahraa,F,429,0,429
Zahrah,F,11,0,11
Zahria,F,211,0,211
Zahro,F,5,0,5
Zai,M,11,11,0
Zaia,F,126,0,126
Zaiah,F,10,0,10
Zaid,M,5174,5174,0
Zaida,F,1869,0,1869
Zaidan,M,43,43,0
Zaidee,F,48,0,48
Zaiden,M,9744,9744,0
Zaidy,F,5,0,5
Zaidyn,M,576,576,0
Zaila,F,161,0,161
Zailee,F,57,0,57
Zailey,F,292,0,292
Zailyn,F,31,10,21
Zailynn,F,21,0,21
Zaima,F,5,0,5
Zain,M,7250,7244,6
Zaina,F,1689,0,1689
Zainab,F,5195,0,5195
Zainah,F,5,0,5
Zaine,M,604,604,0
Zaineb,F,5,0,5
Zair,M,64,64,0
Zaira,F,3113,0,3113
Zairah,F,10,0,10
Zaire,M,7511,7080,431
Zaiya,F,59,0,59
Zaiyah,F,11,0,11
Zak,M,201,201,0
Zakai,M,2087,2087,0
Zakari,M,988,988,0
Zakaria,M,1515,1466,49
Zakariah,M,105,105,0
Zakariya,M,1226,1226,0
Zakariye,M,49,49,0
Zakary,M,3353,3353,0
Zakayla,F,32,0,32
Zakee,M,154,154,0
Zakeria,F,11,0,11
Zakery,M,187,187,0
Zakhari,M,35,35,0
Zakhi,M,10,10,0
Zakhia,F,12,0,12
Zaki,M,253,253,0
Zakia,F,511,0,511
Zakiah,F,15,0,15
Zakir,M,47,47,0
Zakira,F,20,0,20
Zakiya,F,1437,0,1437
Zakiyah,F,679,0,679
Zakiyyah,F,366,0,366
Zakk,M,22,22,0
Zakkary,M,173,173,0
Zakkery,M,5,5,0
Zakkiyya,F,5,0,5
Zakyra,F,5,0,5
Zakyrie,M,5,5,0
Zala,F,16,0,16
Zalani,F,11,0,11
Zalaya,F,52,0,52
Zalayah,F,150,0,150
Zaleah,F,22,0,22
Zaleigh,F,6,0,6
Zalen,M,26,26,0
Zalia,F,11,0,11
Zaliah,F,10,0,10
Zalika,F,21,0,21
Zalina,F,5,0,5
Zaliyah,F,276,0,276
Zalma,F,19,0,19
Zalman,M,379,379,0
Zalmen,M,471,471,0
Zalynn,F,5,0,5
Zamantha,F,84,0,84
Zamar,M,33,33,0
Zamara,F,191,0,191
Zamari,M,679,618,61
Zamaria,F,212,0,212
Zamariah,F,16,0,16
Zamarion,M,466,466,0
Zamauri,M,5,5,0
Zamaya,F,93,0,93
Zamiah,F,21,0,21
Zamir,M,2641,2641,0
Zamira,F,455,0,455
Zamirah,F,26,0,26
Zamiya,F,119,0,119
Zamiyah,F,448,0,448
Zamora,F,527,0,527
Zamuel,M,5,5,0
Zamya,F,341,0,341
Zamyah,F,5,0,5
Zamyra,F,10,0,10
Zamyria,F,5,0,5
Zamzam,F,25,0,25
Zana,F,330,0,330
Zanae,F,5,0,5
Zanai,F,11,0,11
Zanaria,F,5,0,5
Zanaya,F,95,0,95
Zanayah,F,5,0,5
Zander,M,26320,26315,5
Zandra,F,1138,0,1138
Zandria,F,8,0,8
Zane,M,50030,50022,8
Zaneta,F,95,0,95
Zanetta,F,5,0,5
Zani,F,5,0,5
Zania,F,96,0,96
Zaniah,F,723,0,723
Zanib,F,5,0,5
Zaniel,M,5,5,0
Zaniya,F,2458,0,2458
Zaniyah,F,5907,0,5907
Zanna,F,8,0,8
Zannie,M,5,5,0
Zanovia,F,21,0,21
Zanya,F,61,0,61
Zanyah,F,46,0,46
Zanyia,F,5,0,5
Zanyiah,F,20,0,20
Zanyla,F,25,0,25
Zanylah,F,16,0,16
Zaquan,M,67,67,0
Zara,F,15818,0,15818
Zaragoza,M,54,54,0
Zarah,F,1301,0,1301
Zarahi,F,32,0,32
Zarai,F,23,0,23
Zaraya,F,10,0,10
Zarayah,F,10,0,10
Zareen,F,15,0,15
Zareena,F,5,0,5
Zareh,M,10,10,0
Zarek,M,157,157,0
Zarela,F,9,0,9
Zari,F,347,0,347
Zaria,F,9566,0,9566
Zariah,F,11706,0,11706
Zarian,M,10,10,0
Zariana,F,5,0,5
Zariel,F,5,0,5
Zarif,M,14,14,0
Zarin,F,6,0,6
Zarina,F,469,0,469
Zarion,M,5,5,0
Zarius,M,5,5,0
Zariya,F,727,0,727
Zariyah,F,5673,0,5673
Zarria,F,51,0,51
Zarriah,F,33,0,33
Zarya,F,61,0,61
Zaryah,F,150,0,150
Zaryan,M,38,38,0
Zaryiah,F,16,0,16
Zasha,F,6,0,6
Zaul,M,6,6,0
Zavannah,F,5,0,5
Zaveah,F,6,0,6
Zaven,M,38,38,0
Zaveon,M,5,5,0
Zavhary,M,6,6,0
Zavi,M,6,6,0
Zavia,F,6,0,6
Zavian,M,913,913,0
Zavien,M,186,186,0
Zavier,M,4604,4604,0
Zavion,M,1754,1754,0
Zavior,M,5,5,0
Zaviyar,M,139,139,0
Zaxton,M,96,96,0
Zay,M,41,41,0
Zaya,F,1222,0,1222
Zayaan,M,184,184,0
Zayah,F,164,0,164
Zayan,M,1222,1222,0
Zayana,F,10,0,10
Zayanna,F,5,0,5
Zaybree,F,5,0,5
Zayd,M,2960,2960,0
Zayda,F,832,0,832
Zaydan,M,135,135,0
Zayde,M,29,29,0
Zaydee,F,30,0,30
Zayden,M,28173,28173,0
Zaydin,M,40,40,0
Zaydon,M,26,26,0
Zaydrian,M,40,40,0
Zaydyn,M,22,22,0
Zayed,M,41,41,0
Zayir,M,5,5,0
Zaykeese,M,5,5,0
Zayla,F,2240,0,2240
Zaylah,F,209,0,209
Zaylan,M,28,28,0
Zaylani,F,23,0,23
Zaylee,F,3773,0,3773
Zayleen,F,11,0,11
Zayleigh,F,226,0,226
Zaylen,M,1292,1292,0
Zayley,F,5,0,5
Zayli,F,6,0,6
Zaylie,F,153,0,153
Zaylin,U,127,94,33
Zaylon,M,123,123,0
Zaylynn,F,57,0,57
Zayn,M,9371,9371,0
Zayna,F,761,0,761
Zaynab,F,1241,0,1241
Zaynah,F,141,0,141
Zayne,M,10046,10046,0
Zayra,F,877,0,877
Zayven,M,12,12,0
Zayveon,M,10,10,0
Zayvian,M,92,92,0
Zayvien,M,16,16,0
Zayvier,M,10,10,0
Zayvion,M,1028,1028,0
Zayyan,M,136,136,0
Zazie,F,5,0,5
Zealand,M,247,247,0
Zeandre,M,10,10,0
Zeb,M,632,632,0
Zeba,F,5,0,5
Zebadiah,M,25,25,0
Zebastian,M,13,13,0
Zebedee,M,21,21,0
Zebulon,M,328,328,0
Zebulun,M,15,15,0
Zechariah,M,8470,8470,0
Zed,M,5,5,0
Zedekiah,M,40,40,0
Zeek,M,5,5,0
Zeena,F,35,0,35
Zeenat,F,27,0,27
Zeeshan,M,36,36,0
Zeferino,M,66,66,0
Zehava,F,8,0,8
Zehra,F,62,0,62
Zein,M,47,47,0
Zeina,F,281,0,281
Zeinab,F,676,0,676
Zeinabou,F,5,0,5
Zeke,M,4956,4956,0
Zekhi,M,5,5,0
Zekiel,M,135,135,0
Zela,F,22,0,22
Zelda,F,10570,0,10570
Zeldy,F,79,0,79
Zelena,F,28,0,28
Zelene,F,7,0,7
Zelia,F,27,0,27
Zelie,F,413,0,413
Zelig,M,27,27,0
Zelina,F,33,0,33
Zell,F,32,0,32
Zella,F,6175,0,6175
Zelma,F,11247,0,11247
Zelpha,F,33,0,33
Zelphia,F,5,0,5
Zeltzin,F,5,0,5
Zelyiana,F,6,0,6
Zemira,F,192,0,192
Zemirah,F,60,0,60
Zen,M,1198,1112,86
Zena,F,1900,0,1900
Zenab,F,27,0,27
Zenaida,F,1363,0,1363
Zenas,M,10,10,0
Zenaya,F,28,0,28
Zendaya,F,2709,0,2709
Zenia,F,348,0,348
Zeniah,F,5,0,5
Zenith,M,58,52,6
Zeniya,F,11,0,11
Zeniyah,F,43,0,43
Zenja,F,10,0,10
Zennie,M,5,5,0
Zeno,M,149,149,0
Zenobia,F,1006,0,1006
Zenon,M,87,87,0
Zenorah,F,5,0,5
Zenovia,F,5,0,5
Zeola,F,53,0,53
Zephan,M,32,32,0
Zephaniah,M,1378,1358,20
Zephyr,M,1226,1144,82
Zeppelin,M,605,562,43
Zera,F,25,0,25
Zerek,M,5,5,0
Zerenity,F,19,0,19
Zeriah,F,10,0,10
Zerlina,F,5,0,5
Zerrick,M,5,5,0
Zeshan,M,11,11,0
Zeta,F,24,0,24
Zeth,M,248,248,0
Zetta,F,78,0,78
Zettie,F,247,0,247
Zeus,M,1393,1393,0
Zev,M,3377,3377,0
Zevi,M,20,20,0
Zeya,F,5,0,5
Zeyad,M,38,38,0
Zeynab,F,15,0,15
Zeynep,F,578,0,578
Zeyneth,F,5,0,5
Zhaire,M,31,31,0
Zhamira,F,18,0,18
Zhana,F,5,0,5
Zhane,F,1184,5,1179
Zhara,F,15,0,15
Zharia,F,264,0,264
Zhavia,F,633,0,633
Zhen,M,5,5,0
Zhi,M,60,60,0
Zhuri,F,1249,0,1249
Zi,F,43,19,24
Zia,F,1457,16,1441
Ziaan,M,10,10,0
Ziad,M,111,111,0
Ziah,F,148,35,113
Ziaire,M,134,134,0
Zian,M,169,169,0
Ziana,F,36,0,36
Zianna,F,76,0,76
Ziara,F,30,0,30
Ziare,M,11,11,0
Zichen,M,6,6,0
Zidan,M,119,119,0
Zidane,M,169,169,0
Zienna,F,14,0,14
Ziggy,M,517,476,41
Zigmond,M,23,23,0
Zigmund,M,325,325,0
Ziham,F,5,0,5
Zilpha,F,23,0,23
Zilphia,F,17,0,17
Zimal,F,102,0,102
Zimere,M,5,5,0
Zimri,M,8,8,0
Zina,F,2471,0,2471
Zinachidi,F,5,0,5
Zinnia,F,1002,0,1002
Zion,M,46626,40990,5636
Ziona,F,33,0,33
Zionna,F,80,0,80
Zipora,F,5,0,5
Zipporah,F,657,0,657
Zisel,F,21,0,21
Zisha,M,32,32,0
Zishe,M,15,15,0
Zissel,F,152,0,152
Zissy,F,609,0,609
Zita,F,493,0,493
Zitlali,F,160,0,160
Zitlalic,F,5,0,5
Zitlalli,F,11,0,11
Zitlally,F,5,0,5
Zitlaly,F,204,0,204
Ziv,M,16,16,0
Ziva,F,1530,0,1530
Zixuan,U,17,11,6
Ziya,F,713,0,713
Ziyad,M,176,176,0
Ziyah,F,360,0,360
Ziyan,M,5,5,0
Ziyon,M,170,170,0
Ziyonna,F,11,0,11
Ziza,F,5,0,5
Zlata,F,95,0,95
Zlatan,M,29,29,0
Zlaty,F,131,0,131
Zniyah,F,5,0,5
Zo,F,161,0,161
Zobeida,F,5,0,5
Zoe,F,146814,45,146769
Zoee,F,651,0,651
Zoei,F,122,0,122
Zoejane,F,6,0,6
Zoella,F,7,0,7
Zoelle,F,141,0,141
Zoey,F,107413,8,107405
Zofia,F,724,0,724
Zoha,F,393,0,393
Zohaan,M,10,10,0
Zohaib,M,33,33,0
Zohair,M,5,5,0
Zohal,F,11,0,11
Zohan,M,194,194,0
Zohar,F,20,0,20
Zohemy,F,12,0,12
Zohra,F,31,0,31
Zoi,F,59,0,59
Zoie,F,9221,0,9221
Zoii,F,12,0,12
Zoila,F,828,0,828
Zola,F,4132,0,4132
Zollie,M,122,122,0
Zoltan,M,105,105,0
Zolton,M,10,10,0
Zona,F,928,0,928
Zondra,F,5,0,5
Zong,M,20,20,0
Zonia,F,28,0,28
Zonnie,F,19,0,19
Zooey,F,469,0,469
Zophia,F,102,0,102
Zora,F,4422,5,4417
Zorah,F,43,0,43
Zoraida,F,1178,0,1178
Zoraiz,M,8,8,0
Zoran,M,17,17,0
Zoravar,M,13,13,0
Zorawar,M,182,182,0
Zoraya,F,81,0,81
Zori,F,195,0,195
Zoria,F,21,0,21
Zoriah,F,68,0,68
Zorianna,F,10,0,10
Zosia,F,24,0,24
Zoua,F,72,0,72
Zowie,F,81,0,81
Zoya,F,3097,0,3097
Zubair,M,74,74,0
Zubayr,M,26,26,0
Zubin,M,22,22,0
Zudora,F,5,0,5
Zuhair,M,5,5,0
Zuhra,F,5,0,5
Zui,M,6,6,0
Zuko,M,26,26,0
Zula,F,1555,0,1555
Zulay,F,157,0,157
Zuleica,F,20,0,20
Zuleidy,F,5,0,5
Zuleika,F,423,0,423
Zuleima,F,272,0,272
Zulema,F,2857,0,2857
Zuley,F,16,0,16
Zuleyka,F,796,0,796
Zuleyma,F,384,0,384
Zully,F,243,0,243
Zulma,F,928,0,928
Zuly,F,114,0,114
Zuma,F,5,0,5
Zunaira,F,45,0,45
Zunairah,F,102,0,102
Zunaisha,F,20,0,20
Zuni,F,6,0,6
Zuri,F,13328,48,13280
Zuria,F,187,0,187
Zuriah,F,11,0,11
Zurie,F,17,0,17
Zuriel,M,767,716,51
Zurisadai,F,156,0,156
Zury,F,247,0,247
Zuzanna,F,388,0,388
Zuzu,F,6,0,6
Zvi,M,379,379,0
Zya,F,307,0,307
Zyah,F,51,0,51
Zyair,M,1533,1533,0
Zyaira,F,10,0,10
Zyairah,F,5,0,5
Zyaire,M,5900,5800,100
Zyan,M,544,539,5
Zyana,F,269,0,269
Zyanna,F,88,0,88
Zyanya,F,235,0,235
Zyasia,F,183,0,183
Zyden,M,6,6,0
Zyeir,M,7,7,0
Zyelle,F,5,0,5
Zyeria,F,5,0,5
Zygmund,M,5,5,0
Zygmunt,M,82,82,0
Zyheir,M,16,16,0
Zyhir,M,24,24,0
Zyien,M,5,5,0
Zyier,M,25,25,0
Zyion,M,555,555,0
Zyir,M,215,215,0
Zyire,M,25,25,0
Zykeria,F,680,0,680
Zykeriah,F,5,0,5
Zykerria,F,71,0,71
Zykia,F,90,0,90
Zykierra,F,5,0,5
Zykira,F,19,0,19
Zykiria,F,11,0,11
Zyla,F,1119,0,1119
Zylah,F,513,0,513
Zylan,M,65,65,0
Zylen,M,43,43,0
Zyler,M,331,331,0
Zylo,M,22,22,0
Zylon,M,5,5,0
Zymari,M,5,5,0
Zymarion,M,15,15,0
Zymere,M,131,131,0
Zymier,M,16,16,0
Zymiere,M,15,15,0
Zymir,M,1000,1000,0
Zymire,M,10,10,0
Zyon,M,2854,2715,139
Zyonna,F,78,0,78
Zyquan,M,52,52,0
Zyquavious,M,6,6,0
Zyra,F,260,0,260
Zyrah,F,33,0,33
Zyren,M,6,6,0
Zyria,F,81,0,81
Zyriah,F,63,0,63
Zyron,M,5,5,0
Zyrus,M,5,5,0
Zyshonne,M,5,5,0
