Name,Sex,Count,MaleCount,FemaleCount
Aaban,M,12,12,0
Aadan,M,23,23,0
Aadarsh,M,5,5,0
Aaden,M,4006,4006,0
Aadhav,M,37,37,0
Aadhira,F,11,0,11
Aadhya,F,1190,0,1190
Aadi,M,375,375,0
Aadil,M,10,10,0
Aadin,M,5,5,0
Aadit,M,47,47,0
Aaditya,M,107,107,0
Aadvik,M,77,77,0
Aadya,F,612,0,612
Aadyn,M,76,76,0
Aahan,M,35,35,0
Aahana,F,183,0,183
Aahil,M,252,252,0
Aahna,F,7,0,7
Aaiden,M,294,294,0
Aaima,F,16,0,16
Aaira,F,22,0,22
Aairah,F,33,0,33
Aakash,M,289,289,0
Aalaya,F,5,0,5
Aalayah,F,179,0,179
Aaleah,F,15,0,15
Aaleyah,F,469,0,469
Aalia,F,83,0,83
Aaliah,F,279,0,279
Aalijah,M,15,15,0
Aaliya,F,392,0,392
Aaliyah,F,82991,6,82985
Aaliyha,F,27,0,27
Aalliyah,F,5,0,5
Aalyah,F,186,0,186
Aalyiah,F,97,0,97
Aamani,F,5,0,5
Aamina,F,15,0,15
Aaminah,F,18,0,18
Aamir,M,919,919,0
Aamira,F,16,0,16
Aamiyah,F,27,0,27
Aamori,F,5,0,5
Aanav,M,6,6,0
Aanchal,F,6,0,6
Aanika,F,27,0,27
Aaniya,F,11,0,11
Aaniyah,F,493,0,493
Aanshi,F,5,0,5
Aanvi,F,65,0,65
Aanya,F,1979,0,1979
Aaradhya,F,248,0,248
Aaralyn,F,526,0,526
Aaralynn,F,25,0,25
Aarav,M,4376,4376,0
Aaren,M,105,100,5
Aaria,F,65,0,65
Aariah,F,10,0,10
Aarian,M,18,18,0
Aariana,F,12,0,12
Aaric,M,32,32,0
Aarika,F,87,0,87
Aarin,M,71,61,10
Aarini,F,6,0,6
Aarion,M,23,23,0
Aarish,M,28,28,0
Aariv,M,57,57,0
Aariya,F,5,0,5
Aariyah,F,113,0,113
Aariz,M,282,282,0
Aarna,F,826,0,826
Aarnav,M,118,118,0
Aarohi,F,238,0,238
Aaron,M,572543,570740,1803
Aaronjames,M,16,16,0
Aaronjoshua,M,5,5,0
Aaronmichael,M,6,6,0
Aarron,M,145,145,0
Aarti,F,22,0,22
Aarush,M,1558,1558,0
Aarushi,F,210,0,210
Aarvi,F,28,0,28
Aarya,F,1056,43,1013
Aaryan,M,829,829,0
Aaryav,M,16,16,0
Aaryn,F,174,38,136
Aasha,F,5,0,5
Aashi,F,191,0,191
Aashna,F,180,0,180
Aashritha,F,5,0,5
Aashvi,F,95,0,95
Aasia,F,5,0,5
Aasim,M,61,61,0
Aasir,M,21,21,0
Aasiyah,F,131,0,131
Aastha,F,61,0,61
Aavya,F,84,0,84
Aayan,M,951,951,0
Aayansh,M,37,37,0
Aayat,F,40,0,40
Aayden,M,762,762,0
Aayla,F,23,0,23
Aayush,M,567,567,0
Aayushi,F,6,0,6
Ab,M,95,95,0
Abagail,F,3935,0,3935
Abagayle,F,5,0,5
Abaigeal,F,5,0,5
Abanoub,M,16,16,0
Abayomi,M,6,6,0
Abba,M,19,19,0
Abbagail,F,65,0,65
Abbas,M,505,505,0
Abbe,F,370,0,370
Abbey,F,14632,0,14632
Abbi,F,296,0,296
Abbie,F,13280,5,13275
Abbiegail,F,5,0,5
Abbigail,F,9924,0,9924
Abbigale,F,714,0,714
Abbigayle,F,212,0,212
Abbott,M,106,106,0
Abby,F,54612,14,54598
Abbye,F,5,0,5
Abbygail,F,1979,0,1979
Abbygale,F,112,0,112
Abbygayle,F,18,0,18
Abcde,F,230,0,230
Abdalla,M,6,6,0
Abdallah,M,347,347,0
Abdel,M,44,44,0
Abdelrahman,M,78,78,0
Abdi,M,16,16,0
Abdias,M,140,140,0
Abdiaziz,M,31,31,0
Abdiel,M,3102,3102,0
Abdifatah,M,23,23,0
Abdihafid,M,5,5,0
Abdikadir,M,6,6,0
Abdimalik,M,52,52,0
Abdinasir,M,15,15,0
Abdiqani,M,5,5,0
Abdirahim,M,5,5,0
Abdirahman,M,1086,1086,0
Abdirizak,M,22,22,0
Abdishakur,M,5,5,0
Abdo,M,5,5,0
Abdon,M,28,28,0
Abdou,M,26,26,0
Abdoul,M,186,186,0
Abdoulaye,M,320,320,0
Abdoulie,M,10,10,0
Abdul,M,3999,3999,0
Abdulahi,M,187,187,0
Abdulai,M,5,5,0
Abdulaziz,M,326,326,0
Abdulla,M,26,26,0
Abdullah,M,5149,5149,0
Abdullahi,M,805,805,0
Abdulmalik,M,21,21,0
Abdulrahman,M,997,997,0
Abdur,M,16,16,0
Abdurahman,M,6,6,0
Abdurrahman,M,124,124,0
Abe,M,3970,3970,0
Abeeha,F,6,0,6
Abeer,F,32,0,32
Abegail,F,37,0,37
Abel,M,46278,46278,0
Abelardo,M,3138,3138,0
Abelina,F,108,0,108
Abelino,M,266,266,0
Abella,F,263,0,263
Abena,F,85,0,85
Abenezer,M,5,5,0
Abeni,F,20,0,20
Aberdeen,F,16,0,16
Abhay,M,200,200,0
Abhi,M,6,6,0
Abhijot,M,5,5,0
Abhimanyu,M,10,10,0
Abhinav,M,929,929,0
Abhiram,M,334,334,0
Abhishek,M,213,213,0
Abi,F,16,0,16
Abid,M,37,37,0
Abie,M,34,34,0
Abiel,M,498,498,0
Abigael,F,486,0,486
Abigaelle,F,68,0,68
Abigail,F,353323,114,353209
Abigaile,F,16,0,16
Abigal,F,39,0,39
Abigale,F,3758,0,3758
Abigayl,F,5,0,5
Abigayle,F,4260,5,4255
Abiha,F,7,0,7
Abilene,F,301,0,301
Abimael,M,375,375,0
Abiola,F,5,0,5
Abir,M,59,59,0
Abisai,M,392,375,17
Able,M,101,101,0
Abner,M,3581,3581,0
Abou,M,11,11,0
Aboubacar,M,143,143,0
Aboubakar,M,11,11,0
Abra,F,72,0,72
Abraham,M,81412,81401,11
Abrahan,M,390,390,0
Abrahim,M,51,51,0
Abrahm,M,53,53,0
Abram,M,11922,11922,0
Abran,M,1014,1014,0
Abrar,U,175,104,71
Abreanna,F,5,0,5
Abree,F,78,0,78
Abrham,M,5,5,0
Abri,F,6,0,6
Abria,F,121,0,121
Abrian,M,41,41,0
Abriana,F,1058,0,1058
Abrianna,F,2506,0,2506
Abrie,F,22,0,22
Abriel,U,53,38,15
Abriella,F,610,0,610
Abrielle,F,2363,0,2363
Abril,F,6320,0,6320
Abrina,F,5,0,5
Abrish,F,23,0,23
Abron,M,5,5,0
Absidy,F,6,0,6
Abu,M,29,29,0
Abubakar,M,138,138,0
Abubakr,M,78,78,0
Abundio,M,66,66,0
Aby,F,10,0,10
Abyan,U,21,16,5
Abygail,F,1296,0,1296
Abygale,F,6,0,6
Acacia,F,1453,0,1453
Acadia,F,71,0,71
Access,M,6,6,0
Ace,M,6881,6881,0
Acelin,M,7,7,0
Acelyn,F,48,0,48
Acelynn,F,159,0,159
Acen,M,50,50,0
Acencion,M,5,5,0
Aceson,M,42,42,0
Aceyn,M,10,10,0
Achille,M,34,34,0
Achilles,M,1255,1255,0
Acie,M,234,229,5
Ackeem,M,15,15,0
Ackley,M,5,5,0
Acxel,M,5,5,0
Acy,M,5,5,0
Ada,F,62482,0,62482
Adabella,F,32,0,32
Adabelle,F,25,0,25
Adael,M,62,62,0
Adaeze,F,16,0,16
Adah,F,405,0,405
Adahli,F,18,0,18
Adahlia,F,5,0,5
Adaia,F,5,0,5
Adaiah,F,10,0,10
Adain,M,19,19,0
Adair,M,509,499,10
Adal,M,88,88,0
Adalae,F,6,0,6
Adalaide,F,6,0,6
Adalay,F,5,0,5
Adalberto,M,3153,3153,0
Adalee,F,1175,0,1175
Adaleen,F,10,0,10
Adaleigh,F,455,0,455
Adalena,F,64,0,64
Adalene,F,49,0,49
Adaley,F,6,0,6
Adalhi,F,5,0,5
Adali,F,131,0,131
Adalia,F,520,0,520
Adalid,M,5,5,0
Adalie,F,573,0,573
Adalin,F,16,0,16
Adalina,F,512,0,512
Adalind,F,143,0,143
Adaline,F,5294,0,5294
Adaliz,F,27,0,27
Adaly,F,207,0,207
Adalyn,F,16891,0,16891
Adalyna,F,7,0,7
Adalyne,F,97,0,97
Adalynn,F,15979,0,15979
Adalynne,F,231,0,231
Adam,M,544933,544311,622
Adama,F,205,71,134
Adamari,F,1146,0,1146
Adamaris,F,2127,0,2127
Adamariz,F,27,0,27
Adamary,F,276,0,276
Adamarys,F,17,0,17
Adams,M,55,55,0
Adan,M,24267,24267,0
Adanelly,F,5,0,5
Adanely,F,8,0,8
Adanna,F,54,0,54
Adanya,F,5,0,5
Adara,F,452,0,452
Adarian,M,6,6,0
Adarius,M,402,402,0
Adarsh,M,135,135,0
Adaya,F,129,0,129
Adayah,F,6,0,6
Adda,F,53,0,53
Addalie,F,5,0,5
Addaline,F,10,0,10
Addalyn,F,1296,0,1296
Addalynn,F,743,0,743
Addam,M,27,27,0
Addeline,F,26,0,26
Addelyn,F,1053,0,1053
Addelynn,F,139,0,139
Addi,F,5,0,5
Addie,F,26285,26,26259
Addilyn,F,4924,0,4924
Addilynn,F,1993,0,1993
Addis,F,10,5,5
Addisen,F,327,0,327
Addison,F,123641,8205,115436
Addisson,F,6,0,6
Addisyn,F,7477,0,7477
Addy,F,100,0,100
Addysen,F,281,0,281
Addyson,F,13959,0,13959
Ade,M,5,5,0
Adedamola,M,12,12,0
Adeeb,M,5,5,0
Adeel,M,11,11,0
Adeena,F,16,0,16
Adel,M,438,356,82
Adela,F,8448,0,8448
Adelai,F,5,0,5
Adelaida,F,1495,0,1495
Adelaide,F,18322,0,18322
Adelaido,M,36,36,0
Adelaine,F,20,0,20
Adelard,M,177,177,0
Adelayda,F,5,0,5
Adelbert,M,582,582,0
Adele,F,29970,0,29970
Adeleine,F,24,0,24
Adelene,F,107,0,107
Adelfa,F,283,0,283
Adelfina,F,5,0,5
Adelia,F,823,0,823
Adelie,F,67,0,67
Adelin,F,78,0,78
Adelina,F,8092,0,8092
Adeline,F,45774,0,45774
Adelino,M,16,16,0
Adelisa,F,6,0,6
Adelita,F,885,0,885
Adell,F,3403,150,3253
Adella,F,1522,0,1522
Adelle,F,1578,0,1578
Adelmira,F,20,0,20
Adely,F,6,0,6
Adelyn,F,13190,0,13190
Adelyne,F,157,0,157
Adelynn,F,7427,0,7427
Adelynne,F,98,0,98
Adem,M,267,267,0
Aden,M,17382,17366,16
Adena,F,194,0,194
Adenike,F,6,0,6
Adeola,F,10,0,10
Aderinsola,F,5,0,5
Aderonke,F,6,0,6
Adessa,F,5,0,5
Adesuwa,F,5,0,5
Adetokunbo,M,5,5,0
Adger,M,26,26,0
Adgie,F,5,0,5
Adham,M,193,193,0
Adhara,F,5,0,5
Adhemar,M,13,13,0
Adhira,F,23,0,23
Adhrit,M,64,64,0
Adhvik,M,75,75,0
Adhya,F,49,0,49
Adi,F,303,90,213
Adia,F,1002,0,1002
Adian,M,260,260,0
Adiana,F,6,0,6
Adianez,F,5,0,5
Adianna,F,6,0,6
Adib,M,11,11,0
Adiba,F,27,0,27
Adiel,M,917,917,0
Adien,M,35,35,0
Adil,M,398,398,0
Adilee,F,11,0,11
Adilene,F,4308,0,4308
Adileni,F,5,0,5
Adilenne,F,6,0,6
Adileny,F,7,0,7
Adilyn,F,1041,0,1041
Adilynn,F,1372,0,1372
Adin,M,1392,1392,0
Adina,F,3503,0,3503
Adir,M,16,16,0
Adira,F,180,0,180
Adison,F,1994,34,1960
Adisyn,F,293,0,293
Adit,M,22,22,0
Adithi,F,38,0,38
Adithya,M,112,112,0
Aditi,F,2045,0,2045
Aditri,F,6,0,6
Aditya,M,3620,3620,0
Adja,F,5,0,5
Adlai,M,6,6,0
Adlee,F,107,0,107
Adleigh,F,314,0,314
Adler,M,895,885,10
Adley,F,1944,11,1933
Adline,F,115,0,115
Admir,M,16,16,0
Adna,F,84,0,84
Adnan,M,1031,1031,0
Adolf,M,317,317,0
Adolfo,M,12980,12980,0
Adolph,M,12372,12372,0
Adolphe,M,5,5,0
Adolphus,M,1411,1411,0
Adon,M,76,76,0
Adonai,M,215,210,5
Adonay,M,52,52,0
Adonijah,M,10,10,0
Adonis,M,6602,6602,0
Adonna,F,5,0,5
Adonnis,M,15,15,0
Adonys,M,21,21,0
Adora,F,209,0,209
Adore,F,41,0,41
Adrain,M,1443,1427,16
Adrea,F,17,0,17
Adrean,M,111,105,6
Adreana,F,147,0,147
Adreanna,F,359,0,359
Adreena,F,15,0,15
Adrena,F,10,0,10
Adria,F,2354,0,2354
Adrian,M,238171,226918,11253
Adriana,F,85563,159,85404
Adriane,F,3302,8,3294
Adriann,F,38,0,38
Adrianna,F,42243,0,42243
Adrianne,F,9256,0,9256
Adriano,M,938,938,0
Adric,M,10,10,0
Adrick,M,5,5,0
Adrie,F,10,0,10
Adrieanna,F,5,0,5
Adriel,M,10365,10251,114
Adriella,F,5,0,5
Adrielle,F,156,0,156
Adrien,M,5181,5108,73
Adriene,F,729,0,729
Adrienna,F,27,0,27
Adrienne,F,62252,17,62235
Adrik,M,47,47,0
Adrin,M,5,5,0
Adrina,F,478,0,478
Adrion,M,5,5,0
Adrionna,F,116,0,116
Adron,M,67,67,0
Adryan,M,325,325,0
Adryana,F,46,0,46
Adryanna,F,46,0,46
Adryel,M,6,6,0
Advait,M,114,114,0
Advaith,M,190,190,0
Advay,M,74,74,0
Advik,M,345,345,0
Advika,F,127,0,127
Advit,M,18,18,0
Advith,M,17,17,0
Adwoa,F,5,0,5
Adya,F,27,0,27
Adyan,M,117,117,0
Adylene,F,75,0,75
Adyline,F,5,0,5
Adyn,M,419,419,0
Adysen,F,146,0,146
Adyson,F,2884,0,2884
Aedan,M,2168,2168,0
Aeden,M,286,286,0
Aedyn,M,51,51,0
Aeisha,F,13,0,13
Aela,F,25,0,25
Aella,F,9,0,9
Aeneas,M,33,33,0
Aerabella,F,18,0,18
Aerial,F,598,0,598
Aeriana,F,17,0,17
Aerianna,F,6,0,6
Aerick,M,5,5,0
Aeriel,F,75,0,75
Aerilyn,F,5,0,5
Aerin,F,79,0,79
Aeris,F,403,0,403
Aerith,F,21,0,21
Aero,M,35,35,0
Aeron,M,17,17,0
Aeryn,F,182,0,182
Aesha,F,44,0,44
Aeson,M,51,51,0
Aeva,F,62,0,62
Affan,M,59,59,0
Afia,F,81,0,81
Afiya,F,20,0,20
Afnan,F,11,5,6
Afomia,F,5,0,5
Afra,F,6,0,6
Afraz,M,6,6,0
Afreen,F,20,0,20
Africa,F,141,0,141
Afrika,F,7,0,7
Afsa,F,10,0,10
Afsana,F,33,0,33
Afsheen,F,8,0,8
Afshin,M,5,5,0
Afton,F,2359,33,2326
Aftyn,F,10,0,10
Afua,F,10,0,10
Agam,M,62,51,11
Agapita,F,117,0,117
Agapito,M,954,954,0
Agastya,M,178,178,0
Agata,F,16,0,16
Agatha,F,3373,0,3373
Ageliki,F,5,0,5
Agena,F,5,0,5
Aggie,F,133,0,133
Agim,M,5,5,0
Agnes,F,115035,0,115035
Agness,F,18,0,18
Agnew,M,5,5,0
Agnieszka,F,87,0,87
Agostino,M,64,64,0
Agripina,F,52,0,52
Agron,M,15,15,0
Agueda,F,41,0,41
Agustin,M,12022,12022,0
Agustina,F,678,0,678
Agustine,M,105,105,0
Ah,M,63,53,10
Ahaan,M,161,161,0
Ahaana,F,8,0,8
Ahad,M,81,81,0
Ahan,M,11,11,0
Ahana,F,264,0,264
Aharon,M,1207,1207,0
Ahava,F,5,0,5
Ahil,M,8,8,0
Ahkeem,M,13,13,0
Ahlaam,F,5,0,5
Ahlam,F,136,0,136
Ahlana,F,5,0,5
Ahlani,F,40,0,40
Ahliyah,F,5,0,5
Ahmad,M,14982,14982,0
Ahmadou,M,6,6,0
Ahmani,F,16,0,16
Ahmari,M,297,282,15
Ahmarion,M,5,5,0
Ahmaud,M,5,5,0
Ahmed,M,11712,11712,0
Ahmet,M,68,68,0
Ahmid,M,5,5,0
Ahmir,M,1359,1359,0
Ahmiyah,F,12,0,12
Ahmod,M,6,6,0
Ahmya,F,27,0,27
Ahna,F,55,0,55
Ahnaf,M,126,126,0
Ahniah,F,5,0,5
Ahniya,F,21,0,21
Ahniyah,F,5,0,5
Ahren,M,21,21,0
Ahri,F,28,0,28
Ahriana,F,5,0,5
Ahron,M,534,534,0
Ahsan,M,65,65,0
Ahsley,F,481,0,481
Ahtziri,F,599,0,599
Ahtziry,F,75,0,75
Ahuva,F,935,0,935
Ahyan,M,29,29,0
Ai,F,34,0,34
Aibhlinn,F,5,0,5
Aicha,F,314,0,314
Aida,F,9236,0,9236
Aidaly,F,5,0,5
Aidan,M,108580,107321,1259
Aidana,F,12,0,12
Aidden,M,33,33,0
Aide,F,1287,0,1287
Aidee,F,361,0,361
Aideen,M,5,5,0
Aidel,F,137,0,137
Aideliz,F,54,0,54
Aidelyn,F,5,0,5
Aiden,M,195317,194566,751
Aidenn,M,18,18,0
Aidin,M,102,102,0
Aidon,M,23,23,0
Aidric,M,52,52,0
Aidsa,F,9,0,9
Aidy,F,12,0,12
Aidyn,M,2659,2572,87
Aidynn,F,6,0,6
Aiesha,F,306,0,306
Aigner,F,130,0,130
Aijah,F,11,0,11
Aika,F,5,0,5
Aikeem,M,5,5,0
Aiken,M,5,5,0
Aiko,F,586,0,586
Aila,F,747,0,747
Ailah,F,5,0,5
Ailana,F,7,0,7
Ailani,F,1356,0,1356
Ailanie,F,10,0,10
Ailany,F,186,0,186
Ailea,F,14,0,14
Ailed,F,77,0,77
Ailee,F,67,0,67
Aileen,F,27960,0,27960
Aileene,F,5,0,5
Ailen,F,56,0,56
Ailene,F,411,0,411
Aileth,F,8,0,8
Ailey,F,134,0,134
Aili,F,226,0,226
Ailie,F,62,0,62
Ailin,F,407,0,407
Ailis,F,5,0,5
Ailish,F,78,0,78
Ailton,M,13,13,0
Aily,F,14,0,14
Ailyn,F,2366,0,2366
Ailynn,F,120,0,120
Aima,F,19,0,19
Aiman,F,10,5,5
Aimar,F,50,16,34
Aime,F,1004,156,848
Aimee,F,49645,0,49645
Aimie,F,17,0,17
Aimme,F,5,0,5
Aina,F,7,0,7
Ainara,F,134,0,134
Aine,F,425,0,425
Ainhoa,F,105,0,105
Aino,F,5,0,5
Ainslee,F,256,0,256
Ainsleigh,F,27,0,27
Ainsley,F,13758,23,13735
Ainslie,F,34,0,34
Aira,F,76,0,76
Airabella,F,16,0,16
Airam,F,486,15,471
Aireana,F,5,0,5
Aireanna,F,10,0,10
Airi,F,19,0,19
Airiana,F,58,0,58
Airianna,F,25,0,25
Airiel,F,5,0,5
Airlie,F,26,0,26
Airrion,M,5,5,0
Airyana,F,11,0,11
Aisa,F,6,0,6
Aisatou,F,10,0,10
Aisea,M,5,5,0
Aisha,F,19165,0,19165
Aishah,F,168,0,168
Aishani,F,82,0,82
Aishia,F,20,0,20
Aishwarya,F,237,0,237
Aisley,F,181,0,181
Aislin,F,252,0,252
Aisling,F,428,0,428
Aislinn,F,2006,0,2006
Aislyn,F,415,0,415
Aislynn,F,658,0,658
Aissa,F,142,0,142
Aissata,F,145,0,145
Aissatou,F,317,0,317
Aitan,M,5,5,0
Aitana,F,1242,0,1242
Aitanna,F,29,0,29
Aithan,M,17,17,0
Aithana,F,11,0,11
Aiva,F,94,0,94
Aivah,F,15,0,15
Aiven,M,24,24,0
Aivy,F,5,0,5
Aixa,F,355,0,355
Aiya,F,6,0,6
Aiyana,F,6587,0,6587
Aiyanah,F,24,0,24
Aiyanna,F,2621,0,2621
Aiyden,M,194,194,0
Aiyla,F,26,0,26
Aiysha,F,25,0,25
Aiza,F,551,0,551
Aizah,F,181,0,181
Aizen,M,262,262,0
Aizik,M,21,21,0
Aizlynn,F,12,0,12
Aizza,F,5,0,5
Aj,M,493,493,0
Aja,F,5704,0,5704
Ajah,F,342,0,342
Ajahni,M,5,5,0
Ajai,M,6,6,0
Ajanae,F,189,0,189
Ajane,F,5,0,5
Ajanee,F,8,0,8
Ajani,M,816,806,10
Ajay,M,2073,2073,0
Ajayla,F,10,0,10
Ajaysia,F,10,0,10
Ajdin,M,21,21,0
Ajee,F,194,0,194
Ajeet,M,6,6,0
Ajena,F,5,0,5
Ajia,F,49,0,49
Ajit,M,12,12,0
Ajla,F,138,0,138
Ajooni,F,16,0,16
Ajwa,F,5,0,5
Akaash,M,6,6,0
Akai,M,65,65,0
Akane,F,21,0,21
Akanksha,F,7,0,7
Akansha,F,5,0,5
Akari,F,80,5,75
Akash,M,1059,1059,0
Akasha,F,247,0,247
Akayla,F,391,0,391
Akaylah,F,5,0,5
Akaysha,F,5,0,5
Akbar,M,24,24,0
Akeel,M,5,5,0
Akeela,F,8,0,8
Akeelah,F,855,0,855
Akeem,M,4502,4502,0
Akeema,F,6,0,6
Akeen,M,10,10,0
Akeiba,F,26,0,26
Akeisha,F,5,0,5
Akela,F,22,0,22
Akemi,F,210,0,210
Akeria,F,27,0,27
Akhil,M,767,767,0
Akhila,F,5,0,5
Akia,F,272,0,272
Akiba,F,7,0,7
Akie,F,5,0,5
Akiem,M,5,5,0
Akiko,F,243,0,243
Akil,M,608,608,0
Akila,F,37,0,37
Akilah,F,1264,0,1264
Akili,M,48,48,0
Akim,M,92,92,0
Akin,M,16,16,0
Akina,F,31,0,31
Aking,M,10,10,0
Akio,M,39,39,0
Akira,F,5263,780,4483
Akirah,F,21,0,21
Akisha,F,23,0,23
Akiva,M,1256,1256,0
Akiyah,F,5,0,5
Akoni,M,19,19,0
Akosua,F,9,0,9
Akram,M,186,186,0
Aksel,M,616,616,0
Akshaj,M,172,172,0
Akshar,M,45,45,0
Akshara,F,751,0,751
Akshat,M,54,54,0
Akshath,M,11,11,0
Akshay,M,738,738,0
Akshaya,F,79,0,79
Akshita,F,41,0,41
Akua,F,65,0,65
Akul,M,12,12,0
Akyra,F,38,0,38
Al,M,11634,11629,5
Alaa,F,363,28,335
Alabama,F,23,0,23
Alacia,F,23,0,23
Aladdin,M,5,5,0
Alaena,F,5,0,5
Alahia,F,23,0,23
Alahna,F,130,0,130
Alahni,F,26,0,26
Alaia,F,1345,0,1345
Alaiah,F,29,0,29
Alaija,F,5,0,5
Alaijah,F,49,0,49
Alaila,F,5,0,5
Alain,M,2123,2123,0
Alaina,F,36769,0,36769
Alainah,F,29,0,29
Alaine,F,42,0,42
Alainna,F,11,0,11
Alaisha,F,37,0,37
Alaiya,F,100,0,100
Alaiyah,F,238,0,238
Alaiza,F,16,0,16
Alajah,F,80,0,80
Alakai,M,73,73,0
Alam,M,15,15,0
Alamar,F,5,0,5
Alan,M,344485,344431,54
Alana,F,52290,6,52284
Alanah,F,2047,0,2047
Alanda,F,6,0,6
Alandra,F,66,0,66
Alandria,F,20,0,20
Alane,F,403,0,403
Alani,F,5873,0,5873
Alania,F,28,0,28
Alanie,F,175,0,175
Alanis,F,1602,0,1602
Alanmichael,M,11,11,0
Alanna,F,18139,0,18139
Alannah,F,4202,0,4202
Alanni,F,56,0,56
Alannis,F,5,0,5
Alante,M,112,107,5
Alany,F,120,0,120
Alanys,F,33,0,33
Alanzo,M,42,42,0
Alara,F,83,0,83
Alaric,M,625,625,0
Alasdair,M,13,13,0
Alasia,F,541,0,541
Alaska,F,69,0,69
Alassane,M,5,5,0
Alastair,M,67,67,0
Alauna,F,48,0,48
Alaura,F,278,0,278
Alaya,F,3613,0,3613
Alayah,F,4461,0,4461
Alaycia,F,14,0,14
Alayia,F,10,0,10
Alayiah,F,37,0,37
Alayja,F,28,0,28
Alayjah,F,101,0,101
Alayla,F,412,0,412
Alaylah,F,5,0,5
Alayna,F,24511,0,24511
Alaynah,F,161,0,161
Alayne,F,77,0,77
Alaynna,F,74,0,74
Alaysha,F,513,0,513
Alayshia,F,35,0,35
Alaysia,F,3372,0,3372
Alayssa,F,13,0,13
Alayza,F,43,0,43
Alayzia,F,5,0,5
Alazae,F,118,0,118
Alazay,F,109,0,109
Alazne,F,16,0,16
Alba,F,3361,0,3361
Alban,M,59,59,0
Albana,F,11,0,11
Albany,F,27,0,27
Albaro,M,225,225,0
Albeiro,M,10,10,0
Alben,M,22,22,0
Albena,F,10,0,10
Alberdia,F,5,0,5
Albert,M,442841,442611,230
Alberta,F,58116,5,58111
Albertha,F,3279,0,3279
Albertia,F,10,0,10
Albertina,F,161,0,161
Albertine,F,396,0,396
Alberto,M,56513,56444,69
Albertus,M,32,32,0
Albesa,F,5,0,5
Albi,M,6,6,0
Albie,F,10,5,5
Albieri,M,5,5,0
Albiery,M,5,5,0
Albin,M,1789,1789,0
Albina,F,2402,0,2402
Albino,M,684,684,0
Albion,M,34,34,0
Albirda,F,5,0,5
Albirta,F,17,0,17
Alcario,M,16,16,0
Alcee,M,105,105,0
Alcide,M,385,385,0
Alcides,M,56,56,0
Alcie,F,10,0,10
Alcuin,M,27,27,0
Alda,F,1561,0,1561
Aldah,F,5,0,5
Aldahir,M,30,30,0
Aldair,M,676,676,0
Aldea,F,23,0,23
Aldean,U,17,12,5
Alden,M,8522,8479,43
Aldena,F,6,0,6
Aldene,F,6,0,6
Alder,M,135,135,0
Alderic,M,6,6,0
Aldin,M,81,81,0
Aldina,F,48,0,48
Aldine,F,118,11,107
Aldo,M,12892,12892,0
Aldon,M,37,37,0
Aldona,F,489,0,489
Aldonia,F,18,0,18
Aldor,M,5,5,0
Aldric,M,5,5,0
Aldrich,M,23,23,0
Aldrin,M,96,96,0
Alea,F,1412,0,1412
Aleah,F,11273,0,11273
Aleaha,F,28,0,28
Alean,F,138,0,138
Aleana,F,88,0,88
Aleanna,F,5,0,5
Alease,F,845,0,845
Aleasha,F,57,0,57
Alec,M,47845,47828,17
Alecia,F,8218,0,8218
Aleck,M,76,76,0
Alecsander,M,20,20,0
Alecxis,M,6,6,0
Aleczander,M,199,199,0
Aleda,F,10,0,10
Aleea,F,16,0,16
Aleeah,F,612,0,612
Aleece,F,23,0,23
Aleecia,F,25,0,25
Aleem,M,67,67,0
Aleemah,F,6,0,6
Aleen,F,403,0,403
Aleena,F,7306,0,7306
Aleenah,F,120,0,120
Aleene,F,94,0,94
Aleesa,F,56,0,56
Aleesha,F,415,0,415
Aleeya,F,223,0,223
Aleeyah,F,341,0,341
Aleeza,F,467,0,467
Alegandra,F,47,0,47
Alegandro,M,144,144,0
Alegra,F,28,0,28
Alegria,F,14,0,14
Aleia,F,211,0,211
Aleiah,F,44,0,44
Aleida,F,739,0,739
Aleigh,F,15,0,15
Aleigha,F,2691,0,2691
Aleina,F,136,0,136
Aleisha,F,807,0,807
Aleister,M,22,22,0
Aleiya,F,5,0,5
Aleiyah,F,44,0,44
Aleiza,F,12,0,12
Aleja,F,5,0,5
Alejah,F,5,0,5
Alejando,M,5,5,0
Alejandr,M,6,6,0
Alejandra,F,48280,280,48000
Alejandrina,F,669,0,669
Alejandro,M,129663,129181,482
Alejo,M,187,187,0
Alejos,M,69,69,0
Alek,M,1993,1993,0
Alekhya,F,10,0,10
Aleks,M,63,63,0
Aleksa,F,54,0,54
Aleksandar,M,337,337,0
Aleksander,M,1743,1743,0
Aleksandr,M,368,368,0
Aleksandra,F,1465,0,1465
Aleksei,M,30,30,0
Aleksey,M,64,64,0
Aleksia,F,5,0,5
Alekxander,M,5,5,0
Alekzander,M,270,270,0
Aleli,F,11,0,11
Alen,M,593,593,0
Alena,F,9330,0,9330
Alene,F,4972,0,4972
Alenna,F,55,0,55
Alesa,F,17,0,17
Alesana,F,18,0,18
Alesandra,F,184,0,184
Alesandro,M,34,34,0
Alese,F,6,0,6
Alesha,F,4889,5,4884
Aleshia,F,1001,0,1001
Alesia,F,4447,0,4447
Alessa,F,920,0,920
Alessand,M,5,5,0
Alessandra,F,16327,0,16327
Alessandria,F,11,0,11
Alessandro,M,6378,6378,0
Alessia,F,2626,0,2626
Alessio,M,428,428,0
Alesso,M,6,6,0
Aleta,F,2510,0,2510
Aletha,F,2220,0,2220
Alethea,F,1292,0,1292
Aletheia,F,67,0,67
Alethia,F,434,0,434
Aletta,F,36,0,36
Alex,M,269216,263112,6104
Alexa,F,120630,20,120610
Alexah,F,78,0,78
Alexandar,M,11,11,0
Alexande,M,299,299,0
Alexander,M,655086,652676,2410
Alexandera,F,6,0,6
Alexanderia,F,37,0,37
Alexanderjames,M,5,5,0
Alexandr,F,323,22,301
Alexandra,F,228983,215,228768
Alexandre,M,2837,2837,0
Alexandrea,F,6360,0,6360
Alexandria,F,94971,27,94944
Alexandrina,F,20,0,20
Alexandro,M,4725,4725,0
Alexandros,M,442,442,0
Alexandru,M,58,58,0
Alexandrya,F,11,0,11
Alexas,F,93,0,93
Alexavier,M,1095,1095,0
Alexcia,F,396,0,396
Alexcis,F,10,0,10
Alexei,M,258,258,0
Alexes,F,140,16,124
Alexey,M,85,85,0
Alexi,F,2556,467,2089
Alexia,F,40901,6,40895
Alexiah,F,67,0,67
Alexiana,F,17,0,17
Alexie,F,468,16,452
Alexina,F,5,0,5
Alexio,M,6,6,0
Alexis,F,395030,60390,334640
Alexiss,F,103,0,103
Alexius,F,551,0,551
Alexiz,F,80,30,50
Alexsa,F,126,0,126
Alexsander,M,390,390,0
Alexsandra,F,1186,0,1186
Alexsandro,M,43,43,0
Alexsia,F,22,0,22
Alexsis,F,342,27,315
Alexssa,F,5,0,5
Alexsys,F,5,0,5
Alexus,F,17298,0,17298
Alexx,F,26,15,11
Alexxa,F,249,0,249
Alexxia,F,6,0,6
Alexxis,F,332,0,332
Alexxus,F,45,0,45
Alexy,F,39,5,34
Alexya,F,66,0,66
Alexys,F,2543,96,2447
Alexyss,F,70,0,70
Alexza,F,42,0,42
Alexzander,M,4800,4800,0
Alexzandra,F,354,0,354
Alexzandrea,F,11,0,11
Alexzandria,F,479,0,479
Aleya,F,313,0,313
Aleyah,F,760,0,760
Aleyda,F,625,0,625
Aleyna,F,720,0,720
Aleysha,F,17,0,17
Aleyshka,F,5,0,5
Aleyssa,F,13,0,13
Aleyza,F,113,0,113
Alezander,M,5,5,0
Alezandra,F,6,0,6
Alezay,F,10,0,10
Alf,M,110,110,0
Alfa,F,6,0,6
Alferd,M,11,11,0
Alfie,M,104,104,0
Alfio,M,10,10,0
Alfons,M,56,56,0
Alfonse,M,557,557,0
Alfonsina,F,5,0,5
Alfonso,M,34681,34681,0
Alfonza,M,648,648,0
Alfonzo,M,2067,2067,0
Alford,M,1855,1855,0
Alfred,M,222432,222372,60
Alfreda,F,7452,0,7452
Alfredia,F,219,0,219
Alfredo,M,50619,50588,31
Alfreida,F,5,0,5
Alfretta,F,10,0,10
Alfrieda,F,43,0,43
Algenis,M,42,42,0
Alger,M,134,134,0
Algerd,M,5,5,0
Algernon,M,43,43,0
Algia,F,5,0,5
Algie,M,153,153,0
Algot,M,6,6,0
Alhaji,M,5,5,0
Alhassan,M,5,5,0
Ali,U,30638,23397,7241
Alia,F,7498,0,7498
Aliah,F,2522,0,2522
Alian,M,5,5,0
Aliana,F,4318,0,4318
Alianah,F,16,0,16
Alianna,F,2042,0,2042
Aliannah,F,146,0,146
Alianny,F,21,0,21
Alianys,F,5,0,5
Alias,M,60,60,0
Alica,F,73,0,73
Alice,F,481800,106,481694
Alicea,F,81,0,81
Alicen,F,42,0,42
Alicha,F,5,0,5
Alicia,F,221944,150,221794
Aliciana,F,16,0,16
Alicja,F,82,0,82
Alida,F,941,0,941
Alie,F,5,0,5
Aliea,F,5,0,5
Aliena,F,5,0,5
Aliene,F,30,0,30
Aliesha,F,21,0,21
Alif,M,10,10,0
Aliha,F,10,0,10
Alii,M,5,5,0
Alijah,M,8120,7814,306
Alik,U,18,13,5
Alika,M,436,421,15
Alim,M,32,32,0
Alima,F,23,0,23
Alin,F,93,0,93
Alina,F,27200,0,27200
Alinah,F,199,0,199
Alinda,F,10,0,10
Aline,F,8906,0,8906
Alinna,F,160,0,160
Aliou,M,29,29,0
Alique,F,5,0,5
Alireza,M,27,27,0
Alis,F,17,0,17
Alisa,F,30587,0,30587
Alisande,F,6,0,6
Alisandra,F,37,0,37
Alise,F,854,0,854
Alisha,F,53474,14,53460
Alishba,F,135,0,135
Alisher,M,5,5,0
Alishia,F,854,0,854
Alisi,F,6,0,6
Alisia,F,1356,0,1356
Alison,F,108986,26,108960
Alissa,F,35112,5,35107
Alissandra,F,39,0,39
Alissia,F,42,0,42
Alisson,F,3071,0,3071
Alistair,M,972,972,0
Alister,M,184,184,0
Alisyn,F,27,0,27
Alita,F,67,0,67
Alitza,F,109,0,109
Alitzel,F,128,0,128
Alivea,F,11,0,11
Alivia,F,25342,0,25342
Aliviah,F,157,0,157
Alix,F,1270,83,1187
Alixandra,F,132,0,132
Alixandria,F,26,0,26
Aliya,F,6922,0,6922
Aliyaah,F,5,0,5
Aliyah,F,36587,6,36581
Aliyana,F,947,0,947
Aliyanah,F,6,0,6
Aliyanna,F,133,0,133
Aliyyah,F,18,0,18
Aliz,F,16,0,16
Aliza,F,6437,0,6437
Alizabeth,F,314,0,314
Alizae,F,512,0,512
Alizah,F,273,0,273
Alizay,F,402,0,402
Alize,F,3841,48,3793
Alizea,F,24,0,24
Alizee,F,134,0,134
Alizey,F,11,0,11
Alizon,F,123,0,123
Aljandro,M,5,5,0
Aljaquan,M,6,6,0
Alka,F,42,0,42
Alkeria,F,5,0,5
Alla,F,65,0,65
Allah,M,42,42,0
Allaina,F,5,0,5
Allan,M,89372,89372,0
Allana,F,764,0,764
Allanah,F,108,0,108
Allante,M,163,152,11
Allard,M,5,5,0
Allayna,F,18,0,18
Allean,F,329,0,329
Allee,F,137,0,137
Alleen,F,33,0,33
Allegra,F,1773,0,1773
Alleigh,F,38,0,38
Allen,M,259175,259113,62
Allena,F,143,0,143
Allene,F,5237,0,5237
Allexa,F,5,0,5
Allexis,F,14,0,14
Allexus,F,15,0,15
Alley,F,118,0,118
Alleyne,F,6,0,6
Alli,F,1798,0,1798
Allia,F,11,0,11
Alliah,F,34,0,34
Alliana,F,76,0,76
Allianna,F,5,0,5
Allie,F,38686,595,38091
Allina,F,21,0,21
Alline,F,575,0,575
Allisa,F,119,0,119
Allisen,F,7,0,7
Allisha,F,57,0,57
Allison,F,293765,478,293287
Allissa,F,626,0,626
Allisson,F,1899,0,1899
Allister,M,49,49,0
Allisyn,F,67,0,67
Alliyah,F,1586,0,1586
Allizon,F,54,0,54
Allura,F,33,0,33
Allure,F,33,0,33
Ally,F,7772,0,7772
Allyana,F,30,0,30
Allyanna,F,17,0,17
Allyce,F,32,0,32
Allycia,F,5,0,5
Allyn,U,783,523,260
Allyna,F,11,0,11
Allyne,F,32,0,32
Allysa,F,1052,0,1052
Allyse,F,61,0,61
Allysen,F,43,0,43
Allysha,F,32,0,32
Allysia,F,15,0,15
Allyson,F,48146,0,48146
Allyssa,F,4622,0,4622
Allysson,F,119,0,119
Allyzon,F,10,0,10
Alma,F,125919,519,125400
Almadelia,F,62,0,62
Almalik,M,11,11,0
Almarie,F,10,0,10
Almarosa,F,52,0,52
Almeda,F,1302,0,1302
Almena,F,27,0,27
Almendra,F,11,0,11
Almer,M,24,19,5
Almerinda,F,5,0,5
Almeta,F,690,0,690
Almeter,F,6,0,6
Almetta,F,28,0,28
Almir,M,5,5,0
Almira,F,32,0,32
Almon,M,69,69,0
Almond,M,11,11,0
Alnisa,F,205,0,205
Aloha,F,33,0,33
Alohilani,F,6,0,6
Alois,M,1137,1137,0
Aloma,F,156,0,156
Alon,M,222,222,0
Alona,F,743,0,743
Alonda,F,60,0,60
Alondra,F,36749,21,36728
Aloni,F,20,0,20
Alonna,F,762,0,762
Alonso,M,7896,7896,0
Alonte,M,27,27,0
Alonza,M,1420,1420,0
Alonzo,M,34496,34496,0
Alora,F,2444,0,2444
Aloys,M,63,63,0
Aloysius,M,2676,2676,0
Aloysuis,M,5,5,0
Alp,M,37,37,0
Alpha,F,3374,454,2920
Alpheus,M,15,15,0
Alphonsa,M,10,10,0
Alphonse,M,6728,6728,0
Alphonso,M,11165,11165,0
Alphonsus,M,48,48,0
Alphonza,M,62,62,0
Alphonzo,M,214,214,0
Alquan,M,55,55,0
Alsace,F,5,0,5
Alsexander,M,5,5,0
Alston,M,528,528,0
Alta,F,17505,0,17505
Altagracia,F,257,0,257
Altair,F,24,11,13
Altamease,F,33,0,33
Altamese,F,176,0,176
Altarik,M,5,5,0
Altariq,M,117,117,0
Alter,M,160,160,0
Alterick,M,7,7,0
Altha,F,941,0,941
Althea,F,10368,0,10368
Altheda,F,5,0,5
Althia,F,5,0,5
Altie,F,66,0,66
Altin,M,12,12,0
Alto,M,160,160,0
Alton,M,40103,40103,0
Altonio,M,5,5,0
Altovise,F,18,0,18
Altus,M,5,5,0
Aluna,F,10,0,10
Alura,F,10,0,10
Alva,U,9856,5962,3894
Alvah,M,133,133,0
Alvan,M,120,120,0
Alvaro,M,12596,12596,0
Alveena,F,12,0,12
Alven,M,16,16,0
Alvena,F,101,0,101
Alvera,F,922,0,922
Alverda,F,259,0,259
Alverna,F,130,0,130
Alverta,F,1003,0,1003
Alverto,M,33,33,0
Alvester,M,23,23,0
Alvey,M,5,5,0
Alvi,M,10,10,0
Alvie,M,1482,1455,27
Alvilda,F,8,0,8
Alvin,M,150297,150276,21
Alvina,F,4486,0,4486
Alvino,M,598,598,0
Alvira,F,83,0,83
Alvis,M,2454,2444,10
Alvita,F,5,0,5
Alwilda,F,10,0,10
Alwin,M,21,21,0
Aly,F,380,93,287
Alya,F,315,0,315
Alyaan,M,7,7,0
Alyah,F,393,0,393
Alyan,M,10,10,0
Alyana,F,637,0,637
Alyanah,F,5,0,5
Alyanna,F,701,0,701
Alyannah,F,16,0,16
Alyas,M,5,5,0
Alyce,F,11186,0,11186
Alycia,F,6800,0,6800
Alyda,F,5,0,5
Alydia,F,37,0,37
Alyene,F,12,0,12
Alyia,F,28,0,28
Alyiah,F,169,0,169
Alyissa,F,30,0,30
Alyjah,M,5,5,0
Alyn,F,55,0,55
Alyna,F,1189,0,1189
Alynah,F,43,0,43
Alyne,F,132,0,132
Alynna,F,375,0,375
Alyric,F,12,0,12
Alys,F,20,0,20
Alysa,F,4526,0,4526
Alysah,F,10,0,10
Alysandra,F,25,0,25
Alyse,F,4477,0,4477
Alysen,F,11,0,11
Alysha,F,6946,0,6946
Alyshia,F,187,0,187
Alysia,F,6221,0,6221
Alyson,F,24991,0,24991
Alyss,F,5,0,5
Alyssa,F,303506,70,303436
Alyssah,F,145,0,145
Alyssamae,F,5,0,5
Alyssamarie,F,101,0,101
Alyssandra,F,216,0,216
Alysse,F,380,0,380
Alyssia,F,2703,0,2703
Alysson,F,523,0,523
Alyvia,F,3291,0,3291
Alyx,F,125,0,125
Alyxandra,F,53,0,53
Alyxandria,F,34,0,34
Alyza,F,533,0,533
Alyzabeth,F,6,0,6
Alyzae,F,19,0,19
Alyzah,F,37,0,37
Alyze,F,15,0,15
Alyzea,F,13,0,13
Alyzza,F,45,0,45
Alzada,F,10,0,10
Alzina,F,22,0,22
Alzira,F,12,0,12
Ama,F,44,0,44
Amaan,M,313,313,0
Amaar,M,22,22,0
Amada,F,1051,0,1051
Amadeo,M,465,465,0
Amadeus,M,261,261,0
Amadi,F,5,0,5
Amadita,F,5,0,5
Amado,M,2346,2346,0
Amador,M,2175,2175,0
Amadou,M,480,480,0
Amahia,F,10,0,10
Amai,F,6,0,6
Amaia,F,950,0,950
Amaiah,F,95,0,95
Amaira,F,81,0,81
Amairani,F,755,0,755
Amairany,F,609,0,609
Amaiya,F,666,0,666
Amaiyah,F,163,0,163
Amal,F,1322,0,1322
Amala,F,5,0,5
Amali,F,5,0,5
Amalia,F,8652,0,8652
Amalie,F,162,0,162
Amalin,F,6,0,6
Amalio,M,10,10,0
Amalya,F,37,0,37
Amalyn,F,5,0,5
Aman,M,976,966,10
Amana,F,5,0,5
Amanada,F,31,0,31
Amanat,F,5,0,5
Amanda,F,773342,826,772516
Amandeep,F,123,60,63
Amando,M,479,474,5
Amani,F,9658,955,8703
Amanpreet,F,43,5,38
Amanuel,M,25,25,0
Amar,M,2191,2184,7
Amara,F,10419,11,10408
Amarachi,F,101,0,101
Amarachukwu,F,5,0,5
Amarah,F,421,0,421
Amaranta,F,14,0,14
Amare,M,4469,4458,11
Amaree,U,173,128,45
Amari,F,28470,15795,12675
Amaria,F,1229,0,1229
Amariah,F,1435,0,1435
Amarian,M,43,43,0
Amariana,F,169,0,169
Amarianna,F,39,0,39
Amarie,F,935,36,899
Amarii,M,77,64,13
Amarilis,F,132,0,132
Amarilys,F,27,0,27
Amarion,M,2779,2779,0
Amariona,F,7,0,7
Amaris,F,5101,5,5096
Amarissa,F,116,0,116
Amarius,M,6,6,0
Amariya,F,51,0,51
Amariyah,F,123,0,123
Amariyon,M,5,5,0
Amariz,F,10,0,10
Amarri,M,5,5,0
Amaru,M,88,88,0
Amaryllis,F,152,0,152
Amato,M,6,6,0
Amatullah,F,15,0,15
Amauri,M,710,666,44
Amauris,M,5,5,0
Amaury,M,506,506,0
Amay,M,19,19,0
Amaya,F,27580,0,27580
Amayah,F,1941,0,1941
Amayra,F,22,0,22
Amayrani,F,227,0,227
Amayrany,F,18,0,18
Amaziah,M,92,92,0
Ambar,F,1656,0,1656
Amber,F,367310,173,367137
Amberle,F,6,0,6
Amberlea,F,5,0,5
Amberlee,F,433,0,433
Amberleigh,F,6,0,6
Amberley,F,43,0,43
Amberlie,F,5,0,5
Amberlin,F,5,0,5
Amberly,F,3466,0,3466
Amberlyn,F,361,0,361
Amberlynn,F,243,0,243
Amberrose,F,12,0,12
Ambika,F,16,0,16
Ambra,F,131,0,131
Ambre,F,16,0,16
Ambree,F,68,0,68
Ambria,F,638,0,638
Ambrie,F,6,0,6
Ambriel,F,5,0,5
Ambrielle,F,101,0,101
Ambrocio,M,11,11,0
Ambrose,M,2935,2935,0
Ambrosia,F,303,0,303
Ambrosio,M,339,339,0
Ambry,F,5,0,5
Ambur,F,21,0,21
Ameal,M,6,6,0
Amedeo,M,134,134,0
Amedio,M,11,11,0
Amee,F,355,0,355
Ameen,M,440,440,0
Ameena,F,407,0,407
Ameenah,F,65,0,65
Ameer,M,3238,3238,0
Ameera,F,1036,0,1036
Ameerah,F,751,0,751
Ameet,M,5,5,0
Ameilia,F,5,0,5
Ameir,M,80,80,0
Amel,F,26,11,15
Amela,F,22,0,22
Ameli,F,11,0,11
Amelia,F,165929,18,165911
Ameliah,F,85,0,85
Ameliana,F,15,0,15
Amelie,F,5491,0,5491
Amelio,M,28,28,0
Ameliya,F,5,0,5
Amellia,F,22,0,22
Amely,F,33,0,33
Amelya,F,20,0,20
Amen,U,298,177,121
Amena,F,95,0,95
Amenda,F,5,0,5
Amer,M,318,318,0
Amera,F,51,0,51
Amere,M,241,236,5
Ameri,F,10,0,10
Ameria,F,133,0,133
America,F,9834,0,9834
Americo,M,1552,1552,0
Americus,F,51,5,46
Amerie,F,1251,0,1251
Amerigo,M,139,139,0
Amerika,F,53,0,53
Ameris,F,49,0,49
Amery,F,120,0,120
Ames,M,71,71,0
Amesha,F,5,0,5
Amethyst,F,1249,0,1249
Amey,F,11,0,11
Ameya,F,168,11,157
Ameyalli,F,10,0,10
Ami,F,4520,20,4500
Amia,F,3101,0,3101
Amiah,F,2436,0,2436
Amias,M,137,137,0
Amie,F,16944,0,16944
Amiee,F,310,0,310
Amiel,M,66,66,0
Amier,M,36,36,0
Amil,F,23,12,11
Amila,F,65,0,65
Amilah,F,6,0,6
Amilcar,M,207,207,0
Amilia,F,626,0,626
Amiliana,F,13,0,13
Amilio,M,6,6,0
Amillia,F,32,0,32
Amilliana,F,5,0,5
Amily,F,10,0,10
Amilya,F,55,0,55
Amin,M,1361,1361,0
Amina,F,9641,0,9641
Aminah,F,2340,0,2340
Aminata,F,967,0,967
Amine,M,15,15,0
Aminta,F,19,0,19
Amir,M,28395,28390,5
Amira,F,11390,0,11390
Amiracle,F,552,0,552
Amirah,F,5105,0,5105
Amire,M,64,64,0
Amiree,F,8,0,8
Amiri,M,53,53,0
Amirjon,M,6,6,0
Amirrah,F,10,0,10
Amisadai,F,11,0,11
Amish,M,10,10,0
Amisha,F,126,0,126
Amit,M,1641,1632,9
Amita,F,20,0,20
Amitai,M,6,6,0
Amity,F,277,0,277
Amiya,F,5987,0,5987
Amiyah,F,11332,0,11332
Amjad,M,5,5,0
Amma,F,10,0,10
Ammar,M,1010,1010,0
Ammi,F,5,0,5
Ammie,F,354,0,354
Ammon,M,1803,1803,0
Ammy,F,390,0,390
Amna,F,502,0,502
Amneris,F,6,0,6
Amogh,M,166,166,0
Amon,M,221,221,0
Amoni,F,205,0,205
Amonie,F,5,0,5
Amonte,M,34,34,0
Amor,F,467,0,467
Amora,F,1516,0,1516
Amore,F,99,0,99
Amoreena,F,38,0,38
Amorette,F,84,0,84
Amori,F,16,5,11
Amorie,F,43,0,43
Amory,F,40,10,30
Amos,M,24994,24994,0
Amour,F,45,0,45
Amoura,F,25,0,25
Amparo,F,2288,0,2288
Ample,F,5,0,5
Amr,M,190,190,0
Amra,F,10,0,10
Amreen,F,54,0,54
Amri,F,80,0,80
Amrie,F,18,0,18
Amrit,F,297,138,159
Amrita,F,373,0,373
Amritpal,M,31,31,0
Amrom,M,205,205,0
Amrutha,F,5,0,5
Amulya,F,23,0,23
Amunet,F,5,0,5
Amunique,F,11,0,11
Amy,F,681011,432,680579
Amya,F,8404,0,8404
Amyah,F,1669,0,1669
Amye,F,24,0,24
Amyia,F,159,0,159
Amyiah,F,183,0,183
Amyjo,F,42,0,42
Amyla,F,7,0,7
Amylah,F,6,0,6
Amylia,F,5,0,5
Amyra,F,522,0,522
Amyrah,F,88,0,88
Amyre,F,41,0,41
Amyree,F,10,0,10
Amyri,F,77,0,77
Amyria,F,54,0,54
Amyriah,F,5,0,5
Amyrie,F,71,0,71
Amzie,F,6,0,6
An,F,677,262,415
Ana,F,96993,224,96769
Anaalicia,F,25,0,25
Anaaya,F,5,0,5
Anabel,F,6676,0,6676
Anabela,F,47,0,47
Anabelen,F,10,0,10
Anabelia,F,5,0,5
Anabell,F,628,0,628
Anabella,F,4668,0,4668
Anabelle,F,6711,0,6711
Anabeth,F,8,0,8
Anabia,F,108,0,108
Anacamila,F,10,0,10
Anacani,F,20,0,20
Anacaren,F,33,0,33
Anacarolina,F,6,0,6
Anacecilia,F,5,0,5
Anaceli,F,5,0,5
Anaclara,F,35,0,35
Anacleto,M,44,44,0
Anacristina,F,45,0,45
Anadalay,F,10,0,10
Anaeli,F,15,0,15
Anaelle,F,50,0,50
Anagabriela,F,17,0,17
Anagha,F,130,0,130
Anah,F,5,0,5
Anahi,F,14090,0,14090
Anahid,F,17,0,17
Anahis,F,15,0,15
Anahit,F,230,0,230
Anahita,F,39,0,39
Anahy,F,677,0,677
Anai,F,1289,0,1289
Anaia,F,29,0,29
Anaiah,F,1084,0,1084
Anaid,F,181,0,181
Anaily,F,6,0,6
Anaira,F,32,0,32
Anairis,F,10,0,10
Anais,F,5412,0,5412
Anaisa,F,62,0,62
Anaisabel,F,6,0,6
Anaise,F,5,0,5
Anaisha,F,116,0,116
Anaissa,F,5,0,5
Anaiya,F,886,0,886
Anaiyah,F,502,0,502
Anaiz,F,75,0,75
Anaiza,F,24,0,24
Anaja,F,5,0,5
Anajah,F,22,0,22
Anajulia,F,34,0,34
Anaka,F,5,0,5
Anakaren,F,680,0,680
Anakin,M,1571,1571,0
Analaura,F,140,0,140
Analaya,F,11,0,11
Analayah,F,15,0,15
Analea,F,34,0,34
Analeah,F,496,0,496
Analee,F,723,0,723
Analeia,F,5,0,5
Analeigh,F,605,0,605
Analeigha,F,5,0,5
Analena,F,6,0,6
Analeya,F,5,0,5
Anali,F,1008,0,1008
Analia,F,3366,0,3366
Analiah,F,273,0,273
Analicia,F,1065,0,1065
Analie,F,94,0,94
Analiese,F,506,0,506
Analilia,F,143,0,143
Analina,F,12,0,12
Analis,F,97,0,97
Analisa,F,2228,0,2228
Analise,F,2329,0,2329
Analissa,F,39,0,39
Analisse,F,6,0,6
Analiya,F,8,0,8
Analiyah,F,394,0,394
Analiz,F,158,0,158
Analiza,F,28,0,28
Analleli,F,13,0,13
Anallely,F,34,0,34
Analucia,F,197,0,197
Analuisa,F,63,0,63
Analuiza,F,7,0,7
Analy,F,1071,0,1071
Analya,F,5,0,5
Analyn,F,12,0,12
Analynn,F,22,0,22
Analysa,F,81,0,81
Analyse,F,77,0,77
Analysia,F,6,0,6
Analyssa,F,223,0,223
Anam,F,125,0,125
Anamaria,F,1464,0,1464
Anamarie,F,330,0,330
Anamika,F,6,0,6
Anamta,F,5,0,5
Anand,M,574,574,0
Ananda,F,536,0,536
Ananias,M,6,6,0
Anant,M,5,5,0
Ananya,F,2468,0,2468
Anapaola,F,10,0,10
Anapatricia,F,7,0,7
Anapaula,F,139,0,139
Anara,F,10,0,10
Anareli,F,10,0,10
Anari,F,97,0,97
Anaria,F,5,0,5
Anarosa,F,85,0,85
Anas,M,778,778,0
Anasia,F,130,0,130
Anasofia,F,356,0,356
Anasophia,F,32,0,32
Anastacia,F,2149,0,2149
Anastacio,M,1304,1304,0
Anastasi,F,20,0,20
Anastasia,F,38320,0,38320
Anastasija,F,5,0,5
Anastasio,M,57,57,0
Anastasios,M,269,269,0
Anastasiya,F,17,0,17
Anastassia,F,15,0,15
Anastazia,F,46,0,46
Anastyn,F,16,0,16
Anatole,M,13,13,0
Anavi,F,5,0,5
Anavictoria,F,84,0,84
Anay,F,726,424,302
Anaya,F,10639,0,10639
Anayah,F,1398,0,1398
Anayeli,F,1229,0,1229
Anayely,F,36,0,36
Anayiah,F,5,0,5
Anayla,F,15,0,15
Anaysia,F,5,0,5
Anberlin,F,16,0,16
Ancel,M,25,25,0
Ancil,M,165,165,0
Anda,F,5,0,5
Andee,F,66,0,66
Andelyn,F,10,0,10
Anden,M,70,70,0
Ander,M,413,413,0
Andera,F,45,0,45
Anders,M,3271,3271,0
Andersen,M,93,93,0
Anderson,M,20819,20635,184
Andhy,M,5,5,0
Andi,F,2223,217,2006
Andie,F,1770,5,1765
Andon,M,368,368,0
Andoni,M,10,10,0
Andora,F,6,0,6
Andra,F,2926,885,2041
Andrae,M,603,603,0
Andranik,M,130,130,0
Andraya,F,54,0,54
Andre,M,119148,118699,449
Andrea,F,432573,3309,429264
Andreah,F,31,0,31
Andreana,F,381,0,381
Andreanna,F,76,0,76
Andreas,M,4425,4425,0
Andree,F,619,181,438
Andrei,M,1076,1076,0
Andreia,F,15,0,15
Andreina,F,734,0,734
Andreita,F,5,0,5
Andrena,F,64,0,64
Andres,M,79585,79463,122
Andretta,F,7,0,7
Andrew,M,1267324,1265429,1895
Andrewjames,M,10,10,0
Andrews,M,40,40,0
Andrey,M,1016,1016,0
Andreya,F,155,0,155
Andrez,M,340,340,0
Andria,F,5331,0,5331
Andrian,M,16,16,0
Andriana,F,618,0,618
Andrianna,F,128,0,128
Andrick,M,115,115,0
Andrik,M,358,358,0
Andrina,F,112,0,112
Andriy,M,6,6,0
Andromeda,F,84,0,84
Andru,M,277,277,0
Andrue,M,95,95,0
Andrus,M,22,22,0
Andruw,M,133,133,0
Andry,M,18,18,0
Andrzej,M,54,54,0
Andy,M,83365,83260,105
Anecia,F,48,0,48
Aneesa,F,557,0,557
Aneesah,F,114,0,114
Aneesh,M,232,232,0
Aneesha,F,29,0,29
Aneisha,F,16,0,16
Anel,F,1206,5,1201
Anela,F,640,0,640
Aneli,F,21,0,21
Anelis,F,5,0,5
Anelise,F,31,0,31
Aneliz,F,30,0,30
Anella,F,12,0,12
Anely,F,67,0,67
Anesa,F,12,0,12
Anesha,F,30,0,30
Anesia,F,5,0,5
Anessa,F,802,0,802
Anet,F,5,0,5
Aneta,F,82,0,82
Aneth,F,71,0,71
Anetra,F,78,0,78
Anett,F,27,0,27
Anette,F,1034,0,1034
Aneudi,M,5,5,0
Aneudy,M,22,22,0
Anevay,F,70,0,70
Aneya,F,16,0,16
Anfernee,M,762,762,0
Angad,M,158,158,0
Angel,U,316820,224298,92522
Angela,F,659748,469,659279
Angeldejesus,M,17,17,0
Angele,F,326,0,326
Angelea,F,33,0,33
Angeleah,F,21,0,21
Angelean,F,5,0,5
Angelee,F,234,0,234
Angeleen,F,18,0,18
Angeleena,F,20,0,20
Angelena,F,749,0,749
Angelene,F,198,0,198
Angeles,F,1936,5,1931
Angelette,F,5,0,5
Angelgabriel,M,87,87,0
Angeli,F,476,0,476
Angelia,F,18841,0,18841
Angeliah,F,5,0,5
Angelic,F,1724,0,1724
Angelica,F,86804,142,86662
Angelicamaria,F,5,0,5
Angelicamarie,F,5,0,5
Angelicia,F,6,0,6
Angelie,F,951,0,951
Angelik,F,33,0,33
Angelika,F,1145,0,1145
Angeliki,F,10,0,10
Angelin,F,129,0,129
Angelina,F,111197,5,111192
Angelinah,F,5,0,5
Angeline,F,27054,0,27054
Angelinne,F,5,0,5
Angelino,M,18,18,0
Angeliqu,F,5,0,5
Angelique,F,25293,0,25293
Angelis,F,119,0,119
Angelisa,F,49,0,49
Angelise,F,200,0,200
Angelisse,F,14,0,14
Angelita,F,8651,22,8629
Angelito,M,10,10,0
Angeliyah,F,6,0,6
Angeliz,F,80,0,80
Angeljesus,M,5,5,0
Angella,F,1191,0,1191
Angelle,F,1145,0,1145
Angelli,F,107,0,107
Angellica,F,21,0,21
Angellina,F,29,0,29
Angello,M,89,89,0
Angelly,F,84,0,84
Angelmarie,F,17,0,17
Angelo,M,72397,72373,24
Angelos,M,15,15,0
Angelus,M,7,7,0
Angely,F,1323,0,1323
Angelyn,F,581,0,581
Angelyna,F,185,0,185
Angelyne,F,17,0,17
Angelynn,F,100,0,100
Angelys,F,21,0,21
Angenette,F,6,0,6
Angeni,F,5,0,5
Angi,F,5,0,5
Angie,F,56208,0,56208
Angila,F,15,0,15
Angla,F,20,0,20
Angle,F,75,0,75
Anglea,F,313,0,313
Anglia,F,70,0,70
Anguel,M,20,20,0
Angus,M,1709,1709,0
Angy,F,49,0,49
Anh,F,827,187,640
Anhad,M,11,11,0
Anhar,F,6,0,6
Anhelica,F,5,0,5
Anhthu,F,13,0,13
Ani,F,1424,0,1424
Ania,F,1361,0,1361
Aniah,F,1752,0,1752
Aniaya,F,18,0,18
Anibal,M,2327,2321,6
Anica,F,162,0,162
Anice,F,15,0,15
Aniceto,M,134,134,0
Anicia,F,87,0,87
Aniel,M,11,11,0
Aniela,F,159,0,159
Aniello,M,247,247,0
Anija,F,6,0,6
Anijah,F,480,0,480
Anik,M,15,15,0
Anika,F,11638,0,11638
Anikah,F,5,0,5
Aniket,M,62,62,0
Aniketh,M,10,10,0
Anil,M,376,376,0
Anila,F,15,0,15
Anilah,F,37,0,37
Anina,F,18,0,18
Aniqa,F,17,0,17
Anique,F,10,0,10
Anirudh,M,629,629,0
Anis,M,6,6,0
Anisa,F,3040,0,3040
Anisah,F,151,0,151
Anise,F,51,0,51
Aniseto,M,5,5,0
Anish,M,1722,1722,0
Anisha,F,2359,0,2359
Anishka,F,46,0,46
Anisjon,M,6,6,0
Anissa,F,9475,0,9475
Anissia,F,16,0,16
Aniston,F,1147,0,1147
Anisty,F,5,0,5
Anistyn,F,236,0,236
Anita,F,207413,16,207397
Anitra,F,2605,0,2605
Anitza,F,6,0,6
Anival,M,70,70,0
Aniya,F,15060,0,15060
Aniyah,F,23322,0,23322
Aniyha,F,11,0,11
Aniyla,F,103,0,103
Aniylah,F,179,0,179
Aniyyah,F,5,0,5
Aniza,F,10,0,10
Anja,F,733,0,733
Anjail,F,6,0,6
Anjalee,F,5,0,5
Anjali,F,3601,0,3601
Anjana,F,28,0,28
Anjanae,F,5,0,5
Anjanette,F,1414,0,1414
Anjani,F,6,0,6
Anjannette,F,5,0,5
Anjeanette,F,37,0,37
Anjel,M,334,334,0
Anjela,F,39,0,39
Anjelica,F,2753,0,2753
Anjelika,F,39,0,39
Anjelina,F,117,0,117
Anjelique,F,5,0,5
Anjenette,F,5,0,5
Anjolaoluwa,F,27,0,27
Anjoli,F,5,0,5
Anjolie,F,101,0,101
Anjolina,F,15,0,15
Anjuli,F,95,0,95
Ankit,M,197,197,0
Ankita,F,88,0,88
Ankitha,F,5,0,5
Ankur,M,151,151,0
Ankush,M,5,5,0
Anmarie,F,16,0,16
Anmol,F,164,92,72
Ann,F,450253,109,450144
Anna,F,740275,392,739883
Annabel,F,9545,0,9545
Annabell,F,2945,0,2945
Annabella,F,11365,0,11365
Annabelle,F,52351,0,52351
Annabeth,F,818,0,818
Annaclaire,F,45,0,45
Annaclara,F,11,0,11
Annaelle,F,5,0,5
Annagrace,F,74,0,74
Annah,F,140,0,140
Annahi,F,88,0,88
Annai,F,11,0,11
Annais,F,30,0,30
Annajulia,F,5,0,5
Annaka,F,27,0,27
Annakate,F,6,0,6
Annalea,F,50,0,50
Annaleah,F,259,0,259
Annalee,F,2958,0,2958
Annaleigh,F,1040,0,1040
Annali,F,114,0,114
Annalia,F,277,0,277
Annalicia,F,194,0,194
Annalie,F,247,0,247
Annaliese,F,2419,0,2419
Annalina,F,10,0,10
Annalisa,F,2812,0,2812
Annalise,F,9655,0,9655
Annalissa,F,5,0,5
Annaliyah,F,33,0,33
Annaliz,F,5,0,5
Annaliza,F,10,0,10
Annalucia,F,10,0,10
Annaluiza,F,5,0,5
Annaly,F,177,0,177
Annalyn,F,225,0,225
Annalynn,F,275,0,275
Annalysa,F,5,0,5
Annalyse,F,383,0,383
Annalyssa,F,5,0,5
Annamae,F,1547,0,1547
Annamari,F,6,0,6
Annamaria,F,1537,0,1537
Annamarie,F,7672,0,7672
Annamary,F,16,0,16
Annamay,F,169,0,169
Annarose,F,5,0,5
Annasofia,F,15,0,15
Annasophia,F,102,0,102
Annastacia,F,5,0,5
Annastasia,F,244,0,244
Annay,F,6,0,6
Annaya,F,15,0,15
Anndrea,F,15,0,15
Anne,F,305682,49,305633
Anneka,F,46,0,46
Anneke,F,121,0,121
Annel,F,261,0,261
Anneli,F,7,0,7
Anneliese,F,2565,0,2565
Annelise,F,3106,0,3106
Annell,F,51,0,51
Annella,F,40,0,40
Annelle,F,101,0,101
Annelyse,F,10,0,10
Annemari,F,13,0,13
Annemarie,F,8423,0,8423
Anner,F,130,0,130
Annessa,F,35,0,35
Annet,F,26,0,26
Annete,F,16,0,16
Anneth,F,41,0,41
Annett,F,75,0,75
Annetta,F,4403,0,4403
Annette,F,162205,5,162200
Anni,F,11,0,11
Annia,F,34,0,34
Anniah,F,5,0,5
Annica,F,23,0,23
Annice,F,126,0,126
Annie,F,278743,656,278087
Anniebell,F,5,0,5
Anniemae,F,26,0,26
Annika,F,15055,0,15055
Annina,F,6,0,6
Annis,F,521,0,521
Annisa,F,53,0,53
Annissa,F,206,0,206
Anniston,F,1643,0,1643
Annistyn,F,349,0,349
Annita,F,83,0,83
Anniyah,F,134,0,134
Annmargaret,F,6,0,6
Annmarie,F,14985,0,14985
Annora,F,79,0,79
Annslee,F,77,0,77
Annsley,F,166,0,166
Anny,F,409,0,409
Annya,F,5,0,5
Annye,F,10,0,10
Anoop,M,10,10,0
Anora,F,61,0,61
Anorah,F,5,0,5
Anouk,F,58,0,58
Anoushka,F,229,0,229
Anquette,F,19,0,19
Ansel,M,1017,1017,0
Anselma,F,58,0,58
Anselmo,M,1497,1497,0
Ansh,M,941,941,0
Anshika,F,62,0,62
Anshul,M,70,70,0
Anslee,F,628,0,628
Anslei,F,11,0,11
Ansleigh,F,769,0,769
Ansley,F,8512,0,8512
Anslie,F,54,0,54
Anson,M,2890,2890,0
Antanasia,F,7,0,7
Antania,F,6,0,6
Antara,F,5,0,5
Antasia,F,10,0,10
Antavious,M,212,212,0
Antavius,M,39,39,0
Antawan,M,5,5,0
Antawn,M,27,27,0
Ante,M,16,16,0
Anterrio,M,5,5,0
Antha,F,6,0,6
Anthea,F,35,0,35
Anthonella,F,11,0,11
Anthoney,M,413,413,0
Anthoni,M,94,94,0
Anthonie,M,102,102,0
Anthonny,M,5,5,0
Anthony,M,1426716,1422931,3785
Anthonyjames,M,12,12,0
Anthonyjohn,M,5,5,0
Anthonyjr,M,12,12,0
Antigone,F,5,0,5
Antion,M,6,6,0
Antione,M,2789,2789,0
Antionette,F,5881,0,5881
Antionne,M,5,5,0
Antiono,M,5,5,0
Antjuan,M,65,65,0
Antoin,M,16,16,0
Antoine,M,23476,23466,10
Antoinet,F,8,0,8
Antoinetta,F,97,0,97
Antoinette,F,70510,0,70510
Antoinne,M,5,5,0
Antoino,M,10,10,0
Anton,M,16335,16335,0
Antone,M,2615,2615,0
Antonela,F,5,0,5
Antonella,F,2933,0,2933
Antonetta,F,756,0,756
Antonette,F,4254,0,4254
Antoni,M,589,589,0
Antonia,F,27276,1022,26254
Antonie,M,38,38,0
Antonieta,F,27,0,27
Antonietta,F,417,0,417
Antoniette,F,52,0,52
Antonina,F,913,0,913
Antonino,M,678,678,0
Antonio,M,241869,241254,615
Antoniodejesus,M,15,15,0
Antonios,M,137,137,0
Antonique,F,6,0,6
Antonisha,F,27,0,27
Antony,M,6075,6075,0
Antoria,F,7,0,7
Antrell,M,5,5,0
Antron,M,361,361,0
Antrone,M,5,5,0
Antuan,M,192,192,0
Antwain,M,833,833,0
Antwaine,M,10,10,0
Antwan,M,10144,10144,0
Antwane,M,81,81,0
Antwanette,F,38,0,38
Antwann,M,41,41,0
Antwaun,M,198,198,0
Antwine,M,71,71,0
Antwoin,M,11,11,0
Antwoine,M,93,93,0
Antwon,M,4176,4176,0
Antwone,M,519,519,0
Antwonette,F,5,0,5
Antwuan,M,28,28,0
Anuar,M,38,38,0
Anubis,M,6,6,0
Anuel,M,20,20,0
Anuhea,F,235,0,235
Anuj,M,112,112,0
Anum,F,114,0,114
Anup,M,6,6,0
Anurag,M,12,12,0
Anureet,F,5,0,5
Anusha,F,423,0,423
Anushka,F,777,0,777
Anushree,F,5,0,5
Anvay,M,10,10,0
Anvi,F,317,0,317
Anvika,F,145,0,145
Anvita,F,74,0,74
Anvitha,F,48,0,48
Anwar,M,1043,1043,0
Anwita,F,16,0,16
Any,F,11,0,11
Anya,F,13317,0,13317
Anyae,F,62,0,62
Anyah,F,605,0,605
Anye,F,6,0,6
Anyeli,F,49,0,49
Anyelin,F,22,0,22
Anyia,F,190,0,190
Anyiah,F,58,0,58
Anyla,F,980,0,980
Anylah,F,455,0,455
Anysa,F,23,0,23
Anysia,F,15,0,15
Anyssa,F,1239,0,1239
Anzal,F,49,0,49
Anze,M,5,5,0
Anzley,F,12,0,12
Aoi,F,5,0,5
Aoife,F,580,0,580
Aolani,F,256,0,256
Aolanis,F,189,0,189
Aparna,F,40,0,40
Aphrodite,F,64,0,64
Apolinar,M,711,706,5
Apollo,M,2118,2118,0
Apollonia,F,85,0,85
Apolo,M,6,6,0
Apolonia,F,305,0,305
Apolonio,M,869,869,0
Apoorva,F,15,0,15
Apostolos,M,13,13,0
Apple,F,68,0,68
Appollonia,F,5,0,5
Appolonia,F,5,0,5
April,F,236161,52,236109
Aprile,F,5,0,5
Aprill,F,5,0,5
Aprille,F,25,0,25
Apryl,F,791,0,791
Aqib,M,10,10,0
Aqsa,F,58,0,58
Aquasia,F,5,0,5
Aqueelah,F,56,0,56
Aquil,M,132,132,0
Aquila,F,28,0,28
Aquiles,M,140,140,0
Aquilla,F,15,0,15
Aquinnah,F,6,0,6
Ara,F,736,274,462
Arabela,F,5,0,5
Arabella,F,14367,0,14367
Arabelle,F,474,0,474
Arabia,F,17,0,17
Araceli,F,16193,63,16130
Aracelia,F,129,0,129
Aracelie,F,14,0,14
Aracelis,F,489,0,489
Aracelli,F,51,0,51
Aracelly,F,5,0,5
Aracely,F,7403,0,7403
Aracelys,F,8,0,8
Aradhya,F,47,0,47
Araf,M,39,39,0
Arafat,M,12,12,0
Araina,F,5,0,5
Araiya,F,8,0,8
Araly,F,5,0,5
Aralyn,F,219,0,219
Aralynn,F,185,0,185
Aram,M,1051,1051,0
Arami,F,6,0,6
Araminta,F,5,0,5
Aramis,M,896,891,5
Aran,M,80,80,0
Arantxa,F,168,0,168
Arantza,F,427,0,427
Aranza,F,1515,0,1515
Aras,M,5,5,0
Araseli,F,632,0,632
Arasely,F,25,0,25
Arash,M,307,307,0
Arath,M,633,633,0
Arav,M,352,352,0
Aravind,M,13,13,0
Araya,F,1047,0,1047
Arayah,F,182,0,182
Arbadella,F,5,0,5
Arben,M,60,60,0
Arber,M,51,51,0
Arbi,M,5,5,0
Arbie,M,12,12,0
Arbor,F,5,0,5
Arbutus,F,348,0,348
Arcadia,F,5,0,5
Arcadio,M,299,299,0
Arcangel,M,11,11,0
Arcangelo,M,10,10,0
Arcelia,F,877,0,877
Arcenio,M,5,5,0
Arch,M,195,195,0
Archer,M,8515,8510,5
Archibald,M,351,351,0
Archie,M,40003,39820,183
Archit,M,10,10,0
Archita,F,5,0,5
Archivaldo,M,15,15,0
Arcilia,F,11,0,11
Arcola,F,36,0,36
Arda,M,114,109,5
Ardath,F,136,0,136
Ardele,F,5,0,5
Ardelia,F,113,0,113
Ardell,F,1158,462,696
Ardella,F,855,0,855
Ardelle,F,443,0,443
Arden,F,6220,3234,2986
Ardene,F,7,0,7
Ardeth,F,188,0,188
Ardian,M,16,16,0
Ardie,F,6,0,6
Ardis,F,4204,212,3992
Ardit,M,18,18,0
Ardita,F,5,0,5
Ardith,F,3261,5,3256
Ardyce,F,548,0,548
Ardyn,F,14,0,14
Ardys,F,259,0,259
Ardyth,F,35,0,35
Ardythe,F,5,0,5
Areana,F,40,0,40
Areanna,F,99,0,99
Areatha,F,12,0,12
Areeb,M,27,27,0
Areeba,F,49,0,49
Areebah,F,5,0,5
Areej,F,33,0,33
Areen,F,5,0,5
Areesha,F,17,0,17
Areg,M,24,24,0
Areil,F,6,0,6
Areisy,F,9,0,9
Arek,M,23,23,0
Arel,M,5,5,0
Areli,F,4428,5,4423
Arelie,F,13,0,13
Arelis,F,331,0,331
Arella,F,35,0,35
Arelly,F,68,0,68
Arely,F,8101,0,8101
Arelys,F,38,0,38
Aren,M,508,508,0
Arend,M,5,5,0
Areona,F,6,0,6
Areonna,F,10,0,10
Ares,M,1807,1802,5
Aretha,F,3169,0,3169
Areti,F,6,0,6
Aretta,F,107,0,107
Arfa,F,31,0,31
Argelia,F,392,0,392
Argelio,M,16,16,0
Argelis,M,21,21,0
Argenis,M,493,493,0
Argentina,F,45,0,45
Argie,F,88,10,78
Argus,M,16,16,0
Arhaan,M,76,76,0
Arham,M,484,484,0
Arhan,M,16,16,0
Arhianna,F,18,0,18
Ari,M,12992,11379,1613
Aria,F,42354,240,42114
Ariabella,F,7,0,7
Ariadna,F,1792,0,1792
Ariadne,F,2048,0,2048
Ariah,F,4918,0,4918
Ariahna,F,5,0,5
Arial,F,180,0,180
Ariam,F,16,0,16
Arian,M,3375,3201,174
Ariana,F,95003,22,94981
Arianah,F,205,0,205
Ariane,F,1619,0,1619
Ariani,F,99,0,99
Arianie,F,5,0,5
Arianna,F,87036,0,87036
Ariannah,F,222,0,222
Arianne,F,1740,0,1740
Arianni,F,102,0,102
Ariannie,F,5,0,5
Arianny,F,863,0,863
Ariany,F,73,0,73
Arias,M,6,6,0
Ariatna,F,31,0,31
Ariauna,F,10,0,10
Ariba,F,6,0,6
Aribella,F,257,0,257
Aribelle,F,5,0,5
Aric,M,4172,4172,0
Arica,F,692,0,692
Arick,M,52,52,0
Ariday,F,13,0,13
Arie,F,877,256,621
Arieal,F,5,0,5
Arieana,F,94,0,94
Arieanna,F,320,0,320
Ariel,F,81323,15302,66021
Ariela,F,1438,0,1438
Ariele,F,30,0,30
Arielis,F,15,0,15
Ariell,F,78,0,78
Ariella,F,8209,0,8209
Arielle,F,22518,11,22507
Ariely,F,21,0,21
Arielys,F,34,0,34
Arien,M,20,20,0
Arienne,F,7,0,7
Arieona,F,10,0,10
Arieonna,F,11,0,11
Aries,U,1522,1061,461
Arietta,F,24,0,24
Arif,M,97,97,0
Arihaan,M,10,10,0
Arihana,F,5,0,5
Arihanna,F,207,0,207
Arihant,M,5,5,0
Arik,M,602,602,0
Arika,F,548,0,548
Arikka,F,5,0,5
Arilene,F,5,0,5
Arilyn,F,13,0,13
Arilynn,F,24,0,24
Arin,F,889,391,498
Arina,F,250,0,250
Arinze,M,5,5,0
Ario,M,6,6,0
Arion,M,540,484,56
Ariona,F,110,0,110
Arionna,F,1065,0,1065
Aris,U,737,517,220
Arisa,F,130,0,130
Arisbeth,F,239,0,239
Arish,M,5,5,0
Arisha,F,177,0,177
Arissa,F,1000,0,1000
Arista,F,35,0,35
Aristea,F,5,0,5
Aristeo,M,283,283,0
Aristide,M,5,5,0
Aristides,M,41,41,0
Ariston,M,18,18,0
Aristotle,M,82,82,0
Aritza,F,33,0,33
Arius,M,100,100,0
Ariv,M,5,5,0
Ariya,F,2141,0,2141
Ariyah,F,3228,0,3228
Ariyan,U,71,46,25
Ariyana,F,1902,0,1902
Ariyanah,F,5,0,5
Ariyanna,F,1414,0,1414
Ariyon,F,6,0,6
Ariyonna,F,43,0,43
Ariza,F,379,0,379
Arizbeth,F,152,0,152
Arizona,F,383,0,383
Arjan,M,158,158,0
Arjay,M,18,18,0
Arjen,M,82,82,0
Arjenis,M,7,7,0
Arjeta,F,5,0,5
Arjun,M,6683,6683,0
Arjuna,M,16,16,0
Arkeem,M,24,24,0
Arkie,F,6,0,6
Arla,F,501,0,501
Arlan,M,742,742,0
Arlana,F,5,0,5
Arland,M,99,99,0
Arlayne,F,5,0,5
Arlean,F,218,0,218
Arlee,F,39,12,27
Arleen,F,8930,0,8930
Arleene,F,25,0,25
Arleigh,M,10,10,0
Arlen,M,2939,2753,186
Arlena,F,268,0,268
Arlene,F,137626,15,137611
Arlenis,F,5,0,5
Arlenne,F,17,0,17
Arleny,F,5,0,5
Arlet,F,537,0,537
Arleta,F,79,0,79
Arleth,F,2334,0,2334
Arletha,F,230,0,230
Arlett,F,301,0,301
Arletta,F,327,0,327
Arlette,F,2816,0,2816
Arley,M,700,688,12
Arlie,M,3283,3081,202
Arlin,U,881,640,241
Arlina,F,10,0,10
Arlind,M,31,31,0
Arlinda,F,193,0,193
Arline,F,13584,0,13584
Arlington,M,218,218,0
Arlis,M,548,431,117
Arlisa,F,11,0,11
Arliss,F,129,0,129
Arliz,F,6,0,6
Arlo,M,5330,5299,31
Arloa,F,41,0,41
Arlon,M,171,171,0
Arlos,M,6,6,0
Arly,F,431,0,431
Arlyce,F,43,0,43
Arlyle,F,17,0,17
Arlyn,F,1273,635,638
Arlyne,F,361,0,361
Arlynn,F,26,0,26
Arlynne,F,5,0,5
Arlys,F,595,0,595
Arlyss,F,5,0,5
Arma,F,54,0,54
Armaan,M,1793,1793,0
Arman,M,2193,2193,0
Armand,M,10908,10908,0
Armanda,F,56,0,56
Armandina,F,604,0,604
Armando,M,69153,69024,129
Armani,F,14451,8133,6318
Armanii,F,10,0,10
Armany,M,13,13,0
Armarion,M,5,5,0
Armelia,F,10,0,10
Armelinda,F,5,0,5
Armella,F,223,0,223
Armen,M,809,809,0
Armend,M,11,11,0
Armida,F,2251,0,2251
Armilda,F,6,0,6
Armin,M,756,756,0
Armina,F,6,0,6
Arminda,F,155,0,155
Armine,F,69,0,69
Armistead,M,7,7,0
Armon,M,933,933,0
Armond,M,837,837,0
Armondo,M,295,295,0
Armoni,F,776,139,637
Armonie,F,67,0,67
Armonii,F,5,0,5
Armstead,M,20,20,0
Arna,F,5,0,5
Arnaldo,M,1037,1037,0
Arnav,M,2473,2473,0
Arne,M,914,914,0
Arnel,M,106,106,0
Arnell,F,87,33,54
Arnelle,F,41,0,41
Arnetha,F,15,0,15
Arnetia,F,5,0,5
Arnetra,F,5,0,5
Arnett,M,87,87,0
Arnetta,F,656,0,656
Arnette,F,33,0,33
Arnez,M,20,20,0
Arnie,M,181,176,5
Arnisha,F,5,0,5
Arnita,F,312,0,312
Arno,M,238,238,0
Arnold,M,96792,96771,21
Arnoldo,M,3502,3502,0
Arnulfo,M,4859,4859,0
Arohi,F,18,0,18
Aroldo,M,15,15,0
Aron,M,13735,13735,0
Aroosa,F,5,0,5
Arora,F,6,0,6
Aroush,F,10,0,10
Arpi,F,60,0,60
Arpine,F,10,0,10
Arpita,F,6,0,6
Arquilla,F,6,0,6
Arren,M,5,5,0
Arriana,F,561,0,561
Arrianna,F,392,0,392
Arrie,F,235,0,235
Arriel,F,10,0,10
Arrielle,F,5,0,5
Arrington,M,6,6,0
Arrion,M,5,5,0
Arron,M,4356,4356,0
Arrow,M,305,237,68
Arsalan,M,22,22,0
Arsema,F,108,0,108
Arsen,M,147,147,0
Arsenio,M,888,888,0
Arsh,M,168,168,0
Arshan,M,69,69,0
Arshdeep,U,34,24,10
Arshia,F,55,24,31
Arshiya,F,11,0,11
Arsie,F,7,0,7
Arslan,M,15,15,0
Art,M,2523,2523,0
Arta,F,11,0,11
Artan,M,6,6,0
Artavia,F,22,0,22
Artavious,M,63,63,0
Artavis,M,5,5,0
Artavius,M,24,24,0
Artee,M,5,5,0
Artelia,F,32,0,32
Artem,M,267,267,0
Artemio,M,1375,1375,0
Artemis,F,316,5,311
Artemisa,F,114,0,114
Artez,M,5,5,0
Artha,U,15,10,5
Arther,M,2625,2625,0
Arthor,M,5,5,0
Arthur,M,478631,478058,573
Arthuree,F,5,0,5
Arthurine,F,11,0,11
Arthuro,M,40,40,0
Arti,F,5,0,5
Artice,M,5,5,0
Artie,F,4003,1043,2960
Artin,M,158,158,0
Artis,M,2701,2665,36
Artisha,F,16,0,16
Artur,M,181,181,0
Arturo,M,50458,50391,67
Artyom,M,5,5,0
Arul,M,5,5,0
Arun,M,322,322,0
Aruna,F,5,0,5
Arush,M,85,85,0
Arushi,F,173,0,173
Arva,F,21,0,21
Arvel,M,708,708,0
Arvella,F,86,0,86
Arvid,M,1176,1176,0
Arvie,F,37,15,22
Arvil,M,1164,1164,0
Arvilla,F,834,0,834
Arville,M,70,70,0
Arvin,M,1402,1402,0
Arvind,M,66,66,0
Arvine,M,5,5,0
Arvis,M,41,36,5
Arvo,M,111,111,0
Arwa,F,91,0,91
Arwen,F,805,0,805
Arwyn,F,12,0,12
Ary,U,16,11,5
Arya,F,11418,1036,10382
Aryah,F,317,0,317
Aryam,F,71,0,71
Aryaman,M,16,16,0
Aryan,M,4791,4721,70
Aryana,F,4902,0,4902
Aryanah,F,6,0,6
Aryanna,F,7008,0,7008
Aryannah,F,16,0,16
Aryav,M,10,10,0
Arye,M,178,178,0
Aryeh,M,1702,1702,0
Aryel,F,27,0,27
Aryelle,F,10,0,10
Aryia,F,40,0,40
Aryiah,F,17,0,17
Aryn,F,701,0,701
Arynn,F,21,0,21
Aryona,F,5,0,5
Aryonna,F,26,0,26
Aryssa,F,147,0,147
Asa,M,9967,9853,114
Asaad,M,77,77,0
Asad,M,465,465,0
Asadbek,M,26,26,0
Asae,F,10,0,10
Asael,M,590,590,0
Asaf,M,30,30,0
Asahd,M,16,16,0
Asahel,M,17,17,0
Asahi,M,5,5,0
Asaiah,M,102,102,0
Asako,F,144,0,144
Asalee,F,5,0,5
Asani,F,65,5,60
Asante,M,185,179,6
Asao,M,5,5,0
Asayo,F,29,0,29
Asberry,M,6,6,0
Asbury,M,39,39,0
Ascencion,M,287,248,39
Ascension,U,16,11,5
Ascher,M,16,16,0
Aseel,F,173,0,173
Asees,F,6,0,6
Asenath,F,48,0,48
Asencion,M,235,192,43
Asenet,F,6,0,6
Aseneth,F,7,0,7
Ash,M,322,322,0
Asha,F,5565,6,5559
Ashad,M,10,10,0
Ashaki,F,17,0,17
Ashanta,F,57,0,57
Ashante,F,491,0,491
Ashantee,F,11,0,11
Ashanti,F,10060,135,9925
Ashanty,F,193,0,193
Ashar,M,54,54,0
Ashari,F,116,0,116
Asharia,F,21,0,21
Ashaunti,F,34,0,34
Ashaz,M,11,11,0
Ashby,M,469,378,91
Asheley,F,90,0,90
Ashely,F,4840,0,4840
Asher,M,47166,47017,149
Ashford,M,5,5,0
Ashia,F,733,0,733
Ashika,F,11,0,11
Ashir,M,5,5,0
Ashira,F,39,0,39
Ashish,M,139,139,0
Ashiya,F,27,0,27
Ashiyah,F,5,0,5
Ashkan,M,53,53,0
Ashkon,M,6,6,0
Ashlan,F,151,5,146
Ashland,F,20,0,20
Ashle,F,59,0,59
Ashlea,F,1540,0,1540
Ashlee,F,41691,12,41679
Ashleen,F,176,0,176
Ashlei,F,659,0,659
Ashleigh,F,29848,10,29838
Ashlen,F,116,0,116
Ashley,F,854077,11334,842743
Ashleyann,F,33,0,33
Ashleymarie,F,57,0,57
Ashleynicole,F,49,0,49
Ashli,F,3720,0,3720
Ashlie,F,7846,0,7846
Ashliegh,F,47,0,47
Ashlin,F,903,0,903
Ashling,F,11,0,11
Ashlon,F,5,0,5
Ashly,F,9051,5,9046
Ashlye,F,10,0,10
Ashlyn,F,43694,6,43688
Ashlyne,F,5,0,5
Ashlynn,F,21628,0,21628
Ashlynne,F,302,0,302
Ashmit,M,5,5,0
Ashmita,F,5,0,5
Ashna,F,178,0,178
Ashneel,M,5,5,0
Ashonti,F,12,0,12
Ashot,M,19,19,0
Ashraf,M,102,102,0
Ashrith,M,12,12,0
Ashten,F,407,208,199
Ashtin,F,458,237,221
Ashton,M,83154,65968,17186
Ashtyn,F,4167,303,3864
Ashtynn,F,8,0,8
Ashunti,F,65,0,65
Ashur,M,11,11,0
Ashvik,M,5,5,0
Ashvin,M,12,12,0
Ashwath,M,10,10,0
Ashwika,F,5,0,5
Ashwin,M,818,818,0
Ashya,F,5,0,5
Asia,F,29514,13,29501
Asiah,F,432,11,421
Asiana,F,12,0,12
Asianae,F,5,0,5
Asianna,F,5,0,5
Asiel,M,141,141,0
Asif,M,116,116,0
Asim,M,157,157,0
Asir,M,12,12,0
Asiya,F,666,0,666
Asiyah,F,446,0,446
Askari,M,52,52,0
Aslan,M,83,83,0
Aslean,F,5,0,5
Aslee,F,8,0,8
Asley,F,129,0,129
Aslyn,F,5,0,5
Aslynn,F,5,0,5
Asma,F,850,0,850
Asmaa,F,113,0,113
Asmar,M,39,39,0
Asmi,F,10,0,10
Aspasia,F,5,0,5
Aspen,F,12934,266,12668
Aspyn,F,661,0,661
Aspynn,F,5,0,5
Asra,F,11,0,11
Assa,F,5,0,5
Assael,M,15,15,0
Assata,F,78,0,78
Asser,M,7,7,0
Assetou,F,5,0,5
Assunta,F,709,0,709
Aster,F,25,5,20
Astha,F,5,0,5
Astin,M,31,26,5
Aston,M,896,896,0
Astor,M,27,27,0
Astraea,F,5,0,5
Astrid,F,5504,0,5504
Asucena,F,150,0,150
Asuka,F,5,0,5
Asuncion,F,10,5,5
Asusena,F,307,0,307
Asuzena,F,27,0,27
Aswad,M,5,5,0
Aswell,M,5,5,0
Asya,F,533,0,533
Atalia,F,62,0,62
Atalie,F,68,0,68
Atanacio,M,90,90,0
Atara,F,417,0,417
Atarah,F,74,0,74
Atenas,F,11,0,11
Atha,F,157,5,152
Athalia,F,75,0,75
Athan,M,658,658,0
Athanasia,F,38,0,38
Athanasios,M,271,271,0
Atharv,M,418,418,0
Atharva,M,215,215,0
Atheena,F,5,0,5
Athel,M,5,5,0
Athelene,F,5,0,5
Athen,M,111,111,0
Athena,F,27207,0,27207
Athina,F,104,0,104
Athira,F,7,0,7
Athony,M,6,6,0
Athos,M,5,5,0
Athyna,F,6,0,6
Athziri,F,166,0,166
Athziry,F,108,0,108
Atiana,F,152,0,152
Atianna,F,43,0,43
Atiba,M,96,96,0
Atif,M,10,10,0
Atiksh,M,6,6,0
Atilano,M,23,23,0
Atira,F,10,0,10
Atiya,F,509,0,509
Atlanta,F,17,0,17
Atlantis,F,5,0,5
Atlas,M,3270,3245,25
Atlee,M,205,183,22
Atleigh,F,5,0,5
Atley,F,68,15,53
Ato,M,6,6,0
Atom,M,191,191,0
Atreyu,M,744,744,0
Atsushi,M,8,8,0
Atthew,M,5,5,0
Atticus,M,7645,7645,0
Attila,M,48,48,0
Attilio,M,425,425,0
Atul,M,8,8,0
Atwell,M,15,15,0
Atzel,M,18,18,0
Atzi,F,5,0,5
Atzin,M,6,6,0
Atziri,F,224,0,224
Atziry,F,159,0,159
Aubert,M,6,6,0
Aubra,M,15,15,0
Aubre,F,21,0,21
Aubrea,F,10,0,10
Aubreanna,F,11,0,11
Aubree,F,35702,0,35702
Aubrei,F,53,0,53
Aubreigh,F,394,0,394
Aubrey,F,128889,24710,104179
Aubreyana,F,21,0,21
Aubri,F,2501,0,2501
Aubriana,F,1721,0,1721
Aubrianna,F,2628,0,2628
Aubrie,F,10768,0,10768
Aubriee,F,36,0,36
Aubriel,F,6,0,6
Aubriella,F,1506,0,1506
Aubrielle,F,2211,0,2211
Aubrii,F,23,0,23
Aubry,F,1341,221,1120
Aubryana,F,12,0,12
Aubryanna,F,11,0,11
Aubryn,F,12,0,12
Auburn,F,188,46,142
Auda,F,5,0,5
Audel,M,46,46,0
Audelia,F,400,0,400
Audell,F,6,0,6
Auden,M,406,387,19
Audery,F,10,0,10
Audi,M,5,5,0
Audie,U,2159,1289,870
Audine,F,5,0,5
Audley,M,27,27,0
Audon,M,10,10,0
Audra,F,20152,6,20146
Audre,F,5,0,5
Audrea,F,263,0,263
Audreana,F,5,0,5
Audreanna,F,48,0,48
Audree,F,1186,0,1186
Audreena,F,15,0,15
Audrena,F,5,0,5
Audrey,F,272059,572,271487
Audreyana,F,6,0,6
Audreyanna,F,10,0,10
Audri,F,228,0,228
Audria,F,37,0,37
Audriana,F,2920,0,2920
Audrianna,F,2670,0,2670
Audric,M,39,39,0
Audrie,F,1108,0,1108
Audrina,F,6752,0,6752
Audrinna,F,67,0,67
Audris,F,13,0,13
Audry,F,964,36,928
Audryana,F,5,0,5
Audryna,F,53,0,53
Audwin,M,5,5,0
Audy,M,6,6,0
Augie,M,63,63,0
August,M,35103,33501,1602
Augusta,F,5637,211,5426
Augustas,M,5,5,0
Auguste,M,5,5,0
Augusten,M,6,6,0
Augustin,M,1765,1765,0
Augustina,F,601,0,601
Augustine,M,9722,8662,1060
Augustino,M,21,21,0
Augusto,M,456,456,0
Augustus,M,9988,9988,0
Aujanae,F,12,0,12
Aukai,M,18,18,0
Aulani,F,210,0,210
Aulii,F,5,0,5
Aum,M,10,10,0
Auna,F,10,0,10
Aundra,M,30,30,0
Aundre,M,148,148,0
Aundrea,F,1880,0,1880
Aundria,F,51,0,51
Aune,F,129,0,129
Aungelique,F,10,0,10
Aunika,F,16,0,16
Aunna,F,15,0,15
Aura,F,941,0,941
Aurash,M,6,6,0
Aurea,F,259,0,259
Aurelia,F,7164,0,7164
Aureliano,M,135,135,0
Aurelie,F,5,0,5
Aurelio,M,4704,4704,0
Aurelius,M,80,80,0
Auri,F,39,0,39
Auria,F,152,0,152
Auriana,F,53,0,53
Aurianna,F,43,0,43
Auriel,F,43,0,43
Auriella,F,18,0,18
Aurielle,F,88,0,88
Aurion,F,5,0,5
Aurohom,M,5,5,0
Auron,M,25,25,0
Aurora,F,48179,21,48158
Aurorah,F,6,0,6
Aurore,F,175,0,175
Aurther,M,5,5,0
Ausencio,M,29,29,0
Ausitn,M,7,7,0
Austen,M,5545,5412,133
Austin,M,404851,402533,2318
Auston,M,1266,1266,0
Austreberto,M,5,5,0
Austyn,U,4578,3021,1557
Auther,M,934,934,0
Autherine,F,8,0,8
Author,M,763,763,0
Authur,M,458,458,0
Autie,F,5,0,5
Autrey,M,11,11,0
Autry,M,163,158,5
Autum,F,1095,0,1095
Autumn,F,118681,24,118657
Autzen,M,6,6,0
Ava,F,245423,50,245373
Avagrace,F,35,0,35
Avah,F,3381,0,3381
Avalee,F,242,0,242
Avaleen,F,5,0,5
Avaleigh,F,140,0,140
Avalina,F,42,0,42
Avaline,F,25,0,25
Avalon,F,1303,0,1303
Avalyn,F,1442,0,1442
Avalynn,F,1493,0,1493
Avamarie,F,296,0,296
Avan,M,209,209,0
Avaneesh,M,15,15,0
Avanell,F,94,0,94
Avanelle,F,45,0,45
Avangeline,F,32,0,32
Avani,F,1379,0,1379
Avanna,F,5,0,5
Avant,M,111,111,0
Avante,M,126,126,0
Avantika,F,35,0,35
Avaree,F,41,0,41
Avari,F,64,0,64
Avarie,F,415,0,415
Avarose,F,40,0,40
Avary,F,456,0,456
Avaya,F,196,0,196
Avayah,F,106,0,106
Ave,F,26,0,26
Aveah,F,43,0,43
Avedis,M,20,20,0
Aveer,M,36,36,0
Avelardo,M,25,25,0
Avelina,F,371,0,371
Aveline,F,297,0,297
Avelino,M,158,158,0
Avelyn,F,170,0,170
Avelynn,F,17,0,17
Aven,U,1274,790,484
Avenir,M,81,81,0
Aveon,M,10,10,0
Averee,F,132,0,132
Averey,F,28,0,28
Averi,F,4073,0,4073
Averie,F,7551,0,7551
Averly,F,28,0,28
Avery,F,164861,49018,115843
Averyrose,F,5,0,5
Avet,M,5,5,0
Avetis,M,29,29,0
Avett,M,87,87,0
Aveyah,F,10,0,10
Avi,M,2513,2452,61
Avia,F,231,0,231
Aviah,F,22,0,22
Avian,M,404,399,5
Aviana,F,3737,0,3737
Avianah,F,11,0,11
Aviance,F,22,0,22
Avianna,F,3156,0,3156
Aviannah,F,11,0,11
Avie,F,102,0,102
Aviel,M,251,251,0
Aviella,F,6,0,6
Avielle,F,40,0,40
Avigail,F,854,0,854
Avigayil,F,229,0,229
Avigdor,M,261,261,0
Avik,M,14,14,0
Avika,F,97,0,97
Avila,F,74,0,74
Avilene,F,10,0,10
Avin,M,143,143,0
Avina,F,15,0,15
Avinash,M,295,295,0
Avion,M,804,785,19
Aviona,F,5,0,5
Avionna,F,50,0,50
Aviraj,M,21,21,0
Avis,F,12304,5,12299
Avishek,M,5,5,0
Avitaj,M,8,8,0
Avital,F,313,0,313
Aviv,M,136,126,10
Aviva,F,1468,0,1468
Aviya,F,10,0,10
Aviyah,F,10,0,10
Avleen,F,87,0,87
Avneet,F,185,0,185
Avner,M,16,16,0
Avni,F,376,0,376
Avnoor,F,27,0,27
Avo,F,26,5,21
Avon,M,130,125,5
Avonell,F,10,0,10
Avonelle,F,32,0,32
Avonlea,F,214,0,214
Avonte,M,22,22,0
Avory,F,33,0,33
Avraham,M,2684,2684,0
Avrahom,M,11,11,0
Avraj,M,19,19,0
Avram,M,54,54,0
Avree,F,48,0,48
Avri,F,15,0,15
Avriana,F,7,0,7
Avrie,F,134,0,134
Avrielle,F,5,0,5
Avril,F,1183,0,1183
Avroham,M,10,10,0
Avrohom,M,2325,2325,0
Avrum,M,244,244,0
Avrumi,M,39,39,0
Avrumy,M,28,28,0
Avry,F,44,11,33
Avy,F,18,0,18
Avyaan,M,139,139,0
Avyan,M,166,166,0
Avyana,F,5,0,5
Avyanna,F,140,0,140
Avyay,M,7,7,0
Avyn,F,7,0,7
Avyukt,M,46,46,0
Avyukth,M,33,33,0
Awa,F,243,0,243
Awab,M,5,5,0
Awais,M,12,12,0
Awet,M,5,5,0
Awilda,F,1233,0,1233
Aws,M,5,5,0
Axcel,M,43,43,0
Axel,M,34796,34796,0
Axell,M,66,66,0
Axl,M,1244,1244,0
Axle,M,271,271,0
Axton,M,1788,1788,0
Axxel,M,6,6,0
Axyl,M,10,10,0
Axzel,M,5,5,0
Aya,F,3521,0,3521
Ayaan,M,3700,3700,0
Ayaansh,M,76,76,0
Ayaat,F,6,0,6
Ayad,M,5,5,0
Ayah,F,1954,0,1954
Ayaka,F,39,0,39
Ayako,F,303,0,303
Ayala,F,250,0,250
Ayame,F,16,0,16
Ayan,M,1566,1414,152
Ayana,F,8472,0,8472
Ayanah,F,34,0,34
Ayane,F,24,0,24
Ayani,F,25,0,25
Ayanna,F,12947,0,12947
Ayannah,F,61,0,61
Ayano,F,5,0,5
Ayansh,M,159,159,0
Ayari,F,121,0,121
Ayasha,F,5,0,5
Ayat,F,256,0,256
Ayaz,M,6,6,0
Ayce,M,27,27,0
Aycen,M,6,6,0
Ayda,F,133,0,133
Aydan,M,4093,4083,10
Ayde,F,68,0,68
Aydee,F,11,0,11
Aydeen,M,5,5,0
Ayden,M,69858,68736,1122
Aydenn,M,299,299,0
Aydin,M,3784,3784,0
Aydon,M,87,87,0
Aydrian,M,17,17,0
Aydyn,M,5,5,0
Ayeden,M,5,5,0
Ayelen,F,224,0,224
Ayelene,F,10,0,10
Ayelet,F,265,0,265
Ayerim,F,5,0,5
Ayesha,F,3601,0,3601
Ayham,M,22,22,0
Ayiana,F,112,0,112
Ayianna,F,5,0,5
Ayinde,M,21,21,0
Ayisha,F,184,0,184
Ayla,F,16816,0,16816
Aylah,F,301,0,301
Aylan,M,115,115,0
Aylana,F,5,0,5
Aylani,F,130,0,130
Aylee,F,16,0,16
Ayleen,F,4020,0,4020
Aylen,F,277,0,277
Aylene,F,162,0,162
Aylet,F,5,0,5
Ayleth,F,5,0,5
Aylin,F,9890,0,9890
Ayline,F,146,0,146
Aylinn,F,42,0,42
Aylla,F,10,0,10
Aylssa,F,5,0,5
Ayman,M,747,747,0
Aymar,F,113,0,113
Ayme,F,41,0,41
Aymee,F,64,0,64
Aymen,M,23,23,0
Ayodeji,M,6,6,0
Ayodele,M,22,17,5
Ayomide,U,153,110,43
Ayomikun,M,6,6,0
Ayonna,F,118,0,118
Ayoub,M,100,100,0
Ayra,F,217,0,217
Ayram,F,6,0,6
Ayriana,F,5,0,5
Ayrianna,F,5,0,5
Ayrton,M,129,129,0
Ayse,F,6,0,6
Aysel,F,6,0,6
Aysha,F,1039,0,1039
Ayshia,F,7,0,7
Aysia,F,804,0,804
Ayslinn,F,6,0,6
Ayson,M,19,19,0
Ayssa,F,58,0,58
Aytana,F,7,0,7
Ayub,M,566,566,0
Ayumi,F,118,0,118
Ayush,M,1022,1022,0
Ayushi,F,48,0,48
Ayuub,M,16,16,0
Ayva,F,1675,0,1675
Ayvah,F,428,0,428
Ayven,M,73,73,0
Ayyan,M,12,12,0
Ayyub,M,10,10,0
Ayza,F,5,0,5
Aza,F,5,0,5
Azaan,M,282,282,0
Azad,M,10,10,0
Azadeh,F,17,0,17
Azael,M,1071,1071,0
Azai,M,29,29,0
Azaiah,M,175,175,0
Azalea,F,3781,0,3781
Azaleah,F,88,0,88
Azalee,F,578,0,578
Azalia,F,648,0,648
Azaliah,F,22,0,22
Azalie,F,5,0,5
Azalynn,F,5,0,5
Azan,M,64,64,0
Azara,F,16,0,16
Azari,F,114,18,96
Azaria,F,3881,0,3881
Azariah,F,4803,1700,3103
Azarias,M,22,22,0
Azariya,F,10,0,10
Azariyah,F,100,0,100
Azaryah,M,5,5,0
Azavion,M,5,5,0
Azayla,F,10,0,10
Azazel,M,25,25,0
Azeem,M,38,38,0
Azeez,M,5,5,0
Azekiel,M,6,6,0
Azel,M,10,10,0
Azelea,F,5,0,5
Azelia,F,46,0,46
Azelie,F,6,0,6
Azell,M,6,6,0
Azeneth,F,559,0,559
Azhane,F,10,0,10
Azhar,F,5,0,5
Azia,F,257,0,257
Aziah,F,90,43,47
Aziel,M,374,374,0
Azilee,F,135,0,135
Azim,M,42,42,0
Azimjon,M,5,5,0
Azion,M,6,6,0
Azir,M,15,15,0
Azita,F,5,0,5
Aziya,F,35,0,35
Aziyah,F,479,0,479
Aziz,M,340,340,0
Aziza,F,464,0,464
Azka,F,5,0,5
Azlan,M,76,76,0
Azlyn,F,69,0,69
Azlynn,F,127,0,127
Azra,F,187,0,187
Azrael,M,236,236,0
Azriel,M,720,710,10
Azrielle,F,11,0,11
Azucena,F,2423,0,2423
Azul,F,2703,0,2703
Azula,F,5,0,5
Azura,F,27,0,27
Azure,F,206,0,206
Azuri,F,73,0,73
Azusena,F,136,0,136
Azyria,F,6,0,6
Azzie,F,224,0,224
Babacar,M,17,17,0
Babak,M,52,52,0
Babatunde,M,20,20,0
Babe,F,5,0,5
Babette,F,1361,0,1361
Baby,F,8740,4605,4135
Babyboy,M,1228,1228,0
Babygirl,F,1071,6,1065
Bacilia,F,5,0,5
Bacilio,M,27,27,0
Baden,M,27,27,0
Bader,M,5,5,0
Badia,F,10,0,10
Baelyn,F,5,0,5
Bahar,F,66,0,66
Bahe,M,20,20,0
Bahja,F,17,0,17
Baila,F,2004,0,2004
Bailea,F,5,0,5
Bailee,F,12374,0,12374
Baileigh,F,859,0,859
Bailey,F,113345,17193,96152
Bailie,F,370,0,370
Baillie,F,30,0,30
Baily,F,262,44,218
Bairon,M,24,24,0
Bakari,M,124,124,0
Bakary,M,21,21,0
Baker,M,455,455,0
Balam,M,12,12,0
Balbina,F,16,0,16
Baldemar,M,1668,1668,0
Baldomero,M,584,584,0
Baldwin,M,26,26,0
Baleigh,F,697,0,697
Balentin,M,6,6,0
Baleria,F,127,0,127
Baley,F,5,0,5
Balian,M,19,19,0
Balinda,F,11,0,11
Ballard,M,351,351,0
Baltasar,M,10,10,0
Baltazar,M,1474,1474,0
Balthazar,M,5,5,0
Bama,F,105,0,105
Bambi,F,3089,0,3089
Bambina,F,5,0,5
Bane,M,171,171,0
Baneen,F,11,0,11
Banesa,F,177,0,177
Banessa,F,57,0,57
Bani,F,22,0,22
Banks,M,472,472,0
Banner,M,35,35,0
Banyan,M,39,39,0
Bao,F,562,175,387
Barack,M,53,53,0
Barak,M,46,46,0
Baran,F,6,0,6
Barb,F,3167,0,3167
Barbara,F,1425510,1571,1423939
Barbaraann,F,235,0,235
Barbarajean,F,5,0,5
Barbarann,F,28,0,28
Barbarella,F,5,0,5
Barbarita,F,36,0,36
Barbette,F,6,0,6
Barbi,F,26,0,26
Barbie,F,1488,0,1488
Barbra,F,4020,0,4020
Barclay,M,5,5,0
Bard,M,6,6,0
Bardo,M,5,5,0
Bari,F,631,0,631
Barkim,M,6,6,0
Barnaby,M,11,11,0
Barnard,M,5,5,0
Barnet,M,62,62,0
Barnett,M,188,188,0
Barney,M,10860,10860,0
Barnie,M,34,34,0
Baron,M,2657,2657,0
Barre,M,5,5,0
Barret,M,102,102,0
Barrett,M,13897,13892,5
Barri,F,48,0,48
Barrie,F,726,211,515
Barrington,M,258,258,0
Barron,M,1348,1348,0
Barry,M,177094,177063,31
Bart,M,12763,12763,0
Bartek,M,20,20,0
Barth,M,5,5,0
Bartholomew,M,1288,1288,0
Bartley,M,91,91,0
Bartlomiej,M,41,41,0
Bartolo,M,126,126,0
Bartolomeo,M,6,6,0
Barton,M,4647,4647,0
Bartosz,M,90,90,0
Bartow,M,25,25,0
Baruc,M,6,6,0
Baruch,M,944,944,0
Bas,F,5,0,5
Bascom,M,82,82,0
Basel,M,5,5,0
Basem,M,5,5,0
Basha,F,6,0,6
Bashar,M,37,37,0
Basheer,M,5,5,0
Bashir,M,147,147,0
Bashirah,F,5,0,5
Bashy,F,5,0,5
Basia,F,12,0,12
Basil,M,7157,7152,5
Basilia,F,71,0,71
Basilio,M,802,802,0
Basilisa,F,10,0,10
Basir,M,25,25,0
Basma,F,5,0,5
Bassam,M,20,20,0
Bassel,M,5,5,0
Bassheva,F,39,0,39
Bassy,F,46,0,46
Bastian,M,502,502,0
Basya,F,562,0,562
Bathsheba,F,5,0,5
Batool,F,10,0,10
Batoul,F,153,0,153
Batsheva,F,1205,0,1205
Batu,M,5,5,0
Batya,F,238,0,238
Baudelia,F,27,0,27
Baudelio,M,82,82,0
Bauer,M,17,17,0
Bawi,M,58,53,5
Baxter,M,825,825,0
Bay,F,65,0,65
Baya,F,20,0,20
Bayan,F,129,5,124
Bayard,M,51,51,0
Bayardo,M,5,5,0
Bayla,F,89,0,89
Bayle,F,5,0,5
Baylea,F,18,0,18
Baylee,F,17934,70,17864
Baylei,F,20,0,20
Bayleigh,F,2840,0,2840
Baylen,M,165,165,0
Bayler,U,15,10,5
Bayley,F,571,46,525
Bayli,F,185,0,185
Baylie,F,1722,0,1722
Baylin,F,5,0,5
Baylon,M,10,10,0
Baylor,U,2931,2251,680
Bayne,M,43,43,0
Bayron,M,596,596,0
Bayyinah,F,5,0,5
Bb,M,31,31,0
Bea,F,128,0,128
Beadie,F,31,0,31
Beanna,F,5,0,5
Bear,M,537,537,0
Beata,F,133,0,133
Beatrice,F,161521,30,161491
Beatris,F,541,0,541
Beatrix,F,1208,0,1208
Beatriz,F,14919,10,14909
Beau,M,32944,32868,76
Beauford,M,103,103,0
Beaufort,M,10,10,0
Beaulah,F,594,0,594
Beauregard,M,16,16,0
Beautiful,F,245,0,245
Beauton,F,5,0,5
Beauty,F,15,0,15
Beaux,M,447,447,0
Bebe,F,202,0,202
Becca,F,935,0,935
Beck,M,1160,1160,0
Beckam,M,193,193,0
Beckem,M,6,6,0
Becker,M,28,28,0
Becket,M,15,15,0
Beckett,M,12918,12793,125
Beckey,F,25,0,25
Beckham,M,5888,5882,6
Becki,F,827,0,827
Beckie,F,774,0,774
Becky,F,83334,0,83334
Beddie,F,5,0,5
Bedelia,F,5,0,5
Bedford,M,147,147,0
Bedie,F,5,0,5
Bee,M,366,349,17
Beecher,M,253,253,0
Behruz,M,6,6,0
Beija,F,6,0,6
Beila,F,26,0,26
Beily,F,6,0,6
Bejamin,M,29,29,0
Bejan,M,6,6,0
Bekim,M,22,22,0
Bela,F,82,5,77
Belal,M,72,72,0
Belanna,F,5,0,5
Belem,F,55,0,55
Belen,F,7673,16,7657
Belia,F,1457,0,1457
Belicia,F,128,0,128
Belina,F,6,0,6
Belinda,F,68456,0,68456
Belisario,M,5,5,0
Belkis,F,61,0,61
Belky,F,14,0,14
Belkys,F,10,0,10
Bell,F,217,0,217
Bella,F,53923,0,53923
Belladonna,F,13,0,13
Bellah,F,61,0,61
Bellamarie,F,23,0,23
Bellamy,F,647,75,572
Bellanie,F,5,0,5
Bellarose,F,205,0,205
Belle,F,5837,0,5837
Bellina,F,5,0,5
Belma,F,25,0,25
Belmira,F,34,0,34
Belton,M,300,300,0
Belva,F,3963,0,3963
Belvia,F,11,0,11
Belvin,M,11,11,0
Belynda,F,69,0,69
Ben,M,69458,69435,23
Bena,F,22,0,22
Benaiah,M,361,361,0
Benancia,F,5,0,5
Benancio,M,75,75,0
Benard,M,226,226,0
Benay,F,11,0,11
Benedetta,F,107,0,107
Benedetto,M,247,247,0
Benedict,M,4403,4403,0
Benedicto,M,5,5,0
Benetta,F,6,0,6
Benford,M,5,5,0
Benicia,F,11,0,11
Benicio,M,1436,1436,0
Benigna,F,5,0,5
Benigno,M,701,701,0
Benilde,F,17,0,17
Benino,M,37,37,0
Benita,F,9681,0,9681
Benito,M,10647,10642,5
Benjaman,M,60,60,0
Benjamen,M,671,671,0
Benjamin,M,720581,720110,471
Benjamine,M,40,40,0
Benjaminjoseph,M,5,5,0
Benji,M,331,331,0
Benjie,M,98,98,0
Benjiman,M,530,530,0
Benjy,M,5,5,0
Bennet,M,174,174,0
Bennett,M,32933,32611,322
Bennie,M,53291,45809,7482
Benno,M,5,5,0
Benny,M,41856,41856,0
Bennye,F,10,0,10
Benoit,M,15,15,0
Bensen,M,5,5,0
Benson,M,5383,5383,0
Bensyn,M,5,5,0
Bentlee,M,2540,2364,176
Bentleigh,F,61,0,61
Bentley,M,40137,38693,1444
Bentlie,F,10,5,5
Bently,M,1500,1500,0
Benton,M,3729,3729,0
Bentura,M,22,22,0
Bentzion,M,174,174,0
Benuel,M,627,627,0
Benyamin,M,150,150,0
Benzion,M,702,702,0
Berania,F,20,0,20
Berdena,F,7,0,7
Berdia,F,17,0,17
Berdie,F,62,0,62
Berdina,F,6,0,6
Berdine,F,10,0,10
Berel,M,69,69,0
Beren,F,6,0,6
Berenice,F,6156,5,6151
Berenis,F,63,0,63
Berenise,F,299,0,299
Bereniz,F,10,0,10
Berenize,F,19,0,19
Bergen,F,41,24,17
Beril,M,5,5,0
Berish,M,165,165,0
Berit,F,56,0,56
Berkeley,F,441,17,424
Berklee,F,145,0,145
Berkleigh,F,31,0,31
Berkley,F,2233,288,1945
Berl,M,146,146,0
Berlin,F,810,196,614
Berlinda,F,120,0,120
Berline,F,26,0,26
Berlyn,F,260,0,260
Berlynn,F,66,0,66
Berma,F,6,0,6
Berna,F,67,0,67
Bernabe,M,836,836,0
Bernadean,F,5,0,5
Bernadet,F,9,0,9
Bernadette,F,48026,0,48026
Bernadine,F,17673,0,17673
Bernard,M,188865,188823,42
Bernarda,F,89,0,89
Bernardette,F,6,0,6
Bernardina,F,5,0,5
Bernardine,F,1104,0,1104
Bernardino,M,689,689,0
Bernardita,F,7,0,7
Bernardo,M,7635,7635,0
Bernece,F,5,0,5
Berneda,F,39,0,39
Berneice,F,1248,0,1248
Bernell,M,250,217,33
Bernelle,F,5,0,5
Bernerd,M,5,5,0
Bernessia,F,6,0,6
Bernestine,F,60,0,60
Berneta,F,10,0,10
Bernetha,F,116,0,116
Bernetta,F,376,0,376
Bernette,F,25,0,25
Bernhard,M,268,268,0
Bernhardt,M,20,20,0
Bernice,F,165312,1762,163550
Bernie,M,4553,4484,69
Berniece,F,6826,0,6826
Bernina,F,24,0,24
Bernis,M,5,5,0
Bernita,F,1509,0,1509
Bernyce,F,29,0,29
Beronica,F,451,0,451
Berry,M,1977,1972,5
Bert,M,23607,23607,0
Berta,F,3573,0,3573
Bertha,F,137001,20,136981
Berthal,M,5,5,0
Berthe,F,6,0,6
Bertice,F,5,0,5
Bertie,F,7447,6,7441
Bertil,M,79,79,0
Bertin,M,20,20,0
Bertina,F,15,0,15
Bertis,M,22,22,0
Berton,M,134,134,0
Bertram,M,3971,3971,0
Bertrand,M,1443,1443,0
Berwyn,M,15,15,0
Beryl,F,6090,529,5561
Beryle,F,5,0,5
Besim,M,6,6,0
Besnik,M,17,17,0
Bess,F,878,0,878
Bessie,F,102973,5,102968
Bessy,F,19,0,19
Betania,F,24,0,24
Beth,F,154934,15,154919
Bethaney,F,16,0,16
Bethani,F,77,0,77
Bethania,F,5,0,5
Bethanie,F,1255,0,1255
Bethann,F,1465,0,1465
Bethanne,F,395,0,395
Bethanny,F,13,0,13
Bethany,F,95054,0,95054
Bethel,F,1551,156,1395
Bethenny,F,18,0,18
Betheny,F,5,0,5
Bethlehem,F,10,0,10
Bethsaida,F,37,0,37
Bethsy,F,8,0,8
Bethzaida,F,72,0,72
Bethzi,F,7,0,7
Bethzy,F,276,0,276
Betina,F,56,0,56
Beto,M,5,5,0
Betsabe,F,334,0,334
Betsaida,F,226,0,226
Betsey,F,442,0,442
Betsy,F,43159,0,43159
Bette,F,32108,0,32108
Betti,F,30,0,30
Bettie,F,31614,0,31614
Bettina,F,3235,0,3235
Betty,F,985955,1573,984382
Bettyann,F,349,0,349
Bettye,F,20804,0,20804
Bettyjane,F,268,0,268
Bettyjean,F,6,0,6
Bettylou,F,339,0,339
Betzabe,F,29,0,29
Betzabeth,F,81,0,81
Betzaida,F,651,0,651
Betzaira,F,26,0,26
Betzalel,M,109,109,0
Betzayda,F,29,0,29
Betzayra,F,7,0,7
Betzi,F,8,0,8
Betzy,F,458,0,458
Beula,F,75,0,75
Beulah,F,51235,0,51235
Beuna,F,10,0,10
Bev,F,414,0,414
Bevan,M,5,5,0
Beverlee,F,598,0,598
Beverley,F,9932,78,9854
Beverly,F,375519,1749,373770
Beverlyn,F,62,0,62
Bevin,F,63,0,63
Bexlee,F,30,0,30
Bexleigh,F,11,0,11
Bexley,F,664,6,658
Beya,F,21,0,21
Beyonce,F,1311,0,1311
Beyounce,F,5,0,5
Bg,F,30,0,30
Bhargav,M,16,16,0
Bhavik,M,5,5,0
Bhavin,M,5,5,0
Bhavya,F,19,0,19
Biagio,M,285,285,0
Biana,F,5,0,5
Bianca,F,69728,44,69684
Bianey,F,259,0,259
Bianka,F,1162,0,1162
Bibb,M,33,33,0
Bibi,F,184,0,184
Bibiana,F,557,0,557
Bibianna,F,5,0,5
Bich,F,23,0,23
Bidwell,M,16,16,0
Bienvenido,M,166,166,0
Biff,M,5,5,0
Bige,M,17,17,0
Bijal,F,5,0,5
Bijan,M,366,366,0
Bijon,M,10,10,0
Bijou,F,17,0,17
Biju,M,5,5,0
Bilal,M,3113,3113,0
Bilan,F,5,0,5
Bilbo,M,120,120,0
Bill,M,154298,154288,10
Billal,M,15,15,0
Billee,F,17,0,17
Billey,M,32,32,0
Billi,F,228,0,228
Billie,F,123830,27614,96216
Billiejean,F,5,0,5
Billiejo,F,416,0,416
Billy,M,381799,379462,2337
Billye,F,2076,11,2065
Billyjoe,M,7,7,0
Bilma,F,5,0,5
Bina,F,129,0,129
Bindi,F,8,0,8
Binh,M,114,109,5
Binnie,F,11,0,11
Binta,F,84,0,84
Bintou,F,194,0,194
Binyamin,M,353,353,0
Binyomin,M,685,685,0
Bionca,F,113,0,113
Birchel,M,6,6,0
Birda,F,11,0,11
Birdell,F,17,0,17
Birdia,F,55,0,55
Birdie,F,5405,0,5405
Birgit,F,23,0,23
Biridiana,F,270,0,270
Birl,M,5,5,0
Birt,M,5,5,0
Birtha,F,766,0,766
Birtie,F,67,0,67
Bisente,M,5,5,0
Bishop,M,2396,2396,0
Bisma,F,22,0,22
Bita,F,17,0,17
Biviana,F,63,0,63
Bixby,M,5,5,0
Bj,M,46,46,0
Bjorn,M,1082,1082,0
Blade,M,553,553,0
Bladen,M,155,155,0
Bladimir,M,507,507,0
Blain,M,223,223,0
Blaine,M,25925,25872,53
Blair,F,20785,9285,11500
Blaire,F,1820,0,1820
Blaise,M,4194,4169,25
Blaize,M,489,484,5
Blake,M,177073,169849,7224
Blakelee,F,153,0,153
Blakeleigh,F,100,0,100
Blakeley,F,129,5,124
Blakely,F,6212,64,6148
Blakelyn,F,173,0,173
Blakelynn,F,59,0,59
Blakleigh,F,5,0,5
Blakley,F,5,0,5
Blanca,F,22152,43,22109
Blanch,F,2451,0,2451
Blanchard,M,18,18,0
Blanche,F,55136,0,55136
Blanchie,F,406,0,406
Blane,M,1260,1260,0
Blannie,F,45,0,45
Blanton,M,20,20,0
Blas,M,1771,1771,0
Blasa,F,123,0,123
Blase,M,53,53,0
Blayde,M,5,5,0
Blayden,M,82,82,0
Blayke,F,298,26,272
Blayklee,F,5,0,5
Blayne,M,1408,1396,12
Blayze,M,130,130,0
Blaze,M,4160,4154,6
Blease,M,171,171,0
Blen,F,11,0,11
Blenda,F,118,0,118
Bleona,F,5,0,5
Bless,M,31,26,5
Blessin,F,11,0,11
Blessing,F,1354,5,1349
Blessyn,F,6,0,6
Blia,F,41,0,41
Blima,F,1088,0,1088
Blimi,F,45,0,45
Blimie,F,261,0,261
Blimy,F,469,0,469
Bliss,F,243,0,243
Blodwyn,F,5,0,5
Blondell,F,631,0,631
Blondena,F,11,0,11
Blondie,F,51,0,51
Blondine,F,18,0,18
Bloneva,F,6,0,6
Blong,M,117,117,0
Blonnie,F,113,0,113
Blossie,F,5,0,5
Blossom,F,812,0,812
Blouncie,M,8,8,0
Blu,M,5,5,0
Blue,M,92,75,17
Bluma,F,133,0,133
Blyss,F,5,0,5
Blythe,F,1495,0,1495
Bo,M,7523,7460,63
Boaz,M,665,665,0
Bob,M,88270,88270,0
Bobak,M,22,22,0
Boban,M,5,5,0
Bobbe,F,26,0,26
Bobbette,F,31,0,31
Bobbi,F,19978,0,19978
Bobbie,F,98884,15052,83832
Bobbiejo,F,176,0,176
Bobbijo,F,330,0,330
Bobby,M,316933,310504,6429
Bobbye,F,2087,5,2082
Bobbyjo,F,6,0,6
Bobette,F,274,0,274
Bobi,F,5,0,5
Bobie,M,27,27,0
Boby,M,11,11,0
Bode,M,1709,1709,0
Bodee,M,31,31,0
Boden,M,1518,1518,0
Bodey,M,11,11,0
Bodhi,M,4103,4069,34
Bodi,M,34,34,0
Bodie,M,1667,1667,0
Bodin,M,5,5,0
Boe,M,11,11,0
Bogdan,M,51,51,0
Bohdan,M,126,126,0
Bohdi,M,16,16,0
Boleslaus,M,52,52,0
Boleslaw,M,93,93,0
Bolivar,M,41,41,0
Bond,M,6,6,0
Boni,F,6,0,6
Bonifacia,F,5,0,5
Bonifacio,M,695,695,0
Bonita,F,33858,0,33858
Bonna,F,125,0,125
Bonnell,F,11,0,11
Bonni,F,243,0,243
Bonnie,F,318918,1521,317397
Bonnielee,F,5,0,5
Bonnita,F,18,0,18
Bonny,F,2937,5,2932
Bonnye,F,5,0,5
Booker,M,7434,7434,0
Bookert,M,5,5,0
Boomer,M,5,5,0
Boone,M,1240,1240,0
Bora,F,17,10,7
Borach,M,14,14,0
Borden,M,5,5,0
Borghild,F,103,0,103
Boris,M,1772,1772,0
Borna,M,12,12,0
Boruch,M,742,742,0
Bosco,M,91,91,0
Bossie,M,5,5,0
Boston,M,5654,5526,128
Bostyn,F,120,0,120
Boubacar,M,157,157,0
Bowen,M,4150,4150,0
Bowie,U,412,288,124
Bowman,M,15,15,0
Boy,M,224,224,0
Boyce,M,2891,2891,0
Boyd,M,20949,20949,0
Bracha,F,1404,0,1404
Brack,M,5,5,0
Bracken,M,154,154,0
Brad,M,80110,80110,0
Bradan,M,5,5,0
Bradd,M,27,27,0
Braddock,M,39,39,0
Braden,M,41883,41866,17
Bradey,M,28,28,0
Bradford,M,26624,26624,0
Bradi,F,5,0,5
Bradie,F,10,0,10
Bradin,M,21,21,0
Bradlee,M,946,925,21
Bradleigh,F,7,0,7
Bradley,M,301751,301634,117
Bradly,M,5802,5802,0
Bradon,M,505,505,0
Brady,M,83766,83592,174
Bradyn,M,3079,3079,0
Braedan,M,201,201,0
Braeden,M,11772,11767,5
Braedon,M,2397,2397,0
Braedyn,M,990,985,5
Braelan,M,6,6,0
Braelee,F,13,0,13
Braeleigh,F,17,0,17
Braelen,M,19,19,0
Braelin,M,5,5,0
Braelon,M,77,77,0
Braelyn,F,7652,386,7266
Braelynn,F,4628,0,4628
Braheem,M,145,145,0
Brahim,M,5,5,0
Brahin,M,5,5,0
Braiden,M,5683,5683,0
Braidon,M,16,16,0
Braidyn,M,48,48,0
Braijon,M,5,5,0
Brailee,F,57,0,57
Braileigh,F,5,0,5
Brailey,F,249,0,249
Brailyn,F,173,21,152
Brailynn,F,125,0,125
Brain,M,2546,2546,0
Braleigh,F,68,0,68
Bralen,M,17,17,0
Brallan,M,94,94,0
Bralyn,M,97,92,5
Bralynn,F,20,0,20
Bram,M,106,106,0
Branae,F,5,0,5
Brance,M,16,16,0
Branch,M,30,30,0
Branda,F,51,0,51
Brandalyn,F,45,0,45
Brandan,M,3166,3166,0
Brande,F,299,0,299
Brandee,F,3232,0,3232
Brandel,F,6,0,6
Branden,M,24953,24953,0
Brandi,F,99888,26,99862
Brandice,F,205,0,205
Brandie,F,13666,0,13666
Brandilyn,F,26,0,26
Brandin,M,1010,1010,0
Brandis,F,123,0,123
Brando,M,983,983,0
Brandom,M,25,25,0
Brandon,M,754509,752216,2293
Brandt,M,2419,2419,0
Brandy,F,104794,520,104274
Brandye,F,86,0,86
Brandyn,M,2610,2605,5
Braniya,F,6,0,6
Branko,M,5,5,0
Brannan,M,5,5,0
Branndon,M,5,5,0
Brannen,M,20,20,0
Brannon,M,2307,2307,0
Bransen,M,54,54,0
Branson,M,4380,4380,0
Bransyn,M,34,34,0
Brant,M,5232,5232,0
Brantlee,M,1229,1208,21
Brantleigh,F,8,0,8
Brantley,M,20132,19922,210
Brantly,M,157,157,0
Branton,M,38,38,0
Brany,F,16,0,16
Brasen,M,5,5,0
Brason,M,5,5,0
Braulio,M,3210,3210,0
Braun,M,7,7,0
Brave,M,6,6,0
Braven,M,29,29,0
Bravlio,M,22,22,0
Brax,M,21,21,0
Braxon,M,11,11,0
Braxston,M,5,5,0
Braxten,M,447,447,0
Braxtin,M,15,15,0
Braxton,M,43257,43218,39
Braxtyn,M,476,476,0
Bray,M,11,11,0
Braya,F,10,0,10
Brayam,M,41,41,0
Brayan,M,13176,13176,0
Brayant,M,63,63,0
Braycen,M,6,6,0
Braydan,M,190,190,0
Brayden,M,113149,112991,158
Braydin,M,211,211,0
Braydon,M,11903,11903,0
Braydyn,M,10,10,0
Brayla,F,31,0,31
Braylan,M,496,496,0
Braylee,F,4007,0,4007
Braylei,F,5,0,5
Brayleigh,F,840,0,840
Braylen,M,8375,8312,63
Braylie,F,99,0,99
Braylin,M,1958,1585,373
Braylon,M,14363,14363,0
Braylyn,F,59,23,36
Braylynn,F,389,0,389
Brayn,M,6,6,0
Braysen,M,39,39,0
Brayson,M,1292,1292,0
Brayton,M,764,764,0
Brazen,M,5,5,0
Brazil,F,15,0,15
Brazos,M,158,158,0
Bre,F,6,0,6
Brea,F,2927,0,2927
Breah,F,26,0,26
Breahna,F,33,0,33
Breaker,M,5,5,0
Brealynn,F,5,0,5
Breana,F,9362,0,9362
Breanah,F,5,0,5
Breanda,F,9,0,9
Breann,F,3715,0,3715
Breanna,F,80126,15,80111
Breannah,F,49,0,49
Breanne,F,8155,0,8155
Breasia,F,518,0,518
Breauna,F,431,0,431
Breaunna,F,33,0,33
Breck,M,367,367,0
Brecken,M,2311,2231,80
Breckin,M,274,274,0
Brecklyn,F,104,0,104
Brecklynn,F,5,0,5
Breckyn,F,195,5,190
Breda,F,5,0,5
Bree,F,5634,0,5634
Breeana,F,648,0,648
Breeann,F,355,0,355
Breeanna,F,1502,0,1502
Breeanne,F,29,0,29
Breelle,F,5,0,5
Breely,F,5,0,5
Breelyn,F,149,0,149
Breelynn,F,24,0,24
Breena,F,89,0,89
Brees,M,24,24,0
Breeze,F,27,0,27
Breezy,F,44,0,44
Brehon,M,7,7,0
Breiana,F,15,0,15
Breianna,F,5,0,5
Breigh,F,7,0,7
Breina,F,5,0,5
Breindel,F,69,0,69
Breindy,F,328,0,328
Breion,F,15,0,15
Brek,M,5,5,0
Breken,M,7,7,0
Brekken,M,76,76,0
Breklyn,F,12,0,12
Breland,M,5,5,0
Breleigh,F,65,0,65
Brelyn,F,5,0,5
Brelynn,F,118,0,118
Bren,M,7,7,0
Brena,F,17,0,17
Brenae,F,41,0,41
Brenan,M,22,22,0
Brenda,F,605274,504,604770
Brendalee,F,5,0,5
Brendan,M,86924,86919,5
Brenden,M,22896,22896,0
Brendin,M,51,51,0
Brendon,M,16769,16769,0
Brendy,F,16,0,16
Brendyn,M,284,284,0
Brenetta,F,10,0,10
Brenham,M,14,14,0
Brenlee,F,69,0,69
Brenleigh,F,34,0,34
Brenley,F,136,0,136
Brenna,F,25620,0,25620
Brennah,F,22,0,22
Brennan,M,29283,28857,426
Brennen,M,6624,6618,6
Brenner,M,115,115,0
Brennley,F,11,0,11
Brennon,M,1989,1989,0
Brennyn,M,5,5,0
Brent,M,136253,136243,10
Brenten,M,20,20,0
Brentlee,M,175,175,0
Brentley,M,2025,2020,5
Brently,M,273,273,0
Brenton,M,10731,10731,0
Brentt,M,5,5,0
Breon,M,933,927,6
Breona,F,899,0,899
Breonna,F,3739,0,3739
Breshey,F,11,0,11
Breslin,U,23,16,7
Breslyn,F,60,0,60
Breslynn,F,5,0,5
Bret,M,26702,26702,0
Brett,M,156827,155854,973
Brettany,F,8,0,8
Brette,F,5,0,5
Bretton,M,30,30,0
Breunna,F,29,0,29
Brevan,M,11,11,0
Brevin,M,185,185,0
Brevyn,M,5,5,0
Brewer,M,36,36,0
Brexlee,F,22,0,22
Brexley,F,17,0,17
Brexton,M,74,74,0
Breya,F,11,0,11
Breyana,F,298,0,298
Breyanna,F,376,0,376
Breyden,M,106,106,0
Breydon,M,48,48,0
Breylon,M,18,18,0
Breyon,M,22,22,0
Breyona,F,16,0,16
Breyonna,F,91,0,91
Brezhane,F,5,0,5
Brezlyn,F,5,0,5
Bria,F,12380,0,12380
Briah,F,10,0,10
Briahna,F,224,0,224
Brian,M,1164941,1162617,2324
Briana,F,91273,25,91248
Brianah,F,24,0,24
Brianca,F,64,0,64
Brianda,F,1318,0,1318
Briane,F,5,0,5
Briani,F,5,0,5
Briann,F,334,0,334
Brianna,F,249676,69,249607
Briannah,F,432,0,432
Brianne,F,18309,0,18309
Brianni,F,6,0,6
Brianny,F,238,0,238
Briant,M,99,99,0
Briante,F,5,0,5
Briany,F,17,0,17
Briar,U,3368,2124,1244
Briarrose,F,5,0,5
Briasia,F,67,0,67
Briauna,F,284,0,284
Briaunna,F,10,0,10
Brice,M,10383,10373,10
Briceida,F,158,0,158
Bricen,M,106,106,0
Briceyda,F,53,0,53
Bricia,F,32,0,32
Bricola,F,5,0,5
Bridger,M,3198,3198,0
Bridget,F,85081,7,85074
Bridgett,F,10190,0,10190
Bridgette,F,20132,0,20132
Bridgit,F,48,0,48
Bridgitt,F,6,0,6
Bridgitte,F,21,0,21
Bridie,F,5,0,5
Bridney,F,21,0,21
Brie,F,760,0,760
Brieana,F,190,0,190
Brieann,F,43,0,43
Brieanna,F,1411,0,1411
Brieanne,F,57,0,57
Briella,F,6570,0,6570
Brielle,F,29075,0,29075
Brien,M,994,994,0
Brienna,F,247,0,247
Brienne,F,302,0,302
Briget,F,10,0,10
Brigette,F,3046,0,3046
Brigg,M,30,30,0
Briggs,M,2027,2027,0
Brigham,M,1261,1261,0
Brighid,F,16,0,16
Brighton,U,1488,987,501
Brightyn,F,20,0,20
Brigid,F,3290,0,3290
Brigida,F,80,0,80
Brigido,M,98,98,0
Brigit,F,104,0,104
Brigitta,F,16,0,16
Brigitte,F,5634,0,5634
Brihana,F,26,0,26
Brihanna,F,293,0,293
Brilee,F,367,0,367
Brileigh,F,164,0,164
Briley,F,4853,428,4425
Brilyn,F,12,0,12
Brilynn,F,188,0,188
Brina,F,153,0,153
Brinda,F,610,0,610
Briniyah,F,5,0,5
Brinklee,F,5,0,5
Brinkley,F,232,0,232
Brinlee,F,961,0,961
Brinleigh,F,62,0,62
Brinley,F,6781,0,6781
Brinn,F,23,0,23
Brinna,F,13,0,13
Brinnley,F,5,0,5
Brinson,M,23,23,0
Brinton,M,16,16,0
Brion,M,604,589,15
Briona,F,625,0,625
Brione,F,5,0,5
Brionna,F,3435,0,3435
Brionne,F,112,0,112
Brisa,F,6642,0,6642
Brisamar,F,5,0,5
Briseida,F,1573,0,1573
Briseidy,F,12,0,12
Briseis,F,531,0,531
Briselda,F,25,0,25
Briseyda,F,893,0,893
Brisia,F,84,0,84
Brison,M,124,124,0
Brissa,F,1686,0,1686
Brissia,F,354,0,354
Bristal,F,5,0,5
Bristol,F,5546,6,5540
Brit,U,15,10,5
Brita,F,124,0,124
Britain,M,67,52,15
Britainy,F,5,0,5
Britani,F,321,0,321
Britania,F,6,0,6
Britanie,F,45,0,45
Britanny,F,133,0,133
Britany,F,4659,0,4659
Brithanny,F,5,0,5
Brithany,F,240,0,240
Brithney,F,11,0,11
Britini,F,13,0,13
British,F,19,0,19
Britlyn,F,5,0,5
Britne,F,10,0,10
Britnee,F,570,0,570
Britney,F,32891,14,32877
Britni,F,2924,0,2924
Britnie,F,241,0,241
Britny,F,930,0,930
Britt,F,2721,1564,1157
Britta,F,1286,0,1286
Brittainy,F,90,0,90
Brittan,F,77,29,48
Brittane,F,18,0,18
Brittanee,F,143,0,143
Brittaney,F,2198,0,2198
Brittani,F,10355,8,10347
Brittania,F,48,0,48
Brittanie,F,3373,0,3373
Brittanny,F,32,0,32
Brittany,F,357455,410,357045
Brittanya,F,11,0,11
Brittanyann,F,5,0,5
Britten,F,10,5,5
Britteny,F,531,0,531
Brittiany,F,171,0,171
Brittiney,F,40,0,40
Brittini,F,183,0,183
Brittiny,F,98,0,98
Brittnay,F,726,0,726
Brittne,F,20,0,20
Brittnee,F,1669,0,1669
Brittnei,F,12,0,12
Brittney,F,80482,45,80437
Brittni,F,4813,0,4813
Brittnie,F,1183,0,1183
Brittny,F,2253,0,2253
Britton,M,2788,2491,297
Brittyn,F,32,0,32
Britzy,F,6,0,6
Briunna,F,6,0,6
Brix,M,5,5,0
Brixton,M,804,765,39
Briyana,F,123,0,123
Briyanna,F,76,0,76
Briza,F,632,0,632
Brizeida,F,69,0,69
Brizeyda,F,23,0,23
Brizia,F,5,0,5
Brizza,F,5,0,5
Broadus,M,425,425,0
Broc,M,625,625,0
Brocha,F,592,0,592
Brock,M,37856,37856,0
Brockton,M,46,46,0
Brodee,M,42,42,0
Broden,M,531,531,0
Broderick,M,5405,5405,0
Brodey,M,181,181,0
Brodi,M,40,40,0
Brodie,M,6874,6850,24
Brodrick,M,546,546,0
Brody,M,64516,64511,5
Brodyn,M,5,5,0
Brogan,M,2280,2254,26
Bron,M,5,5,0
Brona,F,10,0,10
Bronco,M,6,6,0
Bronislaus,M,160,160,0
Bronislaw,M,74,74,0
Bronner,M,5,5,0
Bronson,M,5454,5454,0
Bronte,F,191,0,191
Bronwen,F,25,0,25
Bronwyn,F,639,0,639
Bronx,M,460,460,0
Brook,F,8107,828,7279
Brooke,F,187572,260,187312
Brookelyn,F,1783,0,1783
Brookelynn,F,1716,0,1716
Brookie,F,39,0,39
Brooklee,F,5,0,5
Brookley,F,5,0,5
Brooklin,F,597,0,597
Brooklyn,F,96974,477,96497
Brooklyne,F,32,0,32
Brooklynn,F,29149,6,29143
Brooklynne,F,660,0,660
Brooks,M,19895,19837,58
Brooksie,F,58,0,58
Brooxie,F,5,0,5
Broughton,M,5,5,0
Broward,M,25,25,0
Browder,M,5,5,0
Brown,M,254,254,0
Brownie,F,179,20,159
Broxton,M,47,47,0
Bruce,M,378529,378494,35
Brucha,F,488,0,488
Bruchy,F,305,0,305
Bruna,F,144,0,144
Brunetta,F,18,0,18
Brunilda,F,726,0,726
Bruno,M,12259,12259,0
Brunson,M,5,5,0
Brya,F,5,0,5
Bryan,M,376846,376477,369
Bryana,F,4116,0,4116
Bryanah,F,5,0,5
Bryanda,F,5,0,5
Bryanna,F,16945,0,16945
Bryannah,F,5,0,5
Bryanne,F,141,0,141
Bryant,M,45072,45072,0
Bryar,M,336,318,18
Bryce,M,109746,108384,1362
Brycen,M,9467,9467,0
Bryceson,M,11,11,0
Bryden,M,570,570,0
Brydon,M,18,18,0
Bryelle,F,11,0,11
Bryen,M,6,6,0
Bryer,M,386,386,0
Bryheem,M,5,5,0
Brylan,M,315,315,0
Brylee,F,7857,21,7836
Brylei,F,12,0,12
Bryleigh,F,2646,0,2646
Brylen,M,57,52,5
Bryley,F,18,0,18
Brylie,F,880,0,880
Brylon,M,123,123,0
Brylynn,F,39,0,39
Bryn,F,4156,75,4081
Bryna,F,109,0,109
Bryndee,F,5,0,5
Bryndle,F,22,0,22
Bryndon,M,5,5,0
Brynlee,F,10237,0,10237
Brynleigh,F,1000,0,1000
Brynley,F,1230,0,1230
Brynli,F,80,0,80
Brynlie,F,187,0,187
Brynn,F,20738,0,20738
Brynna,F,1201,0,1201
Brynnan,F,5,0,5
Brynne,F,743,0,743
Brynnlee,F,335,0,335
Brynnleigh,F,5,0,5
Brynnley,F,112,0,112
Bryon,M,10773,10773,0
Bryonna,F,107,0,107
Bryony,F,5,0,5
Bryor,M,5,5,0
Brysen,M,1399,1399,0
Bryson,M,56728,56720,8
Bryssa,F,16,0,16
Brystal,F,90,0,90
Brystol,F,335,0,335
Bryston,M,218,218,0
Brysun,M,5,5,0
Brytni,F,5,0,5
Bryton,M,1075,1075,0
Bryttani,F,10,0,10
Bubba,M,108,108,0
Bubber,M,15,15,0
Buck,M,2092,2092,0
Bucky,M,48,48,0
Bud,M,4335,4335,0
Budd,M,103,103,0
Buddie,M,216,216,0
Buddy,M,17924,17924,0
Buel,M,243,243,0
Buelah,F,95,0,95
Buell,M,68,68,0
Buena,F,80,0,80
Buffi,F,5,0,5
Buffie,F,259,0,259
Bufford,M,10,10,0
Buffy,F,2253,0,2253
Buford,M,8091,8091,0
Bula,F,86,0,86
Bulah,F,1288,0,1288
Bular,F,5,0,5
Bulmaro,M,80,80,0
Buna,F,113,0,113
Bunia,F,5,0,5
Bunnie,F,5,0,5
Bunny,F,224,0,224
Bunyan,M,5,5,0
Burach,M,22,22,0
Burak,M,21,21,0
Burch,M,5,5,0
Burdell,M,5,5,0
Burdette,M,589,589,0
Burech,M,71,71,0
Buren,M,57,57,0
Burgandy,F,6,0,6
Burgess,M,40,40,0
Burhan,M,10,10,0
Burhanuddin,M,74,74,0
Burke,M,429,429,0
Burl,M,4018,4018,0
Burleigh,M,5,5,0
Burley,M,391,391,0
Burlie,M,5,5,0
Burma,F,122,0,122
Burnell,M,791,761,30
Burnet,M,5,5,0
Burnett,M,125,125,0
Burnetta,F,5,0,5
Burnette,F,23,0,23
Burney,M,26,26,0
Burnice,F,654,318,336
Burnie,M,29,29,0
Burnis,M,42,42,0
Burns,M,21,21,0
Burr,M,6,6,0
Burrel,M,6,6,0
Burrell,M,39,39,0
Burris,M,5,5,0
Burt,M,2356,2356,0
Burtis,M,20,20,0
Burton,M,15935,15935,0
Burwell,M,5,5,0
Bushra,F,148,0,148
Buster,M,4730,4730,0
Butch,M,1205,1205,0
Butler,M,72,72,0
Byanca,F,122,0,122
Byanka,F,105,0,105
Byford,M,30,30,0
Bynum,M,63,63,0
Byran,M,117,117,0
Byrd,M,5,5,0
Byrl,M,11,11,0
Byron,M,74894,74894,0
Cabell,M,16,16,0
Cabrina,F,5,0,5
Cache,M,408,333,75
Cadance,F,205,0,205
Cadarius,M,87,87,0
Cade,M,24747,24740,7
Cadee,F,28,0,28
Caden,M,58429,58227,202
Cadence,F,18839,401,18438
Cadie,F,35,0,35
Cadin,M,95,95,0
Cadon,M,10,10,0
Cady,F,609,0,609
Cadyn,M,258,232,26
Cadynce,F,5,0,5
Caeden,M,782,782,0
Caedmon,M,149,149,0
Caedon,M,21,21,0
Caedyn,M,11,11,0
Cael,M,2258,2258,0
Caelan,M,787,715,72
Caeleb,M,10,10,0
Caelen,M,5,5,0
Caeley,F,26,0,26
Caeli,F,69,0,69
Caelin,U,16,11,5
Caellum,M,5,5,0
Caelum,M,15,15,0
Caelyn,F,1057,0,1057
Caelynn,F,27,0,27
Caera,F,5,0,5
Caesar,M,2308,2308,0
Caeson,M,5,5,0
Cage,M,110,110,0
Cagney,M,8,8,0
Cai,M,225,201,24
Caia,F,94,0,94
Caidan,M,7,7,0
Caiden,M,16852,16809,43
Caidence,F,228,0,228
Caidyn,M,144,123,21
Caila,F,206,0,206
Caileb,M,5,5,0
Cailee,F,318,0,318
Caileigh,F,152,0,152
Cailey,F,1935,0,1935
Cailin,F,1833,0,1833
Caillou,M,24,24,0
Cailyn,F,3615,0,3615
Cailynn,F,170,0,170
Cain,M,3517,3517,0
Cainan,M,22,22,0
Caine,M,304,304,0
Cainen,M,13,13,0
Caio,M,122,122,0
Caira,F,39,0,39
Cairo,M,1196,1196,0
Caisen,M,7,7,0
Caison,M,109,109,0
Caitlan,F,234,0,234
Caitlen,F,22,0,22
Caitlin,F,110036,34,110002
Caitlyn,F,50594,10,50584
Caitlynn,F,3140,0,3140
Caius,M,329,329,0
Cal,M,1658,1658,0
Calab,M,6,6,0
Calamity,F,5,0,5
Calan,M,12,12,0
Calandra,F,576,0,576
Calani,F,11,0,11
Calder,M,392,392,0
Caldonia,F,77,0,77
Caldwell,M,37,37,0
Cale,M,5296,5296,0
Caleah,F,55,0,55
Caleb,M,273894,273841,53
Calee,F,6,0,6
Caleigh,F,3643,0,3643
Calen,M,439,439,0
Caley,F,774,0,774
Cali,F,14349,17,14332
Calia,F,106,0,106
Caliah,F,21,0,21
Caliana,F,103,0,103
Calianna,F,10,0,10
Calib,M,5,5,0
Calie,F,182,0,182
California,F,56,0,56
Calin,M,54,54,0
Calina,F,47,0,47
Caliph,M,8,8,0
Calirose,F,10,0,10
Calise,F,10,0,10
Calisi,F,6,0,6
Calissa,F,97,0,97
Calista,F,3950,0,3950
Calistro,M,16,16,0
Calix,M,40,40,0
Calixto,M,42,42,0
Caliyah,F,529,0,529
Calla,F,968,0,968
Callahan,M,264,259,5
Callan,M,2244,2155,89
Callaway,F,5,0,5
Callee,F,42,0,42
Calleen,F,17,0,17
Calleigh,F,1051,0,1051
Callen,M,3624,3624,0
Calletana,F,6,0,6
Calley,F,42,0,42
Calli,F,1762,0,1762
Callia,F,41,0,41
Callie,F,47595,32,47563
Calliope,F,1186,0,1186
Callista,F,605,0,605
Calloway,M,6,6,0
Callum,M,3057,3057,0
Cally,F,157,0,157
Callyn,F,16,0,16
Calmer,M,6,6,0
Calob,M,46,46,0
Calogera,F,6,0,6
Calogero,M,86,86,0
Calonia,F,5,0,5
Calton,M,5,5,0
Calub,M,6,6,0
Caludia,F,5,0,5
Calum,M,370,370,0
Calvert,M,88,88,0
Calvin,M,194716,194694,22
Calyn,F,37,0,37
Calynn,F,6,0,6
Calypso,F,12,0,12
Calysta,F,61,0,61
Cam,M,290,278,12
Camara,F,21,0,21
Camari,U,542,404,138
Camaria,F,15,0,15
Camarion,M,108,108,0
Camaron,M,10,10,0
Camauri,M,5,5,0
Cambree,F,901,0,901
Cambri,F,89,0,89
Cambria,F,3155,0,3155
Cambrie,F,677,0,677
Cambron,M,5,5,0
Cambry,F,121,0,121
Camden,M,41970,40524,1446
Camdin,M,10,10,0
Camdon,M,68,68,0
Camdyn,U,3012,1852,1160
Camela,F,28,0,28
Camelia,F,494,0,494
Camella,F,10,0,10
Camellia,F,410,0,410
Cameo,F,211,0,211
Cameran,F,354,109,245
Cameren,M,298,298,0
Camerin,M,26,26,0
Camerina,F,5,0,5
Camerino,M,5,5,0
Cameron,M,294042,269457,24585
Cameryn,F,1306,48,1258
Camesha,F,22,0,22
Cami,F,2216,0,2216
Camiah,F,5,0,5
Camie,F,211,0,211
Camielle,F,5,0,5
Camil,M,5,5,0
Camila,F,61087,0,61087
Camilah,F,59,0,59
Camile,F,68,5,63
Camilia,F,12,0,12
Camilla,F,15466,0,15466
Camille,F,61252,385,60867
Camillia,F,60,0,60
Camillo,M,142,142,0
Camilo,M,3854,3854,0
Camily,F,6,0,6
Camisha,F,219,0,219
Camiya,F,44,0,44
Camiyah,F,78,0,78
Cammi,F,5,0,5
Cammie,F,752,0,752
Cammy,F,146,0,146
Camora,F,31,0,31
Campbell,F,6461,2116,4345
Camreigh,F,28,0,28
Camren,M,4584,4541,43
Camri,F,17,0,17
Camrie,F,10,0,10
Camrin,M,178,173,5
Camron,M,12002,11984,18
Camry,F,276,0,276
Camryn,F,26944,2573,24371
Camrynn,F,34,0,34
Camya,F,106,0,106
Camyla,F,13,0,13
Can,M,34,34,0
Cana,F,15,0,15
Canaan,M,2391,2386,5
Canary,F,55,0,55
Candace,F,81786,9,81777
Candance,F,461,0,461
Candee,F,56,0,56
Candelaria,F,1323,0,1323
Candelario,M,1571,1571,0
Candi,F,4864,0,4864
Candice,F,64925,9,64916
Candida,F,1434,0,1434
Candido,M,714,714,0
Candie,F,869,0,869
Candis,F,2349,0,2349
Candise,F,158,0,158
Candiss,F,11,0,11
Candita,F,6,0,6
Candler,M,17,17,0
Candra,F,300,0,300
Candy,F,25053,0,25053
Candyce,F,918,0,918
Cane,M,11,11,0
Canio,M,5,5,0
Caniya,F,11,0,11
Caniyah,F,5,0,5
Cannie,F,6,0,6
Cannon,M,5748,5748,0
Canon,M,757,757,0
Cante,F,5,0,5
Canton,M,22,22,0
Canuto,M,19,19,0
Canyon,M,1330,1330,0
Caoimhe,F,21,0,21
Capers,M,33,33,0
Capitola,F,21,0,21
Capri,F,1361,0,1361
Caprice,F,1184,5,1179
Captain,M,25,25,0
Captola,F,11,0,11
Cara,F,47565,6,47559
Carah,F,12,0,12
Caralee,F,10,0,10
Caraline,F,75,0,75
Caralyn,F,35,0,35
Cardarius,M,10,10,0
Cardell,M,332,332,0
Carden,M,6,6,0
Carder,M,10,10,0
Cardin,M,21,21,0
Carely,F,10,0,10
Caren,F,6474,0,6474
Caress,F,26,0,26
Caressa,F,209,0,209
Caresse,F,37,0,37
Caretha,F,5,0,5
Carey,F,21439,12244,9195
Cari,F,9842,0,9842
Cariann,F,5,0,5
Carianne,F,6,0,6
Caricia,F,6,0,6
Caridad,F,1126,0,1126
Carie,F,2279,0,2279
Carime,F,5,0,5
Carin,F,2227,0,2227
Carina,F,12443,5,12438
Carine,F,20,0,20
Carinna,F,5,0,5
Carinne,F,6,0,6
Caris,F,192,0,192
Carisa,F,1148,0,1148
Carisia,F,5,0,5
Carisma,F,80,0,80
Carissa,F,25487,0,25487
Carita,F,5,0,5
Carizma,F,5,0,5
Carl,M,478744,478427,317
Carla,F,145255,6,145249
Carlean,F,32,0,32
Carlee,F,9266,0,9266
Carleen,F,2841,0,2841
Carleigh,F,3759,0,3759
Carlena,F,31,0,31
Carlene,F,10257,0,10257
Carlens,M,5,5,0
Carles,M,23,23,0
Carlesha,F,5,0,5
Carless,M,5,5,0
Carlester,M,10,10,0
Carletha,F,15,0,15
Carleton,M,1493,1493,0
Carletta,F,648,0,648
Carlette,F,134,0,134
Carley,F,13739,0,13739
Carli,F,6043,0,6043
Carlie,F,11741,256,11485
Carlin,F,296,167,129
Carlina,F,50,0,50
Carline,F,142,0,142
Carlis,M,46,46,0
Carlisa,F,51,0,51
Carlisha,F,66,0,66
Carlisle,M,189,184,5
Carliss,F,12,0,12
Carlissa,F,5,0,5
Carlita,F,35,0,35
Carlito,M,212,212,0
Carlitos,M,34,34,0
Carlo,M,10698,10698,0
Carlos,M,282904,282156,748
Carlosdaniel,M,18,18,0
Carlosmanuel,M,10,10,0
Carlota,F,975,0,975
Carlotta,F,2369,0,2369
Carloyn,F,5,0,5
Carlson,M,10,10,0
Carlton,M,43612,43607,5
Carly,F,61820,5,61815
Carlye,F,23,0,23
Carlyle,M,896,896,0
Carlyn,F,685,0,685
Carlynn,F,6,0,6
Carlyon,F,23,0,23
Carma,F,1083,0,1083
Carman,F,285,61,224
Carmel,F,3671,151,3520
Carmela,F,18434,0,18434
Carmelia,F,36,0,36
Carmelina,F,255,0,255
Carmelita,F,3040,0,3040
Carmelite,F,32,0,32
Carmella,F,14846,0,14846
Carmello,M,740,740,0
Carmelo,M,7921,7921,0
Carmen,F,145586,13523,132063
Carmencita,F,17,0,17
Carmesa,F,8,0,8
Carmie,F,6,0,6
Carmin,F,54,11,43
Carmina,F,390,0,390
Carmine,M,10688,10668,20
Carmino,M,79,79,0
Carmon,U,163,109,54
Carmya,F,5,0,5
Carmyn,F,75,0,75
Carnation,F,5,0,5
Carnell,M,1427,1407,20
Carney,M,10,10,0
Caro,F,5,0,5
Carol,F,817650,5343,812307
Carola,F,43,0,43
Carolann,F,3631,0,3631
Carolanne,F,148,0,148
Carole,F,107434,18,107416
Caroleann,F,5,0,5
Carolee,F,1892,0,1892
Carolena,F,13,0,13
Carolene,F,16,0,16
Carolin,F,43,0,43
Carolina,F,37465,25,37440
Caroline,F,209917,44,209873
Caroll,F,152,20,132
Carollee,F,9,0,9
Carols,M,13,13,0
Carolyn,F,549052,114,548938
Carolyna,F,10,0,10
Carolyne,F,572,0,572
Carolynn,F,2364,0,2364
Carolynne,F,48,0,48
Caron,F,1340,161,1179
Carra,F,15,0,15
Carrel,M,10,10,0
Carrell,M,22,22,0
Carri,F,1736,0,1736
Carriann,F,5,0,5
Carrianne,F,5,0,5
Carrick,M,5,5,0
Carrie,F,222941,10,222931
Carrieann,F,70,0,70
Carrieanne,F,5,0,5
Carrigan,F,167,0,167
Carrin,F,5,0,5
Carrina,F,5,0,5
Carrington,F,1638,384,1254
Carrisa,F,43,0,43
Carrissa,F,130,0,130
Carrol,U,5192,3548,1644
Carroll,M,33285,30826,2459
Carrolyn,F,6,0,6
Carron,F,5,0,5
Carry,F,44,0,44
Carsen,M,1944,1866,78
Carson,M,102823,98000,4823
Carsten,M,471,471,0
Carston,M,19,19,0
Carsyn,F,2188,462,1726
Cartel,M,5,5,0
Carter,M,147867,144351,3516
Cartez,M,10,10,0
Carthel,M,38,38,0
Cartier,M,420,420,0
Carvel,M,5,5,0
Carver,M,577,577,0
Carville,M,5,5,0
Carvin,M,5,5,0
Cary,M,22003,19843,2160
Caryl,F,3880,0,3880
Caryle,F,5,0,5
Carylon,F,68,0,68
Caryn,F,9156,0,9156
Carys,F,1062,0,1062
Casady,F,5,0,5
Casandra,F,12463,0,12463
Casara,F,17,0,17
Casarah,F,5,0,5
Casaundra,F,25,0,25
Case,M,4861,4861,0
Casee,F,5,0,5
Casen,M,2984,2984,0
Casey,U,181176,107192,73984
Cash,M,16047,16047,0
Cashel,M,5,5,0
Cashius,M,11,11,0
Cashlynn,F,5,0,5
Cashmere,F,70,31,39
Cashton,M,686,686,0
Casi,F,108,0,108
Casie,F,2750,0,2750
Casilda,F,5,0,5
Casimer,M,1203,1203,0
Casimera,F,5,0,5
Casimir,M,3085,3085,0
Casimira,F,133,0,133
Casimiro,M,472,472,0
Casin,M,5,5,0
Casmer,M,89,89,0
Casmere,M,40,40,0
Casmir,M,31,31,0
Casmira,F,6,0,6
Cason,M,7087,7087,0
Casondra,F,111,0,111
Caspar,M,15,15,0
Casper,M,1155,1155,0
Caspian,M,450,450,0
Cass,M,101,101,0
Cassadee,F,32,0,32
Cassady,F,128,0,128
Cassand,F,5,0,5
Cassandr,F,152,0,152
Cassandra,F,165183,12,165171
Cassandre,F,95,0,95
Cassara,F,5,0,5
Cassaundra,F,696,0,696
Cassey,F,380,0,380
Cassi,F,586,0,586
Cassia,F,270,0,270
Cassian,M,68,68,0
Cassidee,F,36,0,36
Cassidi,F,70,0,70
Cassidie,F,6,0,6
Cassidy,F,55062,1131,53931
Cassie,F,39149,6,39143
Cassiel,M,16,16,0
Cassity,F,11,0,11
Cassius,M,3028,3028,0
Cassondr,F,8,0,8
Cassondra,F,2327,0,2327
Cassy,F,373,0,373
Castiel,M,1178,1178,0
Castin,M,5,5,0
Caston,M,30,30,0
Castulo,M,39,39,0
Casyn,M,35,35,0
Catalaya,F,119,0,119
Cataldo,M,39,39,0
Catalea,F,5,0,5
Cataleah,F,6,0,6
Cataleya,F,3778,0,3778
Cataleyah,F,23,0,23
Catalia,F,18,0,18
Catalina,F,15625,6,15619
Catalino,M,10,10,0
Catarina,F,1722,0,1722
Catarino,M,1097,1097,0
Catcher,M,5,5,0
Cate,F,603,0,603
Cateleya,F,10,0,10
Catello,M,5,5,0
Catelyn,F,625,0,625
Catelynn,F,95,0,95
Catena,F,6,0,6
Catera,F,156,0,156
Caterin,F,18,0,18
Caterina,F,1134,0,1134
Cathaleya,F,5,0,5
Catharine,F,5725,0,5725
Cathe,F,15,0,15
Catherin,F,157,0,157
Catherina,F,47,0,47
Catherine,F,613060,179,612881
Cathern,F,18,0,18
Catheryn,F,57,0,57
Cathey,F,1225,0,1225
Cathi,F,1069,0,1069
Cathie,F,3609,0,3609
Cathleen,F,25274,0,25274
Cathlene,F,95,0,95
Cathrine,F,2974,0,2974
Cathryn,F,9762,0,9762
Cathy,F,167384,0,167384
Catie,F,41,0,41
Catina,F,3290,0,3290
Catiria,F,5,0,5
Catlin,F,217,37,180
Catlyn,F,21,0,21
Catrena,F,5,0,5
Catrice,F,119,0,119
Catrina,F,7469,0,7469
Catriona,F,22,0,22
Cattaleya,F,115,0,115
Cattie,F,5,0,5
Cattleya,F,477,0,477
Cauy,M,26,26,0
Cavan,M,250,250,0
Cavin,M,70,70,0
Cayce,F,216,5,211
Caycee,F,5,0,5
Cayci,F,15,0,15
Caydan,M,5,5,0
Cayde,M,34,34,0
Caydee,F,10,0,10
Cayden,M,32100,31303,797
Caydence,F,2201,0,2201
Caydin,M,6,6,0
Caydon,M,45,45,0
Cayenne,F,15,0,15
Cayetana,F,5,0,5
Cayetano,M,182,182,0
Cayla,F,8739,0,8739
Caylah,F,6,0,6
Cayleb,M,179,179,0
Caylee,F,6956,0,6956
Cayleigh,F,724,0,724
Caylen,F,54,0,54
Cayley,F,182,0,182
Caylie,F,354,0,354
Caylin,F,927,0,927
Caylyn,F,5,0,5
Caylynn,F,10,0,10
Cayman,M,107,107,0
Caysen,M,500,500,0
Cayson,M,2624,2624,0
Ceaira,F,66,0,66
Ceana,F,6,0,6
Ceanna,F,33,0,33
Ceara,F,374,0,374
Ceasar,M,1488,1488,0
Ceaser,M,61,61,0
Cebert,M,7,7,0
Cece,F,6,0,6
Ceceilia,F,5,0,5
Cecelia,F,45792,0,45792
Cecelie,F,5,0,5
Cecely,F,6,0,6
Cecil,M,99306,96310,2996
Cecila,F,14,0,14
Cecile,F,12914,0,12914
Cecilee,F,5,0,5
Cecilia,F,86614,19,86595
Cecilie,F,6,0,6
Cecilio,M,1294,1294,0
Cecille,F,37,0,37
Cecillia,F,5,0,5
Cecily,F,3845,0,3845
Cecy,F,5,0,5
Cedar,M,521,435,86
Cedarius,M,5,5,0
Cedell,M,5,5,0
Cederick,M,10,10,0
Cedric,M,36020,36020,0
Cedrick,M,4149,4149,0
Cedrina,F,5,0,5
Ceejay,M,5,5,0
Ceferino,M,6,6,0
Ceil,F,144,0,144
Ceira,F,5,0,5
Ceirra,F,10,0,10
Cele,F,15,0,15
Celedonio,M,21,21,0
Celena,F,1961,0,1961
Celene,F,654,0,654
Celenia,F,29,0,29
Celest,F,371,0,371
Celesta,F,38,0,38
Celeste,F,51162,0,51162
Celestia,F,16,0,16
Celestial,F,10,0,10
Celestina,F,901,0,901
Celestine,F,5524,16,5508
Celestino,M,1227,1227,0
Celia,F,42301,0,42301
Celica,F,30,0,30
Celicia,F,10,0,10
Celida,F,5,0,5
Celina,F,10583,0,10583
Celinda,F,236,0,236
Celine,F,7751,0,7751
Celines,F,57,0,57
Celisa,F,6,0,6
Celisse,F,51,0,51
Celsey,F,11,0,11
Celso,M,1050,1050,0
Celyna,F,5,0,5
Cendy,F,63,0,63
Centhia,F,5,0,5
Ceola,F,935,0,935
Cephas,M,16,16,0
Cephus,M,72,72,0
Cera,F,274,0,274
Cerena,F,32,0,32
Cerenity,F,262,0,262
Cerina,F,98,0,98
Cerise,F,21,0,21
Cerissa,F,53,0,53
Cerrone,M,7,7,0
Cervando,M,16,16,0
Cesar,M,69574,69481,93
Cesare,M,43,43,0
Cesareo,M,16,16,0
Cesaria,F,5,0,5
Cesario,M,448,448,0
Cesia,F,491,0,491
Cesilia,F,323,0,323
Ceslie,F,6,0,6
Ceyda,F,10,0,10
Ceylin,F,10,0,10
Cezar,M,159,159,0
Cha,M,101,101,0
Chabeli,F,35,0,35
Chabely,F,10,0,10
Chace,M,2862,2862,0
Chad,M,237642,237490,152
Chadd,M,875,875,0
Chaddrick,M,29,29,0
Chadley,M,11,11,0
Chadrick,M,968,968,0
Chadwick,M,10343,10343,0
Chael,M,63,63,0
Chaffee,M,5,5,0
Chai,M,66,55,11
Chaim,M,7940,7935,5
Chaise,M,71,61,10
Chaitanya,M,5,5,0
Chaitra,F,5,0,5
Chaka,F,393,38,355
Chalee,F,6,0,6
Chalisa,F,5,0,5
Chalise,F,5,0,5
Chalmer,M,426,426,0
Chalmers,M,146,146,0
Chalon,F,5,0,5
Chamisa,F,8,0,8
Champ,M,75,75,0
Champagne,F,100,0,100
Champion,M,29,29,0
Chan,U,140,98,42
Chana,F,9167,0,9167
Chanae,F,70,0,70
Chanah,F,21,0,21
Chananya,M,36,36,0
Chance,M,44822,44672,150
Chancellor,M,776,776,0
Chancelor,M,54,54,0
Chancey,M,40,40,0
Chancy,M,6,6,0
Chanda,F,4012,0,4012
Chandara,M,6,6,0
Chandi,F,10,0,10
Chandler,M,36233,29674,6559
Chandni,F,77,0,77
Chandra,F,14618,0,14618
Chandrika,F,5,0,5
Chane,F,16,0,16
Chanee,F,6,0,6
Chanel,F,14295,26,14269
Chanele,F,5,0,5
Chanell,F,1127,0,1127
Chanelle,F,2740,0,2740
Chaney,F,148,5,143
Chang,M,84,84,0
Chani,F,104,0,104
Chania,F,21,0,21
Chanice,F,132,0,132
Chanie,F,478,0,478
Chaniece,F,11,0,11
Chanika,F,11,0,11
Chanin,F,49,0,49
Chanina,M,5,5,0
Chaniqua,F,5,0,5
Chanise,F,17,0,17
Chaniya,F,92,0,92
Chaniyah,F,20,0,20
Chanler,M,5,5,0
Channa,F,51,0,51
Channel,F,475,0,475
Channell,F,17,0,17
Channelle,F,18,0,18
Channie,F,5,0,5
Channing,U,5183,3575,1608
Channon,F,56,0,56
Channy,F,5,0,5
Chanoch,M,16,16,0
Chanse,M,51,51,0
Chanta,F,54,0,54
Chantae,F,31,0,31
Chantal,F,5601,0,5601
Chantale,F,24,0,24
Chantalle,F,17,0,17
Chantay,F,185,0,185
Chante,F,2077,0,2077
Chantee,F,5,0,5
Chantel,F,12138,0,12138
Chantele,F,5,0,5
Chantell,F,1538,0,1538
Chantelle,F,3922,6,3916
Chanteria,F,6,0,6
Chantha,M,6,6,0
Chantil,F,5,0,5
Chantra,M,5,5,0
Chantrell,F,11,0,11
Chantz,M,55,55,0
Chany,F,704,0,704
Chao,M,48,48,0
Chapman,M,20,20,0
Chappell,M,10,10,0
Chaquille,M,6,6,0
Chaquita,F,92,0,92
Chara,F,35,0,35
Charae,F,5,0,5
Charbel,M,93,93,0
Charda,F,6,0,6
Chardae,F,142,0,142
Charday,F,18,0,18
Charde,F,156,0,156
Chardonnay,F,83,0,83
Charelle,F,10,0,10
Charene,F,5,0,5
Chari,F,137,0,137
Charice,F,33,0,33
Charis,F,1208,0,1208
Charisa,F,5,0,5
Charise,F,750,0,750
Charisma,F,1648,0,1648
Charissa,F,2259,0,2259
Charisse,F,3013,0,3013
Charita,F,229,0,229
Charito,F,6,0,6
Charity,F,29347,0,29347
Charizma,F,6,0,6
Charla,F,4505,0,4505
Charlaine,F,6,0,6
Charlane,F,6,0,6
Charlayne,F,33,0,33
Charlcie,F,103,0,103
Charle,M,10,10,0
Charlea,F,5,0,5
Charlean,F,351,0,351
Charlee,F,9144,0,9144
Charleen,F,3425,0,3425
Charleigh,F,4039,0,4039
Charlen,F,5,0,5
Charlena,F,118,0,118
Charlene,F,129505,0,129505
Charles,M,2273860,2266336,7524
Charlesetta,F,213,0,213
Charlestine,F,17,0,17
Charleston,F,843,466,377
Charletta,F,35,0,35
Charlette,F,892,0,892
Charley,U,18126,12709,5417
Charli,F,4426,0,4426
Charlie,M,161079,141885,19194
Charline,F,2902,0,2902
Charlisa,F,26,0,26
Charlise,F,72,0,72
Charlize,F,3794,0,3794
Charlott,F,16,0,16
Charlotta,F,11,0,11
Charlotte,F,333143,6,333137
Charls,M,10,10,0
Charlsey,F,11,0,11
Charlsie,F,646,0,646
Charlton,M,650,650,0
Charly,F,804,347,457
Charlye,F,6,0,6
Charlyn,F,144,0,144
Charlyne,F,69,0,69
Charlynn,F,10,0,10
Charm,F,44,0,44
Charma,F,15,0,15
Charmain,F,71,0,71
Charmaine,F,11610,0,11610
Charmane,F,19,0,19
Charmayne,F,249,0,249
Charmian,F,5,0,5
Charmie,F,15,0,15
Charmin,F,63,0,63
Charmine,F,5,0,5
Charmon,F,11,0,11
Charna,F,61,0,61
Charnae,F,52,0,52
Charnele,F,29,0,29
Charnell,F,10,0,10
Charnelle,F,60,0,60
Charnesha,F,5,0,5
Charnette,F,5,0,5
Charnice,F,5,0,5
Charnise,F,6,0,6
Charnissa,F,5,0,5
Charnita,F,32,0,32
Charny,F,13,0,13
Charo,F,16,0,16
Charolette,F,846,0,846
Charon,F,44,0,44
Charrise,F,5,0,5
Charrisse,F,5,0,5
Charron,F,5,0,5
Charvi,F,7,0,7
Charyl,F,46,0,46
Chas,M,351,351,0
Chase,M,159695,157836,1859
Chaselyn,F,6,0,6
Chasen,M,559,559,0
Chasey,F,7,0,7
Chasidy,F,566,0,566
Chasin,M,6,6,0
Chasiti,F,16,0,16
Chasity,F,22113,0,22113
Chaskel,M,15,15,0
Chasmine,F,5,0,5
Chason,M,154,154,0
Chassidy,F,1424,0,1424
Chassity,F,677,0,677
Chastelin,F,11,0,11
Chastelyn,F,96,0,96
Chasten,M,16,16,0
Chastidy,F,6,0,6
Chastity,F,7622,0,7622
Chaston,M,41,41,0
Chasya,F,5,0,5
Chatham,M,10,10,0
Chau,F,99,5,94
Chauncey,M,3877,3877,0
Chauncy,M,20,20,0
Chaundra,F,17,0,17
Chaunte,F,21,0,21
Chauntel,F,6,0,6
Chauntelle,F,5,0,5
Chava,F,2006,0,2006
Chavely,F,6,0,6
Chavez,M,58,58,0
Chavi,F,10,0,10
Chavie,F,81,0,81
Chavis,M,115,115,0
Chavon,F,159,0,159
Chavonne,F,83,0,83
Chavy,F,332,0,332
Chay,M,5,5,0
Chaya,F,10535,0,10535
Chayanne,U,109,72,37
Chayce,M,509,509,0
Chayden,M,5,5,0
Chaye,F,11,0,11
Chayim,M,11,11,0
Chayla,F,34,0,34
Chayse,M,803,660,143
Chayson,M,10,10,0
Chayton,M,344,344,0
Chaz,M,7331,7325,6
Chazz,M,226,226,0
Che,M,648,637,11
Chealsea,F,5,0,5
Chedva,F,16,0,16
Chee,U,173,110,63
Cheemeng,M,11,11,0
Cheenou,M,5,5,0
Cheetara,F,13,0,13
Cheick,M,23,23,0
Cheikh,M,83,83,0
Chekesha,F,51,0,51
Chela,F,63,0,63
Chelan,F,5,0,5
Chelbi,F,8,0,8
Chelby,F,31,0,31
Chelcee,F,6,0,6
Chelci,F,14,0,14
Chelcie,F,180,0,180
Chelcy,F,5,0,5
Chelesa,F,5,0,5
Chelle,F,10,0,10
Chelsa,F,166,0,166
Chelsae,F,28,0,28
Chelse,F,114,0,114
Chelsea,F,157930,38,157892
Chelsee,F,564,0,564
Chelsey,F,29517,0,29517
Chelsi,F,2425,0,2425
Chelsia,F,7,0,7
Chelsie,F,11810,0,11810
Chelsy,F,1588,0,1588
Chemise,F,5,0,5
Chen,M,5,5,0
Chenay,F,5,0,5
Chene,M,5,5,0
Chenelle,F,80,0,80
Cheng,M,361,356,5
Chenin,F,5,0,5
Chenique,F,5,0,5
Chenita,F,10,0,10
Chenoa,F,193,0,193
Chequita,F,5,0,5
Cher,F,614,37,577
Chera,F,8,0,8
Cheramie,F,5,0,5
Cheray,F,5,0,5
Chere,F,199,0,199
Cheree,F,523,0,523
Cherell,F,5,0,5
Cherelle,F,767,0,767
Cherene,F,6,0,6
Cherese,F,81,0,81
Cheri,F,33390,0,33390
Cherice,F,216,0,216
Cherie,F,26216,0,26216
Cherika,F,10,0,10
Cheril,F,5,0,5
Cherilyn,F,628,0,628
Cherisa,F,6,0,6
Cherise,F,2220,0,2220
Cherish,F,7132,0,7132
Cherisse,F,275,0,275
Cherita,F,112,0,112
Cherith,F,5,0,5
Cherl,F,5,0,5
Cherlene,F,6,0,6
Cherline,F,6,0,6
Cherly,F,52,0,52
Cherlyn,F,305,0,305
Chermaine,F,11,0,11
Cherokee,F,954,12,942
Cheron,F,24,0,24
Cheronda,F,5,0,5
Cherrell,F,22,0,22
Cherrelle,F,381,0,381
Cherri,F,1747,0,1747
Cherrie,F,1315,0,1315
Cherrish,F,21,0,21
Cherron,F,10,0,10
Cherry,F,7195,0,7195
Cherryl,F,461,0,461
Chery,F,20,0,20
Cheryal,F,5,0,5
Cheryl,F,436856,41,436815
Cherylann,F,319,0,319
Cheryle,F,3507,0,3507
Cherylene,F,18,0,18
Cheryll,F,1069,0,1069
Cheskel,M,442,442,0
Chesky,M,195,195,0
Chesley,M,166,128,38
Chesney,F,758,0,758
Chessa,F,5,0,5
Chessie,F,11,0,11
Chester,M,107481,107458,23
Chestine,F,5,0,5
Cheston,M,35,35,0
Chet,M,2149,2149,0
Chetan,M,6,6,0
Chetara,F,5,0,5
Chevelle,F,885,0,885
Cheveyo,M,5,5,0
Chevon,F,134,0,134
Chevonne,F,120,0,120
Chevy,M,1461,1387,74
Cheyann,F,484,0,484
Cheyanna,F,284,0,284
Cheyanne,F,13119,0,13119
Cheyene,F,91,0,91
Cheyenna,F,50,0,50
Cheyenne,F,65909,630,65279
Cheyla,F,5,0,5
Cheyne,M,351,351,0
Cheynne,F,5,0,5
Chezkel,M,16,16,0
Chezky,M,5,5,0
Chi,F,152,59,93
Chia,F,58,23,35
Chiam,M,10,10,0
Chiamaka,F,143,0,143
Chiana,F,5,0,5
Chianne,F,5,0,5
Chianti,F,16,0,16
Chiara,F,2566,0,2566
Chico,M,63,63,0
Chidera,F,82,17,65
Chidi,M,6,6,0
Chidinma,F,17,0,17
Chidozie,M,5,5,0
Chidubem,M,56,56,0
Chieko,F,226,0,226
Chiffon,F,48,0,48
Chihiro,F,6,0,6
Chika,F,21,0,21
Chikaima,F,10,0,10
Chikamso,F,5,0,5
Child,U,130,77,53
Childnotnamed,F,6,0,6
Chima,M,10,10,0
Chimamanda,F,92,0,92
Chimene,F,33,0,33
Chimere,F,432,0,432
China,F,2296,0,2296
Chinedu,M,6,6,0
Chinita,F,12,0,12
Chinmay,M,6,6,0
Chinyere,F,21,0,21
Chioma,F,197,0,197
Chip,M,1172,1172,0
Chiquita,F,4481,6,4475
Chirag,M,117,117,0
Chirstina,F,21,0,21
Chirstopher,M,187,187,0
Chisa,F,44,0,44
Chisom,F,56,6,50
Chistian,M,76,76,0
Chistina,F,43,0,43
Chistopher,M,302,302,0
Chivonne,F,10,0,10
Chiyeko,F,70,0,70
Chiyo,F,28,0,28
Chiyoko,F,461,0,461
Chiyono,F,12,0,12
Chizara,F,41,0,41
Chizaram,F,66,0,66
Chizuko,F,83,0,83
Chloe,F,198746,57,198689
Chloee,F,525,0,525
Chloey,F,204,0,204
Chloie,F,303,0,303
Chloris,F,10,0,10
Choice,M,10,10,0
Chole,F,500,0,500
Chon,M,33,33,0
Chong,F,267,142,125
Chonita,F,10,0,10
Chosen,M,26,26,0
Choua,F,272,14,258
Chozen,M,5,5,0
Chris,M,158975,138913,20062
Chrisangel,M,5,5,0
Chrisann,F,15,0,15
Chriselda,F,133,0,133
Chrisette,F,94,0,94
Chrishawn,M,21,21,0
Chrishon,M,10,10,0
Chrishun,M,5,5,0
Chrisie,F,5,0,5
Chrislyn,F,56,0,56
Chrislynn,F,39,0,39
Chrisopher,M,69,69,0
Chrisotpher,M,14,14,0
Chriss,M,5,5,0
Chrissa,F,5,0,5
Chrissie,F,99,0,99
Chrissy,F,2175,0,2175
Christ,M,1275,1275,0
Christa,F,29261,0,29261
Christabel,F,84,0,84
Christabella,F,10,0,10
Christabelle,F,11,0,11
Christain,M,552,541,11
Christal,F,6598,0,6598
Christan,F,570,299,271
Christapher,M,23,23,0
Christe,F,5,0,5
Christeen,F,888,0,888
Christel,F,1460,0,1460
Christell,F,29,0,29
Christella,F,28,0,28
Christelle,F,238,0,238
Christen,F,8987,355,8632
Christena,F,153,0,153
Christene,F,2323,0,2323
Christepher,M,5,5,0
Christi,F,18291,0,18291
Christia,M,90,80,10
Christiaan,M,78,78,0
Christian,M,427642,410849,16793
Christiana,F,6912,0,6912
Christiane,F,543,0,543
Christianjames,M,32,32,0
Christianna,F,936,0,936
Christianne,F,252,0,252
Christiano,M,171,171,0
Christianpaul,M,5,5,0
Christie,F,42317,40,42277
Christien,M,87,87,0
Christin,F,8645,49,8596
Christina,F,470538,807,469731
Christinamarie,F,10,0,10
Christine,F,575483,359,575124
Christinejoy,F,10,0,10
Christinia,F,113,0,113
Christion,M,358,358,0
Christipher,M,36,36,0
Christle,F,10,0,10
Christna,F,5,0,5
Christo,M,89,89,0
Christobal,M,157,157,0
Christofer,M,1429,1429,0
Christoffer,M,44,44,0
Christoher,M,187,187,0
Christohper,M,42,42,0
Christol,F,5,0,5
Christon,M,91,91,0
Christop,M,1082,1082,0
Christoper,M,1094,1094,0
Christoph,M,78,78,0
Christophe,M,2484,2484,0
Christopher,M,2025348,2018576,6772
Christophere,M,5,5,0
Christophor,M,12,12,0
Christophr,M,38,38,0
Christos,M,1187,1187,0
Christpher,M,219,219,0
Christropher,M,5,5,0
Christy,F,95644,186,95458
Christyana,F,6,0,6
Christyn,F,61,0,61
Christyna,F,12,0,12
Christyne,F,6,0,6
Chritian,M,5,5,0
Chritopher,M,11,11,0
Chryl,F,5,0,5
Chrys,F,5,0,5
Chrysta,F,27,0,27
Chrystal,F,11881,0,11881
Chrystian,M,128,128,0
Chrystie,F,41,0,41
Chrystina,F,61,0,61
Chrystle,F,7,0,7
Chrystopher,M,5,5,0
Chua,F,12,0,12
Chuck,M,14611,14611,0
Chuckie,M,34,34,0
Chucky,M,48,48,0
Chue,M,203,203,0
Chukwudi,M,5,5,0
Chukwuebuka,M,5,5,0
Chukwuemeka,M,51,51,0
Chumy,F,16,0,16
Chun,F,12,0,12
Chuna,M,5,5,0
Chung,M,13,13,0
Chuong,M,10,10,0
Chyann,F,100,0,100
Chyanna,F,6,0,6
Chyanne,F,1364,0,1364
Chyenne,F,422,0,422
Chyla,F,18,0,18
Chyler,F,16,0,16
Chyna,F,4179,0,4179
Chynna,F,1127,0,1127
Chyrl,F,6,0,6
Cian,M,1449,1449,0
Ciana,F,901,0,901
Ciani,F,346,0,346
Cianna,F,1161,0,1161
Cianni,F,191,0,191
Ciara,F,31850,5,31845
Ciarah,F,21,0,21
Ciaran,M,573,573,0
Ciarra,F,1762,0,1762
Cicely,F,928,0,928
Cicero,M,276,276,0
Cici,F,7,0,7
Cicily,F,12,0,12
Ciclali,F,7,0,7
Ciclaly,F,11,0,11
Cidalia,F,5,0,5
Cidney,F,93,0,93
Cieara,F,36,0,36
Ciel,F,48,11,37
Ciela,F,6,0,6
Cielita,F,5,0,5
Ciella,F,5,0,5
Cielo,F,1952,0,1952
Ciena,F,65,0,65
Cienna,F,1080,0,1080
Ciera,F,9718,0,9718
Cierra,F,25839,17,25822
Cierrah,F,26,0,26
Cigi,F,5,0,5
Ciji,F,337,0,337
Cilia,F,6,0,6
Cilicia,F,5,0,5
Cillian,M,489,489,0
Cina,F,6,0,6
Cinamon,F,6,0,6
Cincere,M,38,38,0
Cinch,M,5,5,0
Cinda,F,2358,0,2358
Cinde,F,6,0,6
Cindee,F,155,0,155
Cinderella,F,18,0,18
Cindi,F,5228,0,5228
Cindia,F,41,0,41
Cindie,F,262,0,262
Cindra,F,82,0,82
Cindy,F,253933,139,253794
Cing,F,131,0,131
Cinnamon,F,698,0,698
Cinque,M,6,6,0
Cinthia,F,3665,0,3665
Cinthya,F,959,0,959
Cintia,F,358,0,358
Cinzia,F,5,0,5
Cipriana,F,107,0,107
Cipriano,M,1266,1266,0
Cira,F,21,0,21
Ciria,F,6,0,6
Cirildo,M,14,14,0
Cirilo,M,383,383,0
Ciro,M,977,977,0
Cisco,M,176,176,0
Citlali,F,2824,0,2824
Citlalic,F,37,0,37
Citlalli,F,1630,0,1630
Citlally,F,289,0,289
Citlaly,F,1895,0,1895
Cj,M,162,162,0
Cladie,F,6,0,6
Claiborne,M,182,182,0
Clair,M,9430,8874,556
Claira,F,724,0,724
Claire,F,176250,714,175536
Clairissa,F,5,0,5
Clance,M,26,26,0
Clancy,M,38,38,0
Clanton,M,5,5,0
Clara,F,207475,0,207475
Clarabel,F,15,0,15
Clarabell,F,26,0,26
Clarabelle,F,463,0,463
Claramae,F,5,0,5
Clarance,M,1535,1535,0
Clardie,M,6,6,0
Clare,F,24310,1432,22878
Clarence,M,265589,265506,83
Clarene,F,15,0,15
Claretha,F,360,0,360
Claretta,F,26,0,26
Claribel,F,1159,0,1159
Clarice,F,18490,0,18490
Clarie,F,10,0,10
Clariece,F,15,0,15
Clarinda,F,6,0,6
Clarine,F,318,0,318
Claris,F,31,0,31
Clarisa,F,1547,0,1547
Clarise,F,27,0,27
Clarissa,F,33012,0,33012
Clarisse,F,277,0,277
Clarita,F,40,0,40
Clarity,F,81,0,81
Claritza,F,74,0,74
Clarivel,F,10,0,10
Clariza,F,29,0,29
Clark,M,38379,38379,0
Clarke,M,448,348,100
Clarnce,M,81,81,0
Claron,M,15,15,0
Clarrisa,F,12,0,12
Clarrissa,F,10,0,10
Clary,M,37,31,6
Claryssa,F,28,0,28
Classie,F,330,0,330
Clata,F,6,0,6
Clatie,F,5,0,5
Claud,M,6212,6212,0
Claude,M,76496,76486,10
Claudean,F,5,0,5
Claudell,M,48,48,0
Claudene,F,10,0,10
Claudette,F,15593,0,15593
Claudia,F,120428,233,120195
Claudie,F,3360,1478,1882
Claudina,F,23,0,23
Claudine,F,7259,0,7259
Claudio,M,3311,3306,5
Claudis,M,5,5,0
Claudius,M,16,16,0
Claudy,M,10,10,0
Clausell,M,5,5,0
Claxton,M,5,5,0
Clay,M,31532,31532,0
Clayborn,M,12,12,0
Clayburn,M,5,5,0
Clayten,M,5,5,0
Clayton,M,125051,125032,19
Clea,F,20,0,20
Clearance,M,21,21,0
Clearence,M,222,222,0
Clearnce,M,16,16,0
Cleason,M,5,5,0
Cleaster,M,5,5,0
Cleatus,M,41,41,0
Cleave,M,6,6,0
Clebert,M,6,6,0
Cleburn,M,15,15,0
Cleburne,M,26,26,0
Cleda,F,355,0,355
Cledith,F,31,10,21
Clela,F,10,0,10
Cleland,M,5,5,0
Clelia,F,19,0,19
Clell,M,157,157,0
Clella,F,56,0,56
Clellie,F,6,0,6
Clem,M,947,947,0
Clemence,F,31,15,16
Clemencia,F,172,0,172
Clemens,M,452,452,0
Clement,M,8184,8184,0
Clemente,M,2188,2188,0
Clementina,F,436,0,436
Clementine,F,5190,0,5190
Clements,M,20,20,0
Clemmie,F,981,122,859
Clemon,M,140,140,0
Clemson,M,7,7,0
Clenard,M,8,8,0
Clendon,M,11,11,0
Clenton,M,44,44,0
Cleo,F,30025,7442,22583
Cleofas,M,82,77,5
Cleola,F,124,0,124
Cleon,M,394,394,0
Cleona,F,18,0,18
Cleone,F,215,0,215
Cleopatra,F,208,0,208
Cleophas,M,58,58,0
Cleophus,M,551,551,0
Cleora,F,189,0,189
Cleotha,M,354,322,32
Cleother,M,5,5,0
Cleotilde,F,92,0,92
Cleotis,M,5,5,0
Cleta,F,2006,0,2006
Clete,M,5,5,0
Cletis,M,287,287,0
Cleto,M,33,33,0
Cletus,M,4241,4235,6
Cleva,F,10,0,10
Cleve,M,834,834,0
Cleveland,M,16754,16754,0
Cleven,M,29,29,0
Clevie,F,5,0,5
Clide,M,69,64,5
Cliff,M,4367,4367,0
Cliffie,F,12,0,12
Clifford,M,176717,176279,438
Cliffton,M,198,198,0
Clifton,M,62773,62773,0
Climmie,F,33,12,21
Cline,M,15,15,0
Clint,M,27294,27294,0
Clinton,M,90857,90857,0
Clio,F,78,0,78
Clister,F,5,0,5
Clive,M,502,502,0
Clo,F,5,0,5
Cloda,F,5,0,5
Clodagh,F,6,0,6
Cloe,F,1957,0,1957
Cloey,F,815,0,815
Cloie,F,113,0,113
Clois,M,174,157,17
Cloma,F,12,0,12
Clora,F,187,0,187
Clorinda,F,359,0,359
Clorine,F,5,0,5
Clorissa,F,13,0,13
Cloteal,F,133,0,133
Clotee,F,64,0,64
Clotene,F,5,0,5
Clothilde,F,67,0,67
Clotiel,F,10,0,10
Clotilda,F,15,0,15
Clotilde,F,180,0,180
Clotile,F,20,0,20
Clotine,F,16,0,16
Cloud,M,26,26,0
Clova,F,6,0,6
Clover,F,890,0,890
Clovis,M,1063,972,91
Clowie,F,5,0,5
Cloyce,M,159,159,0
Cloyd,M,905,905,0
Cluster,M,5,5,0
Clyda,F,5,0,5
Clyde,M,128816,127332,1484
Clydell,M,10,10,0
Clydene,F,24,0,24
Clydette,F,6,0,6
Clydia,F,15,0,15
Clydie,F,91,0,91
Clytee,F,87,0,87
Clytie,F,5,0,5
Coalton,M,7,7,0
Cobe,M,68,68,0
Cobey,M,50,50,0
Cobi,M,67,67,0
Cobie,M,5,5,0
Coby,M,5832,5827,5
Coco,F,471,0,471
Coda,M,38,38,0
Codey,M,1635,1635,0
Codi,F,1744,587,1157
Codie,U,1496,1138,358
Cody,M,282924,280410,2514
Coen,M,1877,1877,0
Cohen,M,11658,11658,0
Cola,F,5,0,5
Colbert,M,11,11,0
Colbey,M,16,16,0
Colbi,F,15,0,15
Colbie,F,1059,0,1059
Colby,M,49493,48008,1485
Colden,M,151,151,0
Cole,M,130234,130219,15
Coleen,F,8278,0,8278
Coleman,M,10914,10914,0
Colen,M,5,5,0
Colene,F,145,0,145
Coleson,M,261,261,0
Coleta,F,12,0,12
Coleton,M,1341,1341,0
Coletta,F,742,0,742
Colette,F,17536,0,17536
Coley,M,253,253,0
Colie,M,256,256,0
Colin,M,120744,120715,29
Colinda,F,5,0,5
Colleen,F,159097,5,159092
Collen,U,24,18,6
Collene,F,11,0,11
Colletta,F,15,0,15
Collette,F,2941,0,2941
Collie,M,171,171,0
Collier,M,297,292,5
Collin,M,72720,72712,8
Collins,F,2515,337,2178
Collis,M,81,81,0
Collyn,M,54,49,5
Collyns,F,38,0,38
Colm,M,18,18,0
Colman,M,5,5,0
Colon,M,441,436,5
Colonel,M,76,76,0
Colsen,M,11,11,0
Colson,M,1468,1468,0
Colston,M,292,292,0
Colt,M,13838,13838,0
Coltan,M,37,37,0
Colten,M,12781,12781,0
Colter,M,2047,2047,0
Coltin,M,860,860,0
Colton,M,115337,115327,10
Coltrane,M,24,24,0
Coltyn,M,386,386,0
Columba,F,5,0,5
Columbia,F,136,0,136
Columbus,M,4044,4044,0
Colvin,M,16,16,0
Colyn,M,24,24,0
Comer,M,268,268,0
Comfort,F,5,0,5
Cona,F,5,0,5
Conall,M,27,27,0
Conan,M,284,284,0
Conard,M,33,33,0
Concepcion,F,4332,421,3911
Concepsion,F,16,0,16
Conception,F,225,0,225
Concetta,F,11618,0,11618
Concettina,F,46,0,46
Concetto,M,6,6,0
Concha,F,1199,0,1199
Conchetta,F,98,0,98
Conchita,F,207,0,207
Condol,F,5,0,5
Conferina,F,5,0,5
Confesor,M,5,5,0
Congetta,F,121,0,121
Coni,F,10,0,10
Conlan,M,50,50,0
Conley,M,979,958,21
Connell,M,57,57,0
Conner,M,50955,50796,159
Conni,F,105,0,105
Connie,F,265843,3925,261918
Connor,M,203620,203055,565
Conny,F,5,0,5
Connye,F,5,0,5
Cono,M,75,75,0
Conola,F,5,0,5
Conor,M,20482,20482,0
Conrad,M,27682,27682,0
Conrada,F,11,0,11
Conrado,M,1287,1287,0
Consepcion,F,114,6,108
Constanc,F,8,0,8
Constance,F,132877,10,132867
Constancia,F,11,0,11
Constant,M,10,10,0
Constantina,F,41,0,41
Constantine,M,3050,3050,0
Constantino,M,269,269,0
Constantinos,M,148,148,0
Constanza,F,334,0,334
Consuela,F,563,0,563
Consuella,F,103,0,103
Consuelo,F,13953,39,13914
Conswella,F,15,0,15
Contessa,F,352,0,352
Contina,F,291,0,291
Contrell,M,5,5,0
Conway,M,166,166,0
Cookie,F,38,0,38
Coolidge,M,153,153,0
Coopar,M,13,13,0
Cooper,M,79466,78901,565
Copeland,M,73,73,0
Copper,M,8,8,0
Cor,M,6,6,0
Cora,F,92680,0,92680
Coraima,F,395,0,395
Coral,F,4686,0,4686
Coralee,F,182,0,182
Coraleigh,F,8,0,8
Coralie,F,441,0,441
Coraline,F,2838,0,2838
Coralyn,F,67,0,67
Coralynn,F,49,0,49
Corando,M,5,5,0
Corayma,F,24,0,24
Corazon,F,5,0,5
Corban,M,1616,1616,0
Corben,M,294,294,0
Corbet,M,5,5,0
Corbett,M,145,145,0
Corbin,M,31632,31617,15
Corbit,M,6,6,0
Corby,M,149,130,19
Corbyn,M,1035,1029,6
Cord,M,278,278,0
Cordae,M,122,122,0
Cordale,M,44,44,0
Cordario,M,5,5,0
Cordarious,M,13,13,0
Cordarius,M,518,518,0
Cordaro,M,172,172,0
Cordarrius,M,23,23,0
Cordarro,M,7,7,0
Cordarryl,M,44,44,0
Cordaryl,M,34,34,0
Corday,M,5,5,0
Corde,M,177,177,0
Cordel,M,12,12,0
Cordelia,F,4364,0,4364
Cordell,M,5738,5738,0
Cordella,F,10,0,10
Cordelro,M,5,5,0
Cordera,M,15,15,0
Corderius,M,5,5,0
Cordero,M,1005,1005,0
Corderro,M,58,58,0
Cordia,F,111,0,111
Cordie,F,376,0,376
Cordney,M,15,15,0
Corean,F,120,0,120
Coreen,F,662,0,662
Coreena,F,6,0,6
Corena,F,114,0,114
Corene,F,1580,0,1580
Coretha,F,28,0,28
Coretta,F,905,0,905
Corey,M,185933,179648,6285
Cori,F,8060,48,8012
Corie,F,1344,21,1323
Corielle,F,6,0,6
Corin,F,403,39,364
Corina,F,11665,0,11665
Corine,F,9652,0,9652
Corinn,F,40,0,40
Corinna,F,3586,0,3586
Corinne,F,39884,0,39884
Corinthia,F,32,0,32
Corinthian,M,31,31,0
Corion,M,6,6,0
Corissa,F,471,0,471
Corita,F,11,0,11
Corky,M,37,37,0
Corley,F,5,0,5
Corlis,F,58,0,58
Corliss,F,1132,16,1116
Cormac,M,1295,1295,0
Corneall,M,5,5,0
Corneisha,F,5,0,5
Cornel,M,96,96,0
Cornelia,F,13881,0,13881
Cornelio,M,613,613,0
Cornelious,M,264,259,5
Cornelius,M,29105,29100,5
Cornell,M,7256,7256,0
Cornesha,F,15,0,15
Cornie,M,11,11,0
Corra,F,10,0,10
Corrado,M,17,17,0
Correna,F,5,0,5
Correne,F,5,0,5
Correy,M,66,66,0
Corri,F,15,0,15
Corrie,F,4201,59,4142
Corrin,F,522,0,522
Corrina,F,2653,0,2653
Corrine,F,14240,0,14240
Corrinna,F,7,0,7
Corrinne,F,136,0,136
Corry,M,524,519,5
Corryn,F,40,0,40
Cort,M,202,202,0
Cortavious,M,23,23,0
Cortavius,M,5,5,0
Cortez,M,7376,7376,0
Cortina,F,23,0,23
Cortland,M,174,174,0
Cortlen,M,5,5,0
Cortlyn,F,20,0,20
Cortnee,F,32,0,32
Cortney,F,16519,1504,15015
Cortni,F,60,0,60
Cortnie,F,107,0,107
Corvette,F,5,0,5
Corvin,M,52,52,0
Corwin,M,670,670,0
Cory,M,127575,123780,3795
Coryn,F,52,0,52
Corynn,F,37,0,37
Cosby,M,6,6,0
Cosette,F,768,0,768
Cosima,F,20,0,20
Cosimo,M,233,233,0
Cosme,M,635,635,0
Cosmo,M,963,963,0
Costas,M,11,11,0
Costella,F,11,0,11
Cote,M,5,5,0
Cotina,F,144,0,144
Cotton,M,18,18,0
Coty,M,4042,3989,53
Coua,F,5,0,5
Coulson,M,12,12,0
Coulter,M,30,30,0
Coumba,F,27,0,27
Courney,F,5,0,5
Courtenay,F,127,0,127
Courteney,F,315,0,315
Courtland,M,851,851,0
Courtlyn,F,145,0,145
Courtlynn,F,11,0,11
Courtnee,F,323,0,323
Courtney,F,273376,18204,255172
Courtni,F,104,0,104
Courtnie,F,668,0,668
Courtny,F,11,0,11
Cova,F,38,0,38
Cove,M,63,63,0
Cowen,M,5,5,0
Coy,M,11640,11607,33
Coyt,M,10,10,0
Coyte,M,5,5,0
Cozetta,F,22,0,22
Cozette,F,106,0,106
Craig,M,295775,295730,45
Cranford,M,12,12,0
Craven,M,111,111,0
Crawford,M,1142,1142,0
Creasie,F,6,0,6
Crecencio,M,62,62,0
Credell,M,5,5,0
Cree,F,180,89,91
Creed,M,949,949,0
Creedence,M,5,5,0
Creek,M,7,7,0
Creighton,M,437,437,0
Creola,F,577,0,577
Creon,M,5,5,0
Crescencio,M,23,23,0
Cresencia,F,35,0,35
Cresenciano,M,5,5,0
Cresencio,M,345,345,0
Crespin,M,129,129,0
Cressie,F,7,0,7
Cresta,F,6,0,6
Crestina,F,5,0,5
Crew,M,2373,2373,0
Crimson,F,372,116,256
Cris,U,1137,853,284
Crisanta,F,5,0,5
Crisanto,M,27,27,0
Criselda,F,1252,0,1252
Crisoforo,M,15,15,0
Crisol,F,28,0,28
Crispin,M,496,496,0
Criss,M,72,72,0
Crissa,F,5,0,5
Crissie,F,5,0,5
Crissy,F,1192,0,1192
Crist,M,72,72,0
Crista,F,1767,0,1767
Cristabel,F,15,0,15
Cristal,F,12671,15,12656
Cristalle,F,5,0,5
Cristan,M,11,11,0
Cristel,F,129,0,129
Cristela,F,317,0,317
Cristella,F,5,0,5
Cristen,F,921,0,921
Cristhian,M,425,425,0
Cristi,F,1210,0,1210
Cristian,M,61188,60627,561
Cristiana,F,131,0,131
Cristiano,M,1628,1628,0
Cristie,F,548,0,548
Cristin,F,2277,0,2277
Cristina,F,47973,98,47875
Cristine,F,1914,0,1914
Cristino,M,10,10,0
Cristo,M,574,574,0
Cristobal,M,5202,5202,0
Cristofer,M,2506,2506,0
Cristopher,M,8134,8134,0
Cristoval,M,96,96,0
Cristy,F,5343,0,5343
Cristyn,F,5,0,5
Crit,M,42,42,0
Crixus,M,5,5,0
Crockett,M,12,12,0
Croix,M,138,138,0
Crosby,M,2644,2639,5
Crosley,M,29,29,0
Cross,M,204,204,0
Cru,M,144,144,0
Crucita,F,11,0,11
Crue,M,156,156,0
Cruise,M,20,20,0
Cruz,M,22840,19999,2841
Cruze,M,71,71,0
Cruzita,F,24,0,24
Cruzito,M,35,35,0
Crysta,F,461,0,461
Crystal,F,326575,315,326260
Crystalann,F,10,0,10
Crystale,F,21,0,21
Crystalee,F,5,0,5
Crystall,F,20,0,20
Crystalmarie,F,5,0,5
Crystalyn,F,47,0,47
Crystel,F,55,0,55
Crystelle,F,5,0,5
Crystian,M,43,43,0
Crystina,F,73,0,73
Crystle,F,348,0,348
Cuahutemoc,M,39,39,0
Cuauhtemoc,M,628,628,0
Cuba,F,22,0,22
Cubia,F,5,0,5
Cuca,F,106,0,106
Cuitlahuac,M,10,10,0
Cullen,M,10413,10413,0
Cuma,F,5,0,5
Cumi,F,17,0,17
Cung,M,5,5,0
Cuong,M,202,202,0
Curlee,M,23,23,0
Curley,M,1066,1045,21
Curlie,F,27,0,27
Curran,M,125,125,0
Curren,M,223,223,0
Curry,M,87,87,0
Curt,M,12648,12648,0
Curtis,M,253029,252769,260
Curtisha,F,15,0,15
Curtiss,M,1161,1161,0
Curvin,M,163,163,0
Custer,M,5,5,0
Custodio,M,5,5,0
Cutberto,M,5,5,0
Cutina,F,5,0,5
Cutler,M,92,92,0
Cutter,M,555,555,0
Cy,M,774,774,0
Cyan,F,276,10,266
Cyana,F,5,0,5
Cyani,F,10,0,10
Cyann,F,12,0,12
Cyanne,F,16,0,16
Cybele,F,21,0,21
Cybil,F,32,0,32
Cyd,F,42,0,42
Cydnee,F,96,0,96
Cydney,F,2461,0,2461
Cydni,F,22,0,22
Cydnie,F,5,0,5
Cyerra,F,22,0,22
Cyla,F,11,0,11
Cylas,M,61,61,0
Cyle,M,523,523,0
Cylee,F,5,0,5
Cyler,M,29,29,0
Cylinda,F,7,0,7
Cylis,M,6,6,0
Cylus,M,107,107,0
Cymone,F,15,0,15
Cyncere,M,11,11,0
Cynde,F,9,0,9
Cyndee,F,113,0,113
Cyndi,F,1556,0,1556
Cyndia,F,5,0,5
Cyndie,F,82,0,82
Cyndle,F,5,0,5
Cyndy,F,324,0,324
Cynia,F,10,0,10
Cyniah,F,7,0,7
Cynne,F,5,0,5
Cyntha,F,5,0,5
Cynthia,F,705301,593,704708
Cynthya,F,6,0,6
Cyntia,F,63,0,63
Cyntrell,F,5,0,5
Cypress,F,166,74,92
Cyra,F,26,0,26
Cyre,F,23,0,23
Cyrena,F,46,0,46
Cyrene,F,10,0,10
Cyriah,F,5,0,5
Cyril,M,6547,6547,0
Cyrilla,F,13,0,13
Cyrille,M,5,5,0
Cyrine,F,7,0,7
Cyrstal,F,263,0,263
Cyrus,M,14302,14302,0
Cystal,F,7,0,7
Cythia,F,5,0,5
Cytlaly,F,6,0,6
Czarina,F,47,0,47
Da,M,42,42,0
Daana,F,7,0,7
Dabid,M,12,12,0
Dabin,M,5,5,0
Dabney,M,11,11,0
Dabria,F,5,0,5
Dacari,M,15,15,0
Dace,M,11,11,0
Dacey,F,26,0,26
Dacia,F,533,0,533
Dacian,M,5,5,0
Dacie,F,5,0,5
Dacoda,M,23,23,0
Dacorian,M,7,7,0
Dacota,M,15,15,0
Dacotah,M,5,5,0
Dade,M,96,96,0
Dadrian,M,116,116,0
Daegan,M,71,71,0
Daeja,F,158,0,158
Daejah,F,16,0,16
Daejon,M,21,21,0
Daekwon,M,43,43,0
Dael,M,65,65,0
Daelen,M,5,5,0
Daelin,M,6,6,0
Daelon,M,11,11,0
Daelyn,F,287,40,247
Daelynn,F,100,0,100
Daemian,M,6,6,0
Daemon,M,147,147,0
Daena,F,103,0,103
Daenerys,F,188,0,188
Daequan,M,190,190,0
Daesha,F,64,0,64
Daeshaun,M,5,5,0
Daeshawn,M,89,89,0
Daevion,M,31,31,0
Daevon,M,178,178,0
Daffne,F,17,0,17
Daffney,F,5,0,5
Dafina,F,34,0,34
Dafne,F,1501,0,1501
Dafnee,F,5,0,5
Dafney,F,6,0,6
Dagan,M,70,70,0
Dagmar,F,147,0,147
Dagmawi,M,5,5,0
Dagny,F,196,0,196
Dago,M,5,5,0
Dagoberto,M,1032,1032,0
Daguan,M,5,5,0
Dahiana,F,24,0,24
Dahlia,F,8222,0,8222
Dahlila,F,54,0,54
Dahmir,M,69,69,0
Dai,M,5,5,0
Daiana,F,310,0,310
Daichi,M,16,16,0
Daicy,F,12,0,12
Daiden,M,6,6,0
Daiel,M,31,31,0
Daielle,F,5,0,5
Daija,F,1949,0,1949
Daijah,F,1347,0,1347
Daijanae,F,5,0,5
Daijon,M,69,69,0
Dail,M,10,10,0
Daila,F,79,0,79
Dailen,M,11,11,0
Dailon,M,5,5,0
Daily,F,5,0,5
Dailyn,F,258,0,258
Dailynn,F,5,0,5
Daimian,M,11,11,0
Daimien,M,5,5,0
Daimon,M,5,5,0
Dain,M,222,222,0
Daina,F,525,0,525
Daiquan,M,191,191,0
Daira,F,485,0,485
Daire,M,5,5,0
Dairon,M,5,5,0
Daisey,F,360,0,360
Daisha,F,2649,0,2649
Daishawn,M,35,35,0
Daisi,F,18,0,18
Daisia,F,32,0,32
Daisie,F,50,0,50
Daissy,F,32,0,32
Daisuke,M,12,12,0
Daisy,F,116510,159,116351
Daivd,M,116,116,0
Daivon,M,65,65,0
Daizhane,F,5,0,5
Daizy,F,195,0,195
Daja,F,1354,0,1354
Dajae,F,10,0,10
Dajah,F,1148,0,1148
Dajana,F,5,0,5
Dajanae,F,219,0,219
Dajanay,F,10,0,10
Dajanique,F,5,0,5
Dajia,F,56,0,56
Dajohn,M,6,6,0
Dajon,M,590,590,0
Dajour,M,157,157,0
Dajuan,M,1730,1730,0
Dak,M,17,17,0
Dakarai,M,220,220,0
Dakari,M,847,847,0
Dakayla,F,39,0,39
Dakeem,M,5,5,0
Dakoda,M,1260,1218,42
Dakota,U,114996,84228,30768
Dakotah,U,1735,1285,450
Daksh,M,111,111,0
Daksha,F,5,0,5
Dal,M,5,5,0
Dala,F,6,0,6
Dalal,F,5,0,5
Dalan,M,21,21,0
Dalana,F,11,0,11
Dalaney,F,21,0,21
Dalani,F,8,0,8
Dalari,F,5,0,5
Dalarie,F,5,0,5
Dalary,F,982,0,982
Dalayza,F,45,0,45
Dale,M,291417,273599,17818
Daleah,F,11,0,11
Daleisa,F,6,0,6
Daleiza,F,15,0,15
Dalen,M,286,286,0
Dalena,F,113,0,113
Dalene,F,207,0,207
Dalessandro,M,12,12,0
Dalexa,F,24,0,24
Daley,F,16,0,16
Daleysa,F,238,0,238
Daleyssa,F,42,0,42
Daleyza,F,5894,0,5894
Dalia,F,9728,0,9728
Daliah,F,172,0,172
Dalida,F,5,0,5
Dalila,F,3312,0,3312
Dalilah,F,2462,0,2462
Dalina,F,38,0,38
Dalinda,F,82,0,82
Dalis,F,17,0,17
Dalisa,F,10,0,10
Dalisha,F,11,0,11
Dalissa,F,11,0,11
Daliyah,F,199,0,199
Dallan,M,143,143,0
Dallana,F,155,0,155
Dallanara,F,5,0,5
Dallas,M,64057,56111,7946
Dallen,M,270,270,0
Dallie,F,15,0,15
Dallin,M,3690,3690,0
Dallis,F,47,5,42
Dallon,M,109,109,0
Dally,F,6,0,6
Dallyn,M,10,10,0
Dalon,M,29,29,0
Dalonte,M,23,23,0
Dalphine,F,23,0,23
Dalton,M,76420,76396,24
Dalvin,M,646,646,0
Dalya,F,29,0,29
Dalyla,F,89,0,89
Dalylah,F,92,0,92
Dalyn,M,71,71,0
Damacio,M,30,30,0
Damain,M,5,5,0
Damali,F,65,0,65
Daman,M,23,23,0
Damani,M,1022,984,38
Damany,M,11,11,0
Damar,M,77,77,0
Damara,F,60,0,60
Damarco,M,118,118,0
Damarcus,M,1677,1677,0
Damarea,M,42,42,0
Damari,M,2646,2582,64
Damaria,F,32,12,20
Damarian,M,24,24,0
Damario,M,176,176,0
Damarion,M,3401,3401,0
Damaris,F,9266,10,9256
Damarius,M,339,339,0
Damariz,F,112,0,112
Damarrion,M,10,10,0
Damary,F,60,0,60
Damarys,F,64,0,64
Damaso,M,10,10,0
Damaya,F,25,0,25
Damein,M,45,45,0
Dameion,M,59,59,0
Damel,M,10,10,0
Damen,M,512,512,0
Dameon,M,1870,1870,0
Damere,M,5,5,0
Dameyune,M,8,8,0
Damia,F,111,0,111
Damiah,F,5,0,5
Damian,M,80351,80346,5
Damiana,F,74,0,74
Damiano,M,10,10,0
Damien,M,53848,53842,6
Damier,M,28,28,0
Damika,F,5,0,5
Damilola,F,5,0,5
Damin,M,11,11,0
Damion,M,13685,13685,0
Damir,M,736,736,0
Damisha,F,5,0,5
Damita,F,308,0,308
Damiya,F,138,0,138
Damiyah,F,286,0,286
Damon,M,59427,59420,7
Damond,M,560,560,0
Damone,M,202,202,0
Damoni,M,385,380,5
Damonica,F,6,0,6
Damonie,M,10,10,0
Damonta,M,5,5,0
Damontae,M,27,27,0
Damonte,M,491,491,0
Damya,F,567,0,567
Damyah,F,10,0,10
Damyan,M,45,45,0
Dan,M,98029,98024,5
Dana,F,237078,48697,188381
Danae,F,3891,0,3891
Danah,F,31,0,31
Danaisha,F,10,0,10
Danaja,F,5,0,5
Danajah,F,10,0,10
Danaly,F,10,0,10
Danamarie,F,11,0,11
Danasia,F,538,0,538
Danay,F,64,0,64
Danaya,F,59,0,59
Danaysha,F,5,0,5
Dandra,F,58,0,58
Dandre,M,5236,5236,0
Dandrea,F,55,0,55
Dane,M,27473,27473,0
Danee,F,27,0,27
Daneen,F,406,0,406
Daneil,M,130,130,0
Daneille,F,17,0,17
Daneisha,F,59,0,59
Danell,F,156,0,156
Danella,F,17,0,17
Danelle,F,4212,0,4212
Danelly,F,143,0,143
Danely,F,101,0,101
Danera,F,5,0,5
Danesha,F,372,0,372
Daneshia,F,6,0,6
Danessa,F,28,0,28
Danett,F,13,0,13
Danetta,F,40,0,40
Danette,F,7723,0,7723
Dang,M,72,72,0
Dangelo,M,5656,5656,0
Danh,M,6,6,0
Dani,F,4033,101,3932
Dania,F,5114,0,5114
Daniah,F,30,0,30
Danial,M,4489,4489,0
Danica,F,12107,0,12107
Danice,F,16,0,16
Danie,M,11,11,0
Daniel,M,1895682,1891215,4467
Daniela,F,56679,37,56642
Daniele,F,1697,120,1577
Danieljohn,M,5,5,0
Danieljr,M,6,6,0
Daniell,F,652,15,637
Daniella,F,25994,0,25994
Danielle,F,365355,629,364726
Daniesha,F,5,0,5
Daniil,M,57,57,0
Danika,F,7259,0,7259
Danille,F,37,0,37
Danilo,M,1831,1831,0
Danilynn,F,10,0,10
Danine,F,34,0,34
Daniqua,F,21,0,21
Danise,F,69,0,69
Danish,M,30,30,0
Danisha,F,936,0,936
Danissa,F,10,0,10
Danita,F,5014,0,5014
Danitra,F,20,0,20
Danity,F,30,0,30
Danitza,F,520,0,520
Daniya,F,670,0,670
Daniyah,F,641,0,641
Daniyal,M,193,193,0
Dann,F,536,223,313
Danna,F,14251,0,14251
Dannae,F,5,0,5
Dannah,F,23,0,23
Danne,F,41,0,41
Dannell,F,11,0,11
Dannelle,F,22,0,22
Danner,M,37,37,0
Dannette,F,534,0,534
Danney,M,12,12,0
Danni,F,301,0,301
Dannia,F,93,0,93
Dannica,F,11,0,11
Dannie,M,5836,5474,362
Danniel,M,542,542,0
Danniela,F,22,0,22
Dannielle,F,1871,0,1871
Dannielynn,F,5,0,5
Dannika,F,55,0,55
Dannon,M,5,5,0
Danny,M,280471,280294,177
Dannya,F,6,0,6
Dannye,M,5,5,0
Dantae,M,18,18,0
Dantavious,M,5,5,0
Dante,M,39970,39970,0
Danthony,M,462,462,0
Dantonio,M,10,10,0
Dantrel,M,5,5,0
Dantrell,M,165,165,0
Danuta,F,5,0,5
Danute,F,5,0,5
Dany,M,246,231,15
Danya,F,1196,0,1196
Danyael,M,6,6,0
Danyal,M,64,64,0
Danyale,F,103,5,98
Danyel,F,766,38,728
Danyela,F,5,0,5
Danyell,F,909,11,898
Danyella,F,18,0,18
Danyelle,F,3182,0,3182
Danyka,F,6,0,6
Danyla,F,34,0,34
Danzel,M,157,157,0
Dao,M,44,34,10
Daoud,M,6,6,0
Daouda,M,16,16,0
Daphane,F,5,0,5
Daphanie,F,5,0,5
Daphene,F,5,0,5
Daphine,F,210,0,210
Daphna,F,43,0,43
Daphne,F,29754,0,29754
Daphnee,F,13,0,13
Daphney,F,311,0,311
Daphnie,F,92,0,92
Daquan,M,6445,6445,0
Daquana,F,11,0,11
Daquane,M,5,5,0
Daquann,M,6,6,0
Daquarius,M,12,12,0
Daquavious,M,10,10,0
Daquon,M,107,107,0
Daqwan,M,10,10,0
Dara,F,8662,164,8498
Darah,F,28,0,28
Daran,M,10,10,0
Darbi,F,30,0,30
Darbie,F,5,0,5
Darby,F,4816,409,4407
Darcel,F,348,0,348
Darcell,F,35,0,35
Darcey,F,336,0,336
Darci,F,3662,0,3662
Darcie,F,2716,0,2716
Darcus,F,5,0,5
Darcy,F,18077,409,17668
Dardan,M,18,18,0
Dardanella,F,6,0,6
Darek,M,91,91,0
Darel,M,109,109,0
Darell,M,1247,1247,0
Darely,F,62,0,62
Daren,M,7118,7118,0
Darenda,F,5,0,5
Dareon,M,12,12,0
Darey,M,283,283,0
Dargan,M,6,6,0
Daria,F,5030,0,5030
Dariah,F,41,0,41
Darian,U,17399,12701,4698
Dariana,F,1960,0,1960
Darianna,F,321,0,321
Darianny,F,18,0,18
Daric,M,5,5,0
Darice,F,200,0,200
Darick,M,74,74,0
Dariel,M,2345,2329,16
Dariela,F,321,0,321
Dariella,F,10,0,10
Darielle,F,93,0,93
Darielys,F,15,0,15
Darien,M,7966,7385,581
Darienne,F,21,0,21
Darik,M,5,5,0
Darilyn,F,6,0,6
Darin,M,29620,29613,7
Darina,F,116,0,116
Dario,M,6582,6582,0
Darion,M,4875,4764,111
Darionna,F,5,0,5
Darious,M,358,358,0
Daris,F,24,14,10
Darith,M,5,5,0
Daritza,F,8,0,8
Darius,M,47615,47610,5
Dariush,M,11,11,0
Dariusz,M,34,34,0
Dariya,F,11,0,11
Dariyah,F,91,0,91
Darl,M,514,509,5
Darla,F,38491,0,38491
Darlah,F,13,0,13
Darlean,F,81,0,81
Darleen,F,5150,0,5150
Darlena,F,202,0,202
Darlene,F,200584,5,200579
Darleth,F,19,0,19
Darlin,F,142,0,142
Darline,F,2010,0,2010
Darling,F,142,0,142
Darlis,F,25,0,25
Darlyn,F,438,0,438
Darlyne,F,318,0,318
Darlynn,F,33,0,33
Darlys,F,54,0,54
Darneisha,F,10,0,10
Darnel,M,131,131,0
Darnell,M,25012,24378,634
Darnella,F,31,0,31
Darnelle,U,15,10,5
Darnesha,F,38,0,38
Darnetta,F,6,0,6
Darnisha,F,218,0,218
Darnley,M,5,5,0
Darol,M,5,5,0
Darold,M,1402,1402,0
Darolyn,F,5,0,5
Daron,M,4369,4369,0
Darrah,F,11,0,11
Darral,M,6,6,0
Darran,M,35,35,0
Darrel,M,25283,25283,0
Darrell,M,155714,155694,20
Darren,M,100216,100198,18
Darrian,M,1775,1430,345
Darrick,M,5211,5211,0
Darrie,M,5,5,0
Darriel,F,10,5,5
Darrielle,F,7,0,7
Darrien,M,1389,1370,19
Darrin,M,26678,26678,0
Darrion,M,2449,2449,0
Darrious,M,20,20,0
Darris,M,207,207,0
Darrius,M,5577,5577,0
Darrly,M,5,5,0
Darrol,M,5,5,0
Darrold,M,11,11,0
Darron,M,3275,3275,0
Darrow,M,11,11,0
Darry,M,231,231,0
Darryl,M,88415,88318,97
Darryle,M,184,184,0
Darryll,M,142,142,0
Darryn,M,205,205,0
Darsh,M,211,211,0
Darshan,M,26,26,0
Darshawn,M,7,7,0
Dartagnan,M,111,111,0
Dartha,F,16,0,16
Darthy,F,16,0,16
Daruis,M,5,5,0
Darvell,M,25,25,0
Darvin,M,482,482,0
Darwin,M,19384,19384,0
Darwyn,M,41,41,0
Darya,F,286,0,286
Daryan,M,33,27,6
Daryana,F,5,0,5
Daryl,M,60792,58825,1967
Daryle,M,525,525,0
Daryll,M,205,205,0
Daryn,U,397,300,97
Dasan,M,24,24,0
Dasani,F,431,48,383
Dasean,M,325,325,0
Dash,M,1385,1385,0
Dasha,F,1634,0,1634
Dashae,F,5,0,5
Dashan,M,5,5,0
Dashanae,F,5,0,5
Dashanique,F,5,0,5
Dashanti,F,29,0,29
Dashaun,M,1406,1406,0
Dashawn,M,6800,6740,60
Dashawna,F,21,0,21
Dashay,F,33,0,33
Dashel,M,57,57,0
Dashia,F,92,0,92
Dashiel,M,34,34,0
Dashiell,M,1149,1149,0
Dashon,M,397,397,0
Dashun,M,15,15,0
Dasia,F,3902,0,3902
Dasie,F,5,0,5
Dasmine,F,5,0,5
Dason,M,16,16,0
Dastan,M,34,34,0
Dat,M,102,102,0
Datha,F,5,0,5
Dathan,M,129,129,0
Daulton,M,585,585,0
Daun,F,39,0,39
Daunte,M,397,397,0
Dava,F,85,0,85
Davanee,F,5,0,5
Davante,M,454,454,0
Davarion,M,10,10,0
Davaris,M,10,10,0
Davarius,M,10,10,0
Davaughn,M,77,77,0
Dave,M,56007,56007,0
Daveion,M,62,62,0
Davell,M,11,11,0
Davelyn,F,6,0,6
Daven,M,548,548,0
Daveon,M,1411,1411,0
Davette,F,11,0,11
Davey,M,660,660,0
Daveyon,M,5,5,0
Davi,M,565,560,5
Davia,F,38,0,38
Davian,M,3691,3685,6
Daviana,F,68,0,68
Davianna,F,86,0,86
David,M,3595923,3587731,8192
Davida,F,1158,0,1158
Davide,M,53,53,0
Davidmichael,M,5,5,0
Davidson,M,116,116,0
Davie,M,662,657,5
Daviel,M,26,26,0
Davien,M,336,336,0
Davier,M,5,5,0
Davin,M,6826,6826,0
Davina,F,4834,0,4834
Davinah,F,5,0,5
Davinci,M,6,6,0
Davinder,M,5,5,0
Davion,M,10221,10216,5
Daviona,F,10,0,10
Davione,M,6,6,0
Davionna,F,38,0,38
Davionne,M,5,5,0
Davis,M,23133,23101,32
Davisha,F,11,0,11
Davit,M,72,72,0
Davita,F,28,0,28
Davon,M,10713,10708,5
Davona,F,7,0,7
Davone,M,41,41,0
Davonn,M,5,5,0
Davonna,F,94,0,94
Davonne,M,26,21,5
Davonta,M,444,444,0
Davontae,M,395,395,0
Davontay,M,44,44,0
Davonte,M,3080,3080,0
Davy,M,537,532,5
Davyn,M,43,43,0
Dawan,M,44,44,0
Dawana,F,15,0,15
Dawanna,F,10,0,10
Dawayne,M,126,126,0
Dawens,M,6,6,0
Dawid,M,179,179,0
Dawit,M,16,16,0
Dawn,F,285620,132,285488
Dawna,F,3180,0,3180
Dawne,F,946,0,946
Dawnell,F,34,0,34
Dawnelle,F,39,0,39
Dawnette,F,75,0,75
Dawnielle,F,36,0,36
Dawnmarie,F,279,0,279
Dawnn,F,5,0,5
Dawon,M,5,5,0
Dawood,M,13,13,0
Dawsen,M,11,11,0
Dawson,M,32773,32700,73
Dawsyn,F,93,0,93
Dawt,F,17,0,17
Dawud,M,130,130,0
Dax,M,5094,5094,0
Daxon,M,267,267,0
Daxten,M,12,12,0
Daxton,M,5579,5579,0
Daxtyn,M,33,33,0
Daxx,M,5,5,0
Daya,F,27,0,27
Dayami,F,524,0,524
Dayamy,F,9,0,9
Dayan,F,46,20,26
Dayana,F,10134,0,10134
Dayanara,F,5307,0,5307
Dayani,F,149,0,149
Dayanira,F,60,0,60
Dayanna,F,1955,0,1955
Dayannara,F,21,0,21
Dayanne,F,10,0,10
Dayatra,F,16,0,16
Daycee,F,5,0,5
Dayden,M,7,7,0
Dayelin,F,5,0,5
Dayja,F,68,0,68
Dayjah,F,10,0,10
Dayla,F,277,0,277
Daylan,M,966,966,0
Daylani,F,6,0,6
Dayle,F,444,23,421
Daylee,F,5,0,5
Dayleen,F,56,0,56
Daylen,M,1630,1625,5
Daylene,F,43,0,43
Daylin,F,748,414,334
Daylon,M,1334,1334,0
Daymian,M,79,79,0
Daymien,M,30,30,0
Daymon,M,105,105,0
Daymond,M,10,10,0
Dayna,F,10597,0,10597
Dayne,M,1126,1126,0
Dayon,M,76,76,0
Dayona,F,6,0,6
Dayonna,F,118,0,118
Dayquan,M,207,207,0
Dayra,F,474,0,474
Dayrin,F,29,0,29
Dayro,M,5,5,0
Dayron,M,97,97,0
Daysha,F,792,0,792
Dayshaun,M,25,25,0
Dayshawn,M,371,371,0
Dayshia,F,5,0,5
Daysi,F,723,0,723
Daysia,F,80,0,80
Dayson,M,50,50,0
Daysy,F,74,0,74
Dayton,M,9339,9334,5
Daytona,F,5,0,5
Dayveon,M,15,15,0
Dayvian,M,5,5,0
Dayvion,M,81,81,0
Dayvon,M,405,405,0
Dazhane,F,13,0,13
Dazia,F,15,0,15
Daziah,F,6,0,6
De,M,318,250,68
Dea,F,122,0,122
Deacon,M,5872,5872,0
Deadra,F,103,0,103
Deadrian,M,17,17,0
Deadrick,M,55,55,0
Deagan,M,218,218,0
Deaglan,M,35,35,0
Deaira,F,38,0,38
Deaire,M,11,11,0
Deairra,F,7,0,7
Deajah,F,17,0,17
Deakon,M,6,6,0
Dealva,F,27,0,27
Deamber,F,10,0,10
Deamonte,M,5,5,0
Dean,M,171062,170382,680
Deana,F,19487,0,19487
Deandra,F,2794,92,2702
Deandre,M,25699,25684,15
Deandrea,F,839,62,777
Deandria,F,52,0,52
Deane,M,407,381,26
Deangela,F,81,0,81
Deangelo,M,9215,9215,0
Deanie,F,25,0,25
Deann,F,7305,0,7305
Deanna,F,131579,6,131573
Deanndra,F,5,0,5
Deanne,F,11429,0,11429
Deante,M,1312,1312,0
Deanthony,M,1774,1774,0
Dearis,M,10,10,0
Dearius,M,10,10,0
Dearl,M,15,15,0
Dearra,F,5,0,5
Deashia,F,5,0,5
Deasia,F,3603,0,3603
Deatra,F,20,0,20
Deatrice,F,63,0,63
Deaundra,F,10,0,10
Deaundre,M,154,154,0
Deaven,M,72,72,0
Deavion,F,69,11,58
Deb,F,1058,0,1058
Debanhi,F,316,0,316
Debanhy,F,6,0,6
Debany,F,46,0,46
Debara,F,5,0,5
Debbe,F,5,0,5
Debbi,F,1653,0,1653
Debbie,F,184870,20,184850
Debborah,F,52,0,52
Debbra,F,2038,0,2038
Debby,F,7593,0,7593
Debbye,F,5,0,5
Debera,F,314,0,314
Deberah,F,13,0,13
Debhora,F,7,0,7
Debi,F,2464,0,2464
Debie,F,46,0,46
Debora,F,27004,0,27004
Deborah,F,737159,397,736762
Deboraha,F,16,0,16
Deborahann,F,15,0,15
Deborha,F,274,0,274
Deborra,F,21,0,21
Deborrah,F,236,0,236
Debra,F,547989,243,547746
Debraann,F,27,0,27
Debrah,F,2587,0,2587
Debralee,F,5,0,5
Debroah,F,382,0,382
Deby,F,16,0,16
Decarlo,M,21,21,0
Decarlos,M,145,145,0
December,F,93,0,93
Decker,M,594,594,0
Decklan,M,15,15,0
Decklyn,F,10,5,5
Declan,M,30961,30950,11
Decorian,M,47,47,0
Dede,F,409,0,409
Dedra,F,2352,0,2352
Dedria,F,26,0,26
Dedric,M,677,677,0
Dedrick,M,2548,2548,0
Dee,F,15045,3102,11943
Deeana,F,15,0,15
Deeann,F,1024,0,1024
Deeanna,F,282,0,282
Deeanne,F,26,0,26
Deedee,F,1495,0,1495
Deedra,F,424,0,424
Deegan,M,1727,1727,0
Deeksha,F,17,0,17
Deema,F,21,0,21
Deen,M,106,106,0
Deena,F,9669,0,9669
Deep,M,60,60,0
Deepa,F,19,0,19
Deepak,M,70,70,0
Deepika,F,22,0,22
Deethya,F,5,0,5
Deetta,F,30,0,30
Deette,F,31,0,31
Deetya,F,33,0,33
Deeya,F,10,0,10
Defne,F,68,0,68
Deforest,M,87,87,0
Degan,M,58,58,0
Deicy,F,30,0,30
Deidra,F,7327,0,7327
Deidre,F,11586,0,11586
Deigo,M,16,16,0
Deija,F,78,0,78
Deijah,F,5,0,5
Deilany,F,5,0,5
Deion,M,3561,3561,0
Deiondre,M,35,35,0
Deionte,M,22,22,0
Deirdra,F,112,0,112
Deirdre,F,13455,0,13455
Deise,F,5,0,5
Deisi,F,260,0,260
Deissy,F,5,0,5
Deisy,F,1831,0,1831
Deitra,F,87,0,87
Deja,F,13927,0,13927
Dejah,F,1859,0,1859
Dejan,M,23,23,0
Dejana,F,5,0,5
Dejanae,F,389,0,389
Dejanay,F,5,0,5
Dejane,F,5,0,5
Dejanee,F,35,0,35
Dejanique,F,16,0,16
Dejanira,F,6,0,6
Dejaun,M,5,5,0
Dejia,F,11,0,11
Dejohn,M,27,27,0
Dejon,M,1180,1180,0
Dejour,M,5,5,0
Dejuan,M,3288,3288,0
Dekari,M,5,5,0
Deke,M,5,5,0
Dekendrick,M,6,6,0
Dekker,M,26,26,0
Deklan,M,734,734,0
Deklin,M,32,32,0
Deklyn,M,47,47,0
Dekota,M,38,38,0
Del,M,1311,1311,0
Delaila,F,49,0,49
Delailah,F,14,0,14
Delaina,F,171,0,171
Delaine,F,325,8,317
Delainey,F,389,0,389
Delana,F,1056,0,1056
Delane,F,25,5,20
Delaney,F,34354,29,34325
Delani,F,265,0,265
Delanie,F,2299,0,2299
Delano,M,1969,1964,5
Delante,M,202,202,0
Delany,F,328,0,328
Delara,F,10,0,10
Delayla,F,57,0,57
Delaylah,F,5,0,5
Delayna,F,47,0,47
Delayne,F,5,0,5
Delaynie,F,5,0,5
Delayza,F,37,0,37
Delbert,M,41360,41360,0
Delbra,F,42,0,42
Delcenia,F,6,0,6
Delcia,F,5,0,5
Delcie,F,228,0,228
Delcina,F,6,0,6
Delecia,F,10,0,10
Delena,F,173,0,173
Delene,F,44,0,44
Deleon,M,62,62,0
Deleyza,F,5,0,5
Delfa,F,5,0,5
Delfin,M,10,10,0
Delfina,F,2530,0,2530
Delfinia,F,20,0,20
Delfino,M,1284,1284,0
Delford,M,10,10,0
Delia,F,25165,5,25160
Deliah,F,6,0,6
Delicia,F,807,0,807
Delila,F,731,0,731
Delilah,F,31658,0,31658
Delina,F,197,0,197
Delinah,F,5,0,5
Delinda,F,601,0,601
Delisa,F,1372,0,1372
Delise,F,5,0,5
Delisha,F,83,0,83
Delissa,F,17,0,17
Dell,U,1054,655,399
Della,F,45926,0,45926
Dellanira,F,7,0,7
Dellar,F,20,0,20
Dellie,F,5,0,5
Delma,F,5023,432,4591
Delmar,M,9492,9492,0
Delmas,M,656,656,0
Delmer,M,4338,4338,0
Delmi,F,27,0,27
Delmira,F,21,0,21
Delmont,M,53,53,0
Delmos,M,7,7,0
Delmus,M,6,6,0
Delmy,F,206,0,206
Delno,M,5,5,0
Delois,F,6794,0,6794
Deloise,F,851,0,851
Deloma,F,6,0,6
Delon,M,135,135,0
Delone,F,6,0,6
Delonta,M,103,103,0
Delontae,M,5,5,0
Delontay,M,5,5,0
Delonte,M,764,764,0
Delora,F,266,0,266
Deloras,F,17,0,17
Delorean,M,41,41,0
Delores,F,114240,0,114240
Deloria,F,7,0,7
Delories,F,204,0,204
Deloris,F,31774,0,31774
Delorise,F,250,0,250
Delorse,F,44,0,44
Delos,M,142,142,0
Deloy,M,81,81,0
Delpha,F,387,0,387
Delphia,F,1594,0,1594
Delphie,F,7,0,7
Delphina,F,61,0,61
Delphine,F,5830,5,5825
Delrico,M,12,12,0
Delrose,F,17,0,17
Delroy,M,328,328,0
Delsa,F,6,0,6
Delshawn,M,10,10,0
Delsie,F,148,0,148
Delta,F,570,0,570
Delton,M,1385,1385,0
Deluvina,F,11,0,11
Delvecchio,M,28,28,0
Delvin,M,1740,1740,0
Delvon,M,238,238,0
Delvonte,M,10,10,0
Delwin,M,110,110,0
Delwyn,M,10,10,0
Delyla,F,139,0,139
Delylah,F,428,0,428
Delynn,F,101,0,101
Delzora,F,23,0,23
Dema,F,5,0,5
Demani,M,48,43,5
Demar,M,96,96,0
Demarco,M,3385,3385,0
Demarcus,M,11228,11228,0
Demarea,M,32,32,0
Demari,M,1038,1032,6
Demaria,F,15,0,15
Demarian,M,5,5,0
Demarie,F,6,0,6
Demario,M,4499,4499,0
Demarion,M,2315,2315,0
Demarious,M,20,20,0
Demaris,F,36,10,26
Demarius,M,690,690,0
Demarko,M,72,72,0
Demarkus,M,306,306,0
Demarques,M,5,5,0
Demarquez,M,7,7,0
Demarquis,M,39,39,0
Demarrio,M,6,6,0
Demarrion,M,5,5,0
Demeka,F,10,0,10
Demetra,F,1571,0,1571
Demetre,M,22,22,0
Demetreus,M,5,5,0
Demetri,M,1575,1559,16
Demetria,F,8042,0,8042
Demetrias,M,5,5,0
Demetric,M,769,677,92
Demetrica,F,6,0,6
Demetrice,F,1245,401,844
Demetrick,M,59,59,0
Demetrio,M,1470,1470,0
Demetrios,M,1087,1087,0
Demetrious,M,219,219,0
Demetris,M,1084,875,209
Demetriu,M,9,9,0
Demetrius,M,32312,31734,578
Demetruis,M,45,45,0
Demetrus,M,16,16,0
Demi,F,6835,0,6835
Demia,F,5,0,5
Demian,M,756,756,0
Demiana,F,16,0,16
Demir,M,132,132,0
Demita,F,5,0,5
Demitra,F,18,0,18
Demitri,M,616,616,0
Demitria,F,25,0,25
Demitrius,M,407,407,0
Demiya,F,5,0,5
Demiyah,F,27,0,27
Demon,M,78,78,0
Demond,M,4078,4078,0
Demondre,M,18,18,0
Demone,M,10,10,0
Demoni,M,17,17,0
Demonica,F,31,0,31
Demont,M,20,20,0
Demonta,M,124,124,0
Demontae,M,65,65,0
Demonte,M,1152,1152,0
Demontray,M,12,12,0
Demontre,M,80,80,0
Demorris,M,17,17,0
Dempsey,M,967,952,15
Demri,F,5,0,5
Demya,F,106,0,106
Dena,F,26511,0,26511
Denae,F,581,0,581
Denali,F,291,5,286
Denard,M,29,29,0
Denarius,M,24,24,0
Denasia,F,152,0,152
Denay,F,30,0,30
Dencil,M,32,32,0
Dene,F,27,0,27
Denean,F,50,0,50
Deneane,F,5,0,5
Denecia,F,7,0,7
Denee,F,88,0,88
Deneen,F,2594,0,2594
Deneene,F,6,0,6
Deneisha,F,15,0,15
Denell,F,25,0,25
Denelle,F,46,0,46
Denene,F,45,0,45
Denese,F,321,0,321
Denesha,F,150,0,150
Deneshia,F,6,0,6
Denetra,F,11,0,11
Denetria,F,5,0,5
Denette,F,89,0,89
Denia,F,180,0,180
Denice,F,7800,0,7800
Deniece,F,109,0,109
Denielle,F,133,0,133
Denika,F,25,0,25
Denilson,M,233,233,0
Denim,M,787,700,87
Denine,F,330,0,330
Deniro,M,5,5,0
Denis,M,15469,15322,147
Denisa,F,43,0,43
Denise,F,369517,337,369180
Denisha,F,2558,0,2558
Denishia,F,5,0,5
Denisse,F,5191,0,5191
Denita,F,856,0,856
Deniya,F,39,0,39
Deniyah,F,31,0,31
Deniz,M,306,259,47
Denna,F,413,0,413
Dennice,F,23,0,23
Dennie,M,1036,1031,5
Dennis,M,613177,612793,384
Dennise,F,1570,0,1570
Dennison,M,11,11,0
Denny,M,10607,10602,5
Dennys,M,50,50,0
Deno,M,10,10,0
Denorris,M,15,15,0
Denotra,F,5,0,5
Denson,M,5,5,0
Denton,M,895,895,0
Denver,M,10711,10055,656
Denyce,F,5,0,5
Denym,M,23,23,0
Denys,F,35,0,35
Denyse,F,216,0,216
Denzel,M,7952,7952,0
Denzell,M,515,515,0
Denzil,M,1661,1661,0
Deo,M,5,5,0
Deola,F,19,0,19
Deolinda,F,147,0,147
Deon,M,11510,11291,219
Deona,F,46,0,46
Deondra,F,320,10,310
Deondre,M,2264,2264,0
Deonna,F,1297,0,1297
Deonne,F,5,0,5
Deonta,M,1245,1245,0
Deontae,M,2039,2039,0
Deontavious,M,10,10,0
Deontay,M,195,195,0
Deonte,M,6240,6240,0
Deontray,M,14,14,0
Deontre,M,123,123,0
Dequan,M,2411,2411,0
Dequante,M,5,5,0
Dequarius,M,23,23,0
Dequavious,M,57,57,0
Dequavius,M,11,11,0
Dequincy,M,87,87,0
Dequon,M,5,5,0
Der,F,78,0,78
Dera,F,15,0,15
Derald,M,376,376,0
Dereck,M,3415,3415,0
Derek,M,228204,228161,43
Derell,M,11,11,0
Derenda,F,17,0,17
Dereon,M,906,752,154
Derian,M,389,389,0
Deric,M,1739,1739,0
Derica,F,56,0,56
Derick,M,15635,15635,0
Dericka,F,6,0,6
Derico,M,11,11,0
Derik,M,2469,2469,0
Derika,F,11,0,11
Derin,M,47,47,0
Derinda,F,12,0,12
Derion,M,230,230,0
Derius,M,17,17,0
Derk,M,19,19,0
Derl,M,29,29,0
Derly,M,10,10,0
Dermot,M,41,41,0
Dermott,M,5,5,0
Deroe,M,5,5,0
Deron,M,3045,3045,0
Deronda,F,5,0,5
Deronte,M,6,6,0
Derreck,M,32,32,0
Derrek,M,737,737,0
Derrel,M,105,105,0
Derrell,M,2478,2478,0
Derreon,M,11,11,0
Derrian,M,42,42,0
Derrianna,F,5,0,5
Derric,M,160,160,0
Derrica,F,33,0,33
Derrick,M,140156,140051,105
Derricka,F,109,0,109
Derrik,M,402,402,0
Derrike,M,5,5,0
Derrill,M,25,25,0
Derrin,M,5,5,0
Derrion,M,420,420,0
Derriona,F,10,0,10
Derrisha,F,5,0,5
Derrius,M,114,114,0
Derron,M,89,89,0
Derry,M,75,75,0
Derryl,M,42,42,0
Derward,M,5,5,0
Derwin,M,1464,1464,0
Derwood,M,67,67,0
Deryck,M,10,10,0
Deryk,M,29,29,0
Deryl,M,269,269,0
Desarae,F,403,0,403
Desaray,F,134,0,134
Desaree,F,70,0,70
Desean,M,2004,2004,0
Deserae,F,298,0,298
Deseray,F,120,0,120
Desere,F,5,0,5
Deseree,F,330,0,330
Deserie,F,501,0,501
Desha,F,27,0,27
Deshanae,F,6,0,6
Deshanna,F,22,0,22
Deshannon,F,6,0,6
Deshante,F,5,0,5
Deshanti,F,5,0,5
Deshaun,M,3425,3420,5
Deshawn,M,13288,12984,304
Deshawna,F,26,0,26
Deshawnda,F,5,0,5
Deshay,F,5,0,5
Deshon,M,849,844,5
Deshonda,F,15,0,15
Deshone,F,10,5,5
Deshonna,F,10,0,10
Deshun,M,332,332,0
Deshundra,F,5,0,5
Desi,M,556,512,44
Desiderio,M,97,97,0
Desirae,F,10151,0,10151
Desiray,F,616,0,616
Desire,F,2514,0,2514
Desirea,F,558,0,558
Desiree,F,79461,0,79461
Desirey,F,50,0,50
Desirie,F,10,0,10
Desmon,M,157,157,0
Desmond,M,29673,29667,6
Desmund,M,5,5,0
Despina,F,349,0,349
Desree,F,36,0,36
Dessa,F,20,0,20
Dessie,F,6200,15,6185
Destan,M,5,5,0
Destanee,F,123,0,123
Destani,F,208,0,208
Destanie,F,479,0,479
Destany,F,1880,0,1880
Desteni,F,10,0,10
Destenie,F,21,0,21
Desteny,F,819,0,819
Destin,M,3345,3281,64
Destine,F,269,0,269
Destinee,F,14418,0,14418
Destiney,F,5898,0,5898
Destini,F,5880,0,5880
Destinie,F,1330,0,1330
Destiny,F,143840,29,143811
Deston,M,5,5,0
Destry,M,169,169,0
Destyn,M,10,10,0
Destyne,F,16,0,16
Destynee,F,96,0,96
Destyni,F,173,0,173
Destynie,F,6,0,6
Detavious,M,5,5,0
Detra,F,776,0,776
Detria,F,5,0,5
Detric,M,10,10,0
Detrice,F,11,0,11
Detrick,M,296,296,0
Detroit,M,5,5,0
Detta,F,11,0,11
Deundra,F,15,5,10
Deundre,M,21,21,0
Dev,M,1356,1356,0
Deva,F,43,0,43
Deval,M,5,5,0
Devan,M,13984,10876,3108
Devanand,M,5,5,0
Devanee,F,11,0,11
Devani,F,74,0,74
Devanie,F,48,0,48
Devanny,F,73,0,73
Devansh,M,136,136,0
Devanta,M,13,13,0
Devante,M,6579,6579,0
Devany,F,403,0,403
Devaughn,M,874,874,0
Devaun,M,5,5,0
Devean,M,99,99,0
Devell,M,10,10,0
Deven,M,8090,7912,178
Devendra,M,5,5,0
Deveon,M,59,59,0
Devera,F,10,0,10
Devere,M,72,72,0
Devesh,M,11,11,0
Devi,F,55,0,55
Devika,F,53,0,53
Devin,M,163461,148664,14797
Devina,F,343,0,343
Devindra,M,5,5,0
Devine,F,281,143,138
Deviny,F,5,0,5
Devion,M,732,732,0
Devlin,M,1024,1024,0
Devoiry,F,57,0,57
Devon,M,84344,67403,16941
Devona,F,386,0,386
Devonda,F,5,0,5
Devondre,M,11,11,0
Devone,M,77,77,0
Devonn,M,7,7,0
Devonna,F,122,0,122
Devonne,F,62,30,32
Devonta,M,2092,2092,0
Devontae,M,1528,1528,0
Devontay,M,145,145,0
Devonte,M,9586,9586,0
Devontre,M,5,5,0
Devora,F,1241,0,1241
Devorah,F,2654,0,2654
Devoris,M,5,5,0
Devory,F,53,0,53
Devra,F,45,0,45
Devron,M,56,56,0
Devyn,F,10432,4506,5926
Devyne,M,5,5,0
Devynn,F,162,0,162
Dewain,M,11,11,0
Dewaine,M,5,5,0
Dewan,M,5,5,0
Dewana,F,6,0,6
Dewanda,F,46,0,46
Dewanna,F,120,0,120
Deward,M,264,264,0
Dewayne,M,22261,22261,0
Dewell,M,15,15,0
Dewey,M,26811,26806,5
Dewie,M,5,5,0
Dewin,M,5,5,0
Dewitt,M,3186,3186,0
Dex,M,18,18,0
Dexter,M,27824,27818,6
Dexton,M,5,5,0
Deyanara,F,6,0,6
Deyanira,F,1171,0,1171
Deyla,F,11,0,11
Deyna,F,5,0,5
Deyonta,M,10,10,0
Deyra,F,5,0,5
Deysi,F,721,0,721
Deysy,F,55,0,55
Dez,M,56,56,0
Dezarae,F,285,0,285
Dezaray,F,151,0,151
Dezaree,F,5,0,5
Dezerae,F,29,0,29
Dezeray,F,40,0,40
Dezhane,F,5,0,5
Dezhon,M,5,5,0
Dezi,F,21,11,10
Deziah,F,5,0,5
Dezirae,F,607,0,607
Deziray,F,32,0,32
Dezire,F,105,0,105
Deziree,F,466,0,466
Deziyah,F,20,0,20
Dezmen,M,5,5,0
Dezmon,M,68,68,0
Dezmond,M,1200,1200,0
Dezzie,F,15,0,15
Dhairya,M,5,5,0
Dhalia,F,35,0,35
Dhamar,F,5,0,5
Dhana,F,24,0,24
Dhani,M,26,26,0
Dhanya,F,6,0,6
Dhara,F,74,0,74
Dharma,F,91,0,91
Dhilan,M,26,26,0
Dhillon,M,10,10,0
Dhiya,F,10,0,10
Dhriti,F,78,0,78
Dhruv,M,2093,2093,0
Dhruva,M,65,65,0
Dhruvi,F,10,0,10
Dhwani,F,5,0,5
Dhyan,M,19,19,0
Dia,F,311,0,311
Diago,M,18,18,0
Diahann,F,94,0,94
Diala,F,6,0,6
Diallo,M,133,133,0
Diamante,M,78,73,5
Diamantina,F,518,0,518
Diamon,F,42,0,42
Diamond,F,31429,657,30772
Diamonique,F,252,0,252
Diamonte,M,52,52,0
Dian,F,2778,0,2778
Diana,F,354992,377,354615
Diandra,F,885,0,885
Diandre,M,22,22,0
Diane,F,515215,209,515006
Dianelly,F,8,0,8
Dianely,F,5,0,5
Dianelys,F,10,0,10
Dianey,F,16,0,16
Diangelo,M,48,48,0
Diania,F,7,0,7
Diann,F,9935,0,9935
Dianna,F,52091,0,52091
Dianne,F,92338,0,92338
Diannia,F,10,0,10
Diannie,F,10,0,10
Diante,M,349,349,0
Diara,F,24,0,24
Diarra,F,10,5,5
Diasia,F,15,0,15
Diasy,F,10,0,10
Diavian,F,36,0,36
Diavion,F,5,0,5
Dicie,F,105,0,105
Dick,M,25448,25448,0
Dickey,M,118,118,0
Dickie,M,2390,2379,11
Dickson,M,21,21,0
Dicky,M,117,117,0
Didier,M,254,254,0
Diedra,F,452,0,452
Diedre,F,342,0,342
Diego,M,101721,101687,34
Diem,F,70,0,70
Dierdra,F,5,0,5
Dierdre,F,158,0,158
Dierks,M,5,5,0
Dierra,F,19,0,19
Dierre,M,6,6,0
Diesel,M,683,683,0
Dieter,M,117,117,0
Dietra,F,49,0,49
Dietrich,M,139,139,0
Digna,F,105,0,105
Dijon,M,488,488,0
Dilan,M,2437,2437,0
Dilara,F,17,0,17
Dilcia,F,6,0,6
Dilia,F,20,0,20
Dillan,M,4930,4915,15
Dillard,M,1571,1571,0
Dillen,M,40,40,0
Dillian,M,22,22,0
Dillin,M,7,7,0
Dillinger,M,65,65,0
Dillion,M,2021,2021,0
Dillon,M,60545,60470,75
Dilon,M,15,15,0
Dilpreet,U,22,15,7
Dilraj,M,7,7,0
Dilynn,F,24,0,24
Dim,F,16,0,16
Dimas,M,689,689,0
Dimitra,F,143,0,143
Dimitri,M,5252,5242,10
Dimitria,F,5,0,5
Dimitrios,M,1102,1102,0
Dimitris,M,22,22,0
Dimitrius,M,72,72,0
Dimitry,M,50,50,0
Dimond,F,11,0,11
Dimple,F,1033,0,1033
Dina,F,26418,0,26418
Dinah,F,6095,0,6095
Dinamarie,F,10,0,10
Dinari,M,6,6,0
Dineen,F,124,0,124
Dinesh,M,5,5,0
Dinh,M,5,5,0
Dino,M,5799,5799,0
Dinora,F,260,0,260
Dinorah,F,148,0,148
Diogenes,M,26,26,0
Diogo,M,157,157,0
Dion,M,14074,13979,95
Diona,F,139,0,139
Diondra,F,37,0,37
Diondre,M,282,282,0
Dione,F,798,5,793
Dionicia,F,76,0,76
Dionicio,M,1193,1193,0
Dionis,M,7,7,0
Dionisia,F,25,0,25
Dionisio,M,232,232,0
Dionna,F,1611,0,1611
Dionne,F,7360,5,7355
Dionta,M,33,33,0
Diontae,M,78,78,0
Diontay,M,5,5,0
Dionte,M,1661,1661,0
Diony,M,6,6,0
Dior,F,1417,180,1237
Dioselina,F,10,0,10
Diquan,M,149,149,0
Dirk,M,7144,7144,0
Diron,M,22,22,0
Disa,F,5,0,5
Disaya,F,5,0,5
Disha,F,133,0,133
Dishawn,M,5,5,0
Dishon,M,5,5,0
Diva,F,23,0,23
Divante,M,6,6,0
Divina,F,319,0,319
Divine,F,1234,527,707
Divinity,F,104,0,104
Divit,M,11,11,0
Divya,F,1277,0,1277
Dixie,F,37555,11,37544
Dixon,M,231,231,0
Diya,F,3290,0,3290
Diyor,M,7,7,0
Diyora,F,18,0,18
Dj,M,10,10,0
Django,M,26,26,0
Djavan,M,5,5,0
Djeneba,F,20,0,20
Djibril,M,29,29,0
Djimon,M,37,37,0
Djuan,M,184,184,0
Djuana,F,206,0,206
Djuna,F,158,0,158
Dlaney,F,5,0,5
Dlisa,F,5,0,5
Dmarco,M,32,32,0
Dmarcus,M,191,191,0
Dmari,M,48,48,0
Dmario,M,11,11,0
Dmarion,M,129,129,0
Dmitri,M,380,380,0
Dmitriy,M,126,126,0
Dmitry,M,49,49,0
Dmonte,M,5,5,0
Dmorea,M,10,10,0
Dniyah,F,10,0,10
Dnyla,F,5,0,5
Doak,M,5,5,0
Doba,F,6,0,6
Doc,M,57,57,0
Docia,F,34,0,34
Dock,M,2294,2294,0
Doctor,M,35,35,0
Dodd,M,10,10,0
Dodge,M,15,15,0
Dodger,M,5,5,0
Dodi,F,22,0,22
Dodie,F,283,0,283
Dody,F,15,0,15
Doha,F,6,0,6
Doil,M,5,5,0
Dois,M,5,5,0
Dola,F,10,0,10
Dolan,M,60,60,0
Dollie,F,12109,0,12109
Dolly,F,13687,0,13687
Dolores,F,206629,565,206064
Dolorez,F,5,0,5
Doloris,F,562,0,562
Dolph,M,6,6,0
Dolphus,M,101,101,0
Dom,M,16,16,0
Domani,M,51,51,0
Domanic,M,163,163,0
Domanick,M,74,74,0
Domanique,F,21,5,16
Domenic,M,8003,8003,0
Domenica,F,1726,0,1726
Domenick,M,3445,3445,0
Domenico,M,1749,1749,0
Domenik,M,5,5,0
Domenique,F,96,0,96
Domer,M,5,5,0
Dominador,M,5,5,0
Dominga,F,2768,5,2763
Domingo,M,10822,10806,16
Domingos,M,17,17,0
Domingue,F,5,0,5
Dominic,M,159360,159109,251
Dominica,F,485,0,485
Dominick,M,58610,58605,5
Dominico,M,5,5,0
Dominigue,F,20,0,20
Dominik,M,6807,6802,5
Dominika,F,102,0,102
Dominiqu,F,15,0,15
Dominiqua,F,5,0,5
Dominique,F,67812,20198,47614
Dominque,F,3807,1204,2603
Dominyk,M,5,5,0
Domitila,F,109,0,109
Domnick,M,23,23,0
Domonic,M,728,728,0
Domonick,M,47,47,0
Domonique,F,4449,718,3731
Don,M,161701,161680,21
Dona,F,13675,0,13675
Donabelle,F,7,0,7
Donaciana,F,5,0,5
Donaciano,M,134,134,0
Donal,M,946,946,0
Donald,M,1405379,1403308,2071
Donaldo,M,36,36,0
Donalee,F,12,0,12
Donasia,F,7,0,7
Donat,M,58,58,0
Donata,F,17,0,17
Donatella,F,10,0,10
Donatello,M,40,40,0
Donathan,M,5,5,0
Donato,M,1296,1296,0
Donavan,M,4688,4688,0
Donaven,M,281,281,0
Donavin,M,850,850,0
Donavon,M,1940,1940,0
Donavyn,M,44,44,0
Dondi,M,114,97,17
Dondra,F,37,0,37
Dondre,M,708,708,0
Doneisha,F,22,0,22
Donelda,F,103,0,103
Donell,M,1926,1908,18
Donella,F,68,0,68
Donelle,F,93,10,83
Donesha,F,40,0,40
Donetta,F,268,0,268
Donette,F,67,0,67
Dong,M,59,59,0
Doni,F,39,0,39
Donia,F,56,0,56
Donica,F,41,0,41
Donice,F,10,0,10
Donie,F,17,0,17
Donielle,F,632,0,632
Donika,F,5,0,5
Donis,F,18,0,18
Donisha,F,354,0,354
Donita,F,2377,0,2377
Donivan,M,41,41,0
Donley,M,5,5,0
Donn,M,3636,3636,0
Donna,F,827109,353,826756
Donnabelle,F,177,0,177
Donnajean,F,22,0,22
Donnald,M,5,5,0
Donnalee,F,125,0,125
Donnamae,F,70,0,70
Donnamarie,F,606,0,606
Donnel,M,18,18,0
Donnell,M,10875,10831,44
Donnetta,F,118,0,118
Donnette,F,81,0,81
Donnia,F,10,0,10
Donnie,M,60372,56279,4093
Donnis,F,133,25,108
Donnisha,F,35,0,35
Donnita,F,20,0,20
Donnovan,M,52,52,0
Donny,M,9114,9114,0
Donold,M,6,6,0
Donovan,M,51510,51510,0
Donoven,M,5,5,0
Donovin,M,123,123,0
Donovon,M,5,5,0
Donta,M,1969,1969,0
Dontae,M,3621,3621,0
Dontarius,M,32,32,0
Dontavious,M,1196,1196,0
Dontavis,M,50,50,0
Dontavius,M,441,441,0
Dontay,M,733,733,0
Dontaye,M,5,5,0
Donte,M,13029,13029,0
Donterrius,M,5,5,0
Dontez,M,296,296,0
Dontravious,M,25,25,0
Dontre,M,10,10,0
Dontreal,M,6,6,0
Dontrell,M,1189,1189,0
Dontrez,M,7,7,0
Donya,F,558,0,558
Donyae,M,15,15,0
Donyale,F,80,0,80
Donyell,M,15,15,0
Donyelle,F,16,0,16
Donzel,M,5,5,0
Donzell,M,89,82,7
Donzella,F,21,0,21
Dora,F,77094,16,77078
Dorace,F,6,0,6
Doran,M,165,165,0
Dorance,M,6,6,0
Dorathea,F,36,0,36
Dorathy,F,285,0,285
Dorca,F,10,0,10
Dorcas,F,2535,0,2535
Dore,F,5,0,5
Doreatha,F,220,0,220
Doree,F,33,0,33
Doreen,F,42492,0,42492
Doreena,F,5,0,5
Doreene,F,5,0,5
Dorelia,F,5,0,5
Dorena,F,20,0,20
Dorenda,F,10,0,10
Dorene,F,4726,0,4726
Doretha,F,6241,0,6241
Dorethea,F,76,0,76
Doretta,F,422,0,422
Dori,F,2491,0,2491
Doria,F,76,0,76
Dorian,M,18852,17035,1817
Doriann,F,10,0,10
Dorianne,F,27,0,27
Dorice,F,21,0,21
Dorie,F,266,0,266
Dorien,M,305,305,0
Dorina,F,113,0,113
Dorinda,F,2087,0,2087
Dorine,F,574,0,574
Dorion,M,10,10,0
Doris,F,449594,1291,448303
Dorise,F,5,0,5
Dorismar,F,20,0,20
Doristine,F,15,0,15
Dorita,F,27,0,27
Dorla,F,276,0,276
Dorma,F,91,0,91
Dorman,M,370,370,0
Doron,M,49,49,0
Dorota,F,5,0,5
Dorotea,F,28,0,28
Doroteo,M,303,303,0
Dorotha,F,2976,0,2976
Dorothe,F,62,0,62
Dorothea,F,26627,0,26627
Dorothee,F,6,0,6
Dorothey,F,43,0,43
Dorothie,F,54,0,54
Dorothy,F,1054198,1306,1052892
Dorothyann,F,6,0,6
Dorr,M,12,12,0
Dorrace,F,24,0,24
Dorraine,F,27,0,27
Dorrance,M,5,5,0
Dorri,F,5,0,5
Dorrie,F,108,0,108
Dorris,F,5595,798,4797
Dorsa,F,10,0,10
Dorse,M,12,12,0
Dorsel,M,15,15,0
Dorsey,M,2089,2068,21
Dorsie,F,41,20,21
Dortha,F,4716,0,4716
Dorthea,F,277,0,277
Dorthey,F,275,0,275
Dorthie,F,13,0,13
Dorthy,F,16751,0,16751
Dorwin,M,23,23,0
Dory,F,58,0,58
Dosha,F,11,0,11
Doshia,F,58,0,58
Doshie,F,38,0,38
Dossie,F,20,10,10
Dot,F,167,0,167
Dottie,F,5346,0,5346
Dotty,F,216,0,216
Doua,U,16,11,5
Doug,M,19922,19922,0
Douglas,M,554269,554190,79
Douglass,M,1975,1975,0
Dov,M,1986,1986,0
Dovber,M,15,15,0
Dove,F,11,0,11
Dover,M,6,6,0
Dovid,M,1787,1787,0
Dovie,F,4363,0,4363
Dow,M,5,5,0
Doy,M,105,105,0
Doyal,M,216,216,0
Doyce,M,321,308,13
Doyel,M,5,5,0
Doyle,M,26665,26665,0
Doylene,F,5,0,5
Doyne,M,151,151,0
Doyt,M,5,5,0
Dozier,M,36,36,0
Dquan,M,11,11,0
Draco,M,57,57,0
Draden,M,5,5,0
Dragan,M,22,22,0
Dragon,M,21,21,0
Draiden,M,5,5,0
Draizy,F,25,0,25
Drake,M,30619,30619,0
Draper,M,41,41,0
Draven,M,5117,5117,0
Dravin,M,15,15,0
Draxie,F,24,0,24
Draxler,M,5,5,0
Draya,F,185,0,185
Drayden,M,720,720,0
Drayke,M,11,11,0
Draylon,M,43,43,0
Drayson,M,5,5,0
Drayton,M,351,351,0
Drayven,M,6,6,0
Dre,M,54,54,0
Drea,F,83,0,83
Dream,F,824,6,818
Dreama,F,1765,0,1765
Dreanna,F,5,0,5
Dreddy,M,7,7,0
Drelon,M,5,5,0
Drelyn,M,5,5,0
Drelynn,M,5,5,0
Drema,F,1822,0,1822
Drena,F,25,0,25
Drenda,F,61,0,61
Drequan,M,78,78,0
Dresden,M,183,183,0
Dreshawn,M,32,32,0
Drevon,M,45,45,0
Drew,M,75324,70690,4634
Drexel,M,11,11,0
Dreya,F,5,0,5
Dreyden,M,19,19,0
Drina,F,10,0,10
Drinda,F,5,0,5
Drita,F,10,0,10
Dru,U,516,351,165
Drucilla,F,722,0,722
Drue,M,33,33,0
Drusilla,F,314,0,314
Dryden,M,16,16,0
Dshawn,M,10,10,0
Dua,F,111,0,111
Duaa,F,85,0,85
Duaine,M,64,64,0
Duan,M,11,11,0
Duane,M,110879,110864,15
Duard,M,28,28,0
Dub,M,5,5,0
Dublin,M,27,27,0
Duc,M,96,96,0
Dudley,M,6976,6976,0
Duff,M,12,12,0
Duffy,M,5,5,0
Duglas,M,5,5,0
Duilio,M,5,5,0
Dujuan,M,256,256,0
Duke,M,3849,3849,0
Dulce,F,15912,0,15912
Dulcemaria,F,255,0,255
Dulcey,F,5,0,5
Dulcie,F,39,0,39
Dulcinea,F,26,0,26
Dulse,F,65,0,65
Duncan,M,13886,13886,0
Dung,U,253,166,87
Dunia,F,45,0,45
Dunte,M,6,6,0
Dunya,F,34,0,34
Duong,M,12,12,0
Dupree,M,102,102,0
Duquan,M,10,10,0
Dura,F,29,0,29
Duran,M,163,163,0
Durand,M,10,10,0
Durant,M,6,6,0
Durante,M,10,10,0
Durell,M,325,325,0
Duriel,M,11,11,0
Duron,M,15,15,0
Durrell,M,411,411,0
Durward,M,719,719,0
Durwin,M,5,5,0
Durwood,M,1003,1003,0
Dushawn,M,20,20,0
Dustan,M,199,199,0
Dusten,M,180,180,0
Dusti,F,378,0,378
Dustie,F,84,0,84
Dustin,M,203727,203369,358
Duston,M,149,149,0
Dusty,M,9182,7088,2094
Dustyn,M,685,685,0
Dutch,M,123,123,0
Duval,M,34,34,0
Duvan,M,12,12,0
Duvid,M,140,140,0
Duward,M,10,10,0
Duwayne,M,1412,1412,0
Duy,M,280,280,0
Duyen,F,10,0,10
Dvante,M,11,11,0
Dvid,M,5,5,0
Dvonte,M,45,45,0
Dvora,F,35,0,35
Dwain,M,3785,3785,0
Dwaine,M,1277,1277,0
Dwan,F,298,86,212
Dwana,F,125,0,125
Dwanda,F,11,0,11
Dwane,M,606,606,0
Dwanna,F,15,0,15
Dwayne,M,71856,71856,0
Dwight,M,73152,73152,0
Dwyane,M,172,172,0
Dyami,M,5,5,0
Dyamond,F,339,0,339
Dyan,F,548,0,548
Dyana,F,440,0,440
Dyanara,F,5,0,5
Dyane,F,5,0,5
Dyani,F,280,0,280
Dyann,F,63,0,63
Dyanna,F,320,0,320
Dyanne,F,59,0,59
Dylan,M,370175,360027,10148
Dyland,M,347,347,0
Dylann,F,171,57,114
Dylen,M,122,122,0
Dylin,M,25,25,0
Dyllan,M,1639,1624,15
Dyllon,M,277,277,0
Dylon,M,2539,2539,0
Dymere,M,10,10,0
Dymir,M,37,37,0
Dymon,F,21,0,21
Dymond,F,849,0,849
Dynasia,F,6,0,6
Dynasti,F,5,0,5
Dynasty,F,863,0,863
Dynesha,F,10,0,10
Dynisha,F,7,0,7
Dyquan,M,26,26,0
Dyrell,M,6,6,0
Dyron,M,5,5,0
Dyson,M,301,301,0
Eagan,M,5,5,0
Eames,M,5,5,0
Eamon,M,1981,1981,0
Eamonn,M,199,199,0
Ean,M,3356,3356,0
Earl,M,263949,263721,228
Earla,F,67,0,67
Earland,M,7,7,0
Earle,M,6378,6373,5
Earlean,F,1477,0,1477
Earlee,F,11,0,11
Earleen,F,121,0,121
Earlene,F,10990,0,10990
Earley,M,15,15,0
Earlie,U,1405,1020,385
Earline,F,13905,0,13905
Earlis,M,5,5,0
Earlisha,F,5,0,5
Early,M,1846,1841,5
Earma,F,90,0,90
Earnest,M,50466,50389,77
Earnesteen,F,20,0,20
Earnestine,F,14228,0,14228
Earnie,M,81,71,10
Earnstine,F,11,0,11
Earsie,F,5,0,5
Eartha,F,1620,0,1620
Earthalee,F,10,0,10
Earther,F,16,0,16
Earvin,M,88,88,0
Eashan,M,5,5,0
Easley,M,5,5,0
Eason,M,915,915,0
Easten,M,37,37,0
Easter,F,2801,0,2801
Eastin,M,21,21,0
Easton,M,44218,44135,83
Eastyn,U,167,120,47
Eathan,M,200,200,0
Eathel,F,42,0,42
Eathen,M,16,16,0
Eather,F,39,0,39
Eavan,F,5,0,5
Ebba,F,21,0,21
Ebbie,U,15,10,5
Ebelia,F,5,0,5
Ebelin,F,71,0,71
Ebelina,F,7,0,7
Eben,M,573,573,0
Ebenezer,M,111,111,0
Eber,M,270,270,0
Eberardo,M,107,107,0
Ebert,M,6,6,0
Ebin,M,15,15,0
Ebon,M,6,6,0
Ebone,F,399,0,399
Ebonee,F,562,0,562
Eboney,F,81,0,81
Eboni,F,4986,0,4986
Ebonie,F,1366,0,1366
Ebonique,F,17,0,17
Ebony,F,36963,60,36903
Ebrahim,M,60,60,0
Ebrima,M,11,11,0
Ebubechukwu,M,11,11,0
Echo,F,882,0,882
Ector,M,252,252,0
Ed,M,15451,15451,0
Eda,F,771,0,771
Edahi,M,6,6,0
Edan,M,375,375,0
Edd,M,2432,2432,0
Edda,F,30,0,30
Edder,M,75,75,0
Eddie,M,211165,198961,12204
Eddison,M,17,17,0
Eddrick,M,5,5,0
Eddy,M,8469,8469,0
Eddye,F,5,0,5
Edel,M,44,44,0
Edelia,F,7,0,7
Edeline,F,21,0,21
Edell,F,34,5,29
Edelmira,F,290,0,290
Edelmiro,M,242,242,0
Edelyn,F,36,0,36
Edelynn,F,7,0,7
Eden,F,34503,4347,30156
Eder,M,1680,1680,0
Edgar,M,139059,138934,125
Edgard,M,555,555,0
Edgardo,M,4409,4409,0
Edgel,M,7,7,0
Edgerrin,M,5,5,0
Edi,M,20,20,0
Edia,F,17,0,17
Ediberto,M,24,24,0
Edica,F,5,0,5
Edid,F,5,0,5
Edie,F,1780,0,1780
Ediel,M,70,70,0
Edilberto,M,191,191,0
Edilia,F,6,0,6
Edilson,M,5,5,0
Edin,M,274,274,0
Edina,F,23,0,23
Edison,M,5353,5353,0
Edit,F,34,0,34
Edith,F,213387,7,213380
Editha,F,5,0,5
Edlin,F,179,5,174
Edlyn,F,114,0,114
Edmae,F,17,0,17
Edmar,M,5,5,0
Edmon,M,53,53,0
Edmond,M,17980,17980,0
Edmonia,F,146,0,146
Edmund,M,42783,42783,0
Edmundo,M,2172,2172,0
Edna,F,226083,15,226068
Ednamae,F,5,0,5
Edner,M,5,5,0
Ednita,F,5,0,5
Edoardo,M,5,5,0
Edolia,F,5,0,5
Edon,M,17,17,0
Edona,F,33,0,33
Edouard,M,16,16,0
Edra,F,90,0,90
Edrees,M,5,5,0
Edrei,M,5,5,0
Edric,M,192,192,0
Edrick,M,262,262,0
Edrik,M,5,5,0
Edris,F,12,6,6
Edsel,M,1668,1668,0
Edson,M,1517,1517,0
Edu,M,13,13,0
Eduar,M,5,5,0
Eduard,M,303,303,0
Eduarda,F,33,0,33
Eduardo,M,100279,100086,193
Eduardoluis,M,5,5,0
Edurdo,M,5,5,0
Eduviges,F,5,0,5
Eduvina,F,13,0,13
Edvardo,M,54,54,0
Edvin,M,188,188,0
Edwar,M,6,6,0
Edward,M,1220460,1218741,1719
Edwardjames,M,5,5,0
Edwardo,M,4822,4822,0
Edwena,F,6,0,6
Edwin,M,228124,228026,98
Edwina,F,10803,0,10803
Edwing,M,20,20,0
Edwyn,M,86,86,0
Edy,M,67,67,0
Edyn,F,103,0,103
Edyth,F,265,0,265
Edythe,F,8454,0,8454
Eero,M,8,8,0
Eesa,M,136,136,0
Eesha,F,273,0,273
Eeshan,M,7,7,0
Eevee,F,29,0,29
Efe,M,30,30,0
Effie,F,21162,0,21162
Efraim,M,911,911,0
Efrain,M,15276,15276,0
Efrat,F,10,0,10
Efrayim,M,5,5,0
Efrem,M,407,407,0
Efren,M,5788,5788,0
Efstathios,M,5,5,0
Eftihia,F,5,0,5
Efton,M,5,5,0
Egan,M,69,69,0
Egbert,M,90,90,0
Ege,M,7,7,0
Egidio,M,5,5,0
Egla,F,5,0,5
Egon,M,5,5,0
Egor,M,5,5,0
Egypt,F,1754,68,1686
Eh,U,118,80,38
Ehab,M,6,6,0
Ehan,M,72,72,0
Ehren,M,118,118,0
Ehsan,M,24,24,0
Eian,M,569,569,0
Eichi,M,6,6,0
Eidan,M,71,71,0
Eiden,M,201,201,0
Eiji,M,5,5,0
Eiko,F,79,0,79
Eila,F,197,0,197
Eileen,F,180337,20,180317
Eileene,F,26,0,26
Eilene,F,264,0,264
Eiley,F,5,0,5
Eiliana,F,5,0,5
Eilish,F,15,0,15
Eiliyah,F,10,0,10
Eilleen,F,10,0,10
Eily,F,6,0,6
Eilyn,F,5,0,5
Eimy,F,154,0,154
Einar,M,191,191,0
Einer,M,11,11,0
Eino,M,384,384,0
Eion,M,15,15,0
Eira,F,26,0,26
Eirik,M,5,5,0
Eisa,M,20,20,0
Eisen,M,7,7,0
Eisley,F,859,0,859
Eitan,M,1024,1024,0
Eithan,M,418,418,0
Eithel,F,6,0,6
Eithen,M,16,16,0
Eito,M,5,5,0
Eivin,M,45,45,0
Eiza,F,468,0,468
Ej,M,10,10,0
Ekam,U,180,122,58
Ekaterina,F,159,0,159
Ekaterini,F,28,0,28
Ekin,M,22,22,0
Eknoor,F,27,0,27
Ekta,F,7,0,7
El,M,10,10,0
Ela,F,676,0,676
Elad,M,26,26,0
Eladio,M,719,719,0
Elah,F,29,0,29
Elai,M,5,5,0
Elaina,F,19622,0,19622
Elaine,F,253470,0,253470
Elam,M,1098,1098,0
Elan,M,1559,1489,70
Elana,F,4911,0,4911
Elane,F,10,0,10
Elani,F,341,0,341
Elanie,F,111,0,111
Elanna,F,5,0,5
Elanor,F,38,0,38
Elantra,F,18,0,18
Elany,F,17,0,17
Elara,F,70,0,70
Elaura,F,5,0,5
Elaya,F,6,0,6
Elayna,F,2142,0,2142
Elaynah,F,6,0,6
Elayne,F,1555,0,1555
Elazar,M,220,220,0
Elba,F,1579,0,1579
Elber,M,5,5,0
Elbert,M,26968,26968,0
Elberta,F,93,0,93
Elbia,F,11,0,11
Elbin,M,6,6,0
Elbira,F,10,0,10
Elbridge,M,10,10,0
Elby,M,5,5,0
Elchanan,M,10,10,0
Elchonon,M,119,119,0
Elda,F,4913,0,4913
Eldana,F,111,0,111
Elden,M,1905,1905,0
Elder,M,382,382,0
Eldie,M,5,5,0
Eldin,M,50,50,0
Eldine,F,5,0,5
Eldo,M,50,50,0
Eldon,M,20469,20469,0
Eldor,M,94,94,0
Eldora,F,1344,0,1344
Eldred,M,860,845,15
Eldredge,M,5,5,0
Eldrick,M,5,5,0
Eldridge,M,1984,1984,0
Elea,F,5,0,5
Eleah,F,6,0,6
Eleana,F,332,0,332
Eleanna,F,5,0,5
Eleanor,F,263153,70,263083
Eleanora,F,2580,0,2580
Eleanore,F,13716,0,13716
Elease,F,1773,0,1773
Eleazar,M,3232,3232,0
Elecia,F,5,0,5
Electa,F,15,0,15
Electra,F,20,0,20
Eleen,F,23,0,23
Eleena,F,39,0,39
Eleftheria,F,5,0,5
Eleftherios,M,5,5,0
Eleina,F,45,0,45
Elek,M,5,5,0
Elektra,F,116,0,116
Elen,F,26,0,26
Elena,F,69099,12,69087
Elene,F,54,0,54
Eleni,F,3327,0,3327
Elenna,F,5,0,5
Eleno,M,171,171,0
Elenoa,F,5,0,5
Elenor,F,232,0,232
Elenora,F,744,0,744
Elenore,F,446,0,446
Eleny,F,53,0,53
Eleonor,F,12,0,12
Eleonora,F,77,0,77
Eleonore,F,185,0,185
Eleora,F,5,0,5
Elese,F,18,0,18
Elesha,F,5,0,5
Eleuterio,M,216,216,0
Elex,M,5,5,0
Elexa,F,83,0,83
Elexia,F,54,0,54
Elexis,F,1290,0,1290
Elexus,F,501,0,501
Eleyna,F,85,0,85
Elfego,M,11,11,0
Elfida,F,86,0,86
Elfreda,F,16,0,16
Elfrida,F,8,0,8
Elfrieda,F,223,0,223
Elfriede,F,66,0,66
Elga,F,5,0,5
Elgie,F,78,17,61
Elgin,M,734,734,0
Elhadj,M,5,5,0
Elhadji,M,15,15,0
Eli,M,109169,109057,112
Elia,F,4442,43,4399
Eliab,M,107,107,0
Eliabeth,F,5,0,5
Eliah,M,185,150,35
Eliam,M,394,394,0
Elian,M,4447,4442,5
Eliana,F,34125,5,34120
Elianah,F,98,0,98
Eliane,F,20,0,20
Eliani,F,5,0,5
Elianna,F,4769,0,4769
Eliannah,F,15,0,15
Elianny,F,177,0,177
Eliany,F,68,0,68
Elianys,F,6,0,6
Elias,M,70528,70528,0
Eliasar,M,52,52,0
Eliav,M,5,5,0
Eliaz,M,56,56,0
Eliazar,M,1104,1104,0
Eliazer,M,11,11,0
Eliberto,M,128,128,0
Eliceo,M,29,29,0
Elicia,F,1452,0,1452
Elida,F,5698,0,5698
Elide,F,67,0,67
Elideth,F,6,0,6
Elidia,F,399,0,399
Elie,M,705,699,6
Eliel,M,1339,1339,0
Elienai,F,64,0,64
Elier,M,54,54,0
Eliette,F,36,0,36
Eliezer,M,5061,5061,0
Elif,F,278,0,278
Eliga,M,22,22,0
Eligah,M,363,363,0
Elige,M,40,40,0
Eligh,M,269,269,0
Eligha,M,10,10,0
Eligio,M,558,558,0
Elih,M,15,15,0
Elihu,M,132,132,0
Elija,M,113,113,0
Elijah,M,276795,276624,171
Elijahjames,M,5,5,0
Elijha,M,53,53,0
Elijiah,M,176,176,0
Elijio,M,189,189,0
Elika,F,40,0,40
Elimelech,M,698,698,0
Elin,F,2445,0,2445
Elina,F,2217,0,2217
Elinor,F,14846,0,14846
Elinore,F,949,0,949
Elio,M,727,727,0
Eliodoro,M,45,45,0
Eliora,F,153,0,153
Eliot,M,3508,3502,6
Eliott,M,292,292,0
Elis,F,6,0,6
Elisa,F,37604,6,37598
Elisabel,F,6,0,6
Elisabet,F,580,0,580
Elisabeth,F,39192,7,39185
Elisabetta,F,11,0,11
Elisandro,M,32,32,0
Elisaul,M,15,15,0
Elise,F,58594,5,58589
Elisea,F,5,0,5
Eliseo,M,6816,6816,0
Eliset,F,5,0,5
Elisha,F,19098,8459,10639
Elisheva,F,1209,0,1209
Elishia,F,32,0,32
Elisia,F,313,0,313
Eliska,F,16,0,16
Elissa,F,12709,0,12709
Elisse,F,27,0,27
Elita,F,5,0,5
Eliu,M,73,73,0
Eliud,M,731,731,0
Eliverto,M,5,5,0
Eliya,F,72,0,72
Eliyah,F,267,46,221
Eliyahu,M,1951,1951,0
Eliyana,F,24,0,24
Eliyanah,F,77,0,77
Eliyas,M,5,5,0
Eliyohu,M,26,26,0
Eliza,F,39330,0,39330
Elizabe,F,5,0,5
Elizabella,F,79,0,79
Elizabet,F,939,0,939
Elizabeth,F,1530648,1634,1529014
Elizah,F,98,0,98
Elizandro,M,49,49,0
Elizar,M,7,7,0
Elizaveta,F,81,0,81
Elizbeth,F,10,0,10
Elize,F,40,0,40
Elizebeth,F,608,0,608
Elizeth,F,20,0,20
Elka,F,165,0,165
Elke,F,249,0,249
Elkin,M,10,10,0
Elky,F,107,0,107
Ella,F,247885,27,247858
Ellagrace,F,22,0,22
Ellah,F,121,0,121
Ellaina,F,10,0,10
Ellamae,F,164,0,164
Ellamarie,F,12,0,12
Ellana,F,7,0,7
Ellanie,F,17,0,17
Ellanor,F,6,0,6
Ellanore,F,5,0,5
Ellar,F,10,0,10
Ellaree,F,11,0,11
Ellarose,F,37,0,37
Ellasyn,F,37,0,37
Ellayna,F,6,0,6
Elle,F,11704,0,11704
Ellean,F,5,0,5
Elleana,F,10,0,10
Elleanna,F,5,0,5
Elleanor,F,5,0,5
Ellee,F,196,0,196
Elleen,F,5,0,5
Elleigh,F,24,0,24
Ellen,F,249905,33,249872
Ellena,F,299,0,299
Ellene,F,52,0,52
Eller,F,10,0,10
Ellerie,F,11,0,11
Ellery,F,1935,86,1849
Ellesse,F,32,0,32
Elley,F,5,0,5
Elli,F,681,0,681
Ellia,F,316,0,316
Elliana,F,10850,0,10850
Ellianna,F,1830,0,1830
Ellianne,F,6,0,6
Ellice,F,10,0,10
Ellie,F,54564,178,54386
Ellieana,F,32,0,32
Elliemae,F,5,0,5
Ellierose,F,6,0,6
Elliette,F,331,0,331
Ellijah,M,22,22,0
Ellin,F,157,0,157
Ellina,F,6,0,6
Ellington,F,129,14,115
Ellinor,F,11,0,11
Elliot,M,38494,35509,2985
Elliott,M,41459,38703,2756
Elliotte,F,86,0,86
Ellis,M,36381,34399,1982
Ellisa,F,26,0,26
Ellise,F,27,0,27
Ellison,F,2669,325,2344
Ellissa,F,5,0,5
Ellisyn,F,77,0,77
Ellora,F,54,0,54
Elloree,F,5,0,5
Ellory,F,26,0,26
Ellouise,F,47,0,47
Ellowyn,F,6,0,6
Ellsworth,M,4131,4131,0
Ellwood,M,715,715,0
Elly,F,1380,0,1380
Ellyana,F,292,0,292
Ellyanna,F,28,0,28
Ellyn,F,1297,0,1297
Ellyse,F,49,0,49
Ellyson,F,10,0,10
Ellyssa,F,5,0,5
Elma,F,14431,34,14397
Elmar,M,5,5,0
Elmer,M,108386,108081,305
Elmin,M,5,5,0
Elmira,F,1134,0,1134
Elmire,F,16,0,16
Elmo,M,6440,6435,5
Elmon,M,21,21,0
Elmore,M,1415,1415,0
Elmyra,F,15,0,15
Elna,F,1440,0,1440
Elnatan,M,5,5,0
Elnathan,M,33,33,0
Elner,F,5,0,5
Elnor,F,20,0,20
Elnora,F,15230,0,15230
Elnore,F,15,0,15
Elo,M,41,41,0
Eloda,F,10,0,10
Elodia,F,1083,0,1083
Elodie,F,1224,0,1224
Elody,F,5,0,5
Elois,F,996,0,996
Eloisa,F,4486,0,4486
Eloise,F,44822,0,44822
Eloiza,F,11,0,11
Elon,M,410,410,0
Elona,F,5,0,5
Elonda,F,42,0,42
Elonna,F,5,0,5
Elora,F,2181,0,2181
Elouise,F,6701,0,6701
Elowen,F,87,0,87
Elowyn,F,129,0,129
Eloy,M,6238,6238,0
Eloyse,F,5,0,5
Elpidia,F,5,0,5
Elpidio,M,204,204,0
Elray,M,36,36,0
Elridge,M,78,78,0
Elroy,M,3483,3483,0
Elsa,F,20889,0,20889
Elsbeth,F,17,0,17
Else,F,13,0,13
Elsi,F,30,0,30
Elsia,F,5,0,5
Elsie,F,132377,37,132340
Elson,M,46,46,0
Elspeth,F,24,0,24
Elster,M,21,21,0
Elston,M,75,75,0
Elsworth,M,11,11,0
Elsy,F,405,0,405
Elta,F,94,0,94
Elton,M,15317,15312,5
Eluteria,F,33,0,33
Eluterio,M,225,225,0
Eluzer,M,170,170,0
Elva,F,22265,59,22206
Elver,M,12,12,0
Elvera,F,2937,0,2937
Elverna,F,11,0,11
Elves,M,5,5,0
Elvi,F,11,0,11
Elvia,F,5109,0,5109
Elvie,F,677,25,652
Elvin,M,14786,14786,0
Elvina,F,378,0,378
Elvira,F,19933,0,19933
Elvire,F,6,0,6
Elvis,M,12650,12645,5
Elwanda,F,543,0,543
Elward,M,5,5,0
Elwillie,F,20,0,20
Elwin,M,1741,1741,0
Elwood,M,15499,15493,6
Elworth,M,5,5,0
Elwyn,M,809,809,0
Ely,M,1738,1654,84
Elya,M,143,143,0
Elyan,M,12,12,0
Elyana,F,425,0,425
Elyanna,F,149,0,149
Elyas,M,337,337,0
Elyce,F,26,0,26
Elyjah,M,500,500,0
Elyn,F,63,0,63
Elynn,F,16,0,16
Elynor,F,29,0,29
Elyon,M,5,5,0
Elysa,F,258,0,258
Elyse,F,15449,0,15449
Elysha,F,59,0,59
Elysia,F,1470,0,1470
Elyssa,F,4568,0,4568
Elysse,F,124,0,124
Elyssia,F,56,0,56
Elyza,F,185,0,185
Elyzabeth,F,11,0,11
Elza,M,544,534,10
Elzie,M,1574,1535,39
Elzina,F,7,0,7
Elzora,F,16,0,16
Elzy,M,5,5,0
Ema,F,1684,0,1684
Emaan,F,370,0,370
Emad,M,61,61,0
Emagene,F,6,0,6
Emalee,F,1742,0,1742
Emaleigh,F,125,0,125
Emalie,F,183,0,183
Emaline,F,68,0,68
Emaly,F,40,0,40
Emalyn,F,617,0,617
Emalynn,F,132,0,132
Eman,F,797,5,792
Emani,F,3689,7,3682
Emanie,F,10,0,10
Emanual,M,6,6,0
Emanuel,M,44342,44332,10
Emanuela,F,21,0,21
Emanuele,M,26,26,0
Emanuella,F,5,0,5
Emanuelly,F,17,0,17
Emari,F,250,106,144
Emarie,F,275,0,275
Emarion,M,45,45,0
Emarosa,F,5,0,5
Emaya,F,6,0,6
Ember,F,6614,0,6614
Emberlee,F,149,0,149
Emberleigh,F,20,0,20
Emberley,F,5,0,5
Emberly,F,727,0,727
Emberlyn,F,256,0,256
Emberlynn,F,321,0,321
Embree,F,18,0,18
Embry,F,97,15,82
Emeal,M,10,10,0
Emeka,M,5,5,0
Emelda,F,759,0,759
Emelee,F,5,0,5
Emeli,F,573,0,573
Emelia,F,5454,0,5454
Emelie,F,542,0,542
Emelin,F,270,0,270
Emelina,F,77,0,77
Emeline,F,477,0,477
Emelio,M,10,10,0
Emelly,F,84,0,84
Emely,F,17253,0,17253
Emelyn,F,910,0,910
Emerald,F,4330,0,4330
Emeraude,F,16,0,16
Emeri,F,537,0,537
Emerick,M,11,11,0
Emerie,F,2023,0,2023
Emerine,F,5,0,5
Emerita,F,5,0,5
Emerito,M,5,5,0
Emersen,F,81,0,81
Emerson,F,35465,17229,18236
Emersyn,F,6069,5,6064
Emery,F,28764,10677,18087
Emet,M,6,6,0
Emeterio,M,88,88,0
Emi,F,1307,0,1307
Emidio,M,62,62,0
Emie,F,5,0,5
Emigdio,M,47,47,0
Emiko,F,683,0,683
Emil,M,23085,23085,0
Emilce,F,21,0,21
Emile,M,4607,4600,7
Emilea,F,6,0,6
Emilee,F,20331,7,20324
Emileigh,F,191,0,191
Emiley,F,350,0,350
Emili,F,558,0,558
Emilia,F,27860,0,27860
Emiliana,F,860,0,860
Emilianna,F,5,0,5
Emiliano,M,20325,20325,0
Emilie,F,18321,5,18316
Emilien,M,5,5,0
Emilija,F,23,0,23
Emilio,M,35601,35601,0
Emiliya,F,5,0,5
Emillee,F,11,0,11
Emilliano,M,11,11,0
Emillie,F,22,0,22
Emillio,M,17,17,0
Emilly,F,430,0,430
Emilse,F,9,0,9
Emily,F,825154,342,824812
Emilyann,F,66,0,66
Emilyanne,F,5,0,5
Emilyn,F,261,0,261
Emilynn,F,42,0,42
Emilyrose,F,5,0,5
Emin,M,47,47,0
Emina,F,67,0,67
Emir,M,1355,1355,0
Emira,F,5,0,5
Emireth,F,25,0,25
Emiterio,M,5,5,0
Emitt,M,15,15,0
Emiyah,F,41,0,41
Emma,F,573836,154,573682
Emmaclaire,F,5,0,5
Emmagrace,F,92,0,92
Emmah,F,222,0,222
Emmajean,F,5,0,5
Emmalee,F,6080,0,6080
Emmaleigh,F,872,0,872
Emmalia,F,10,0,10
Emmalie,F,45,0,45
Emmalin,F,141,0,141
Emmalina,F,124,0,124
Emmaline,F,2734,0,2734
Emmaly,F,66,0,66
Emmalyn,F,4917,0,4917
Emmalynn,F,2205,0,2205
Emmalynne,F,6,0,6
Emmamarie,F,11,0,11
Emmanuel,M,70022,70011,11
Emmanuela,F,137,0,137
Emmanuella,F,314,0,314
Emmanuelle,F,342,11,331
Emmarae,F,10,0,10
Emmarie,F,571,0,571
Emmarose,F,167,0,167
Emme,F,1491,0,1491
Emmelia,F,16,0,16
Emmeline,F,2135,0,2135
Emmely,F,156,0,156
Emmelyn,F,47,0,47
Emmer,F,759,0,759
Emmerie,F,15,0,15
Emmerson,F,953,0,953
Emmersyn,F,169,0,169
Emmert,M,6,6,0
Emmery,F,149,0,149
Emmet,M,1981,1981,0
Emmett,M,44551,44551,0
Emmette,M,27,27,0
Emmi,F,387,0,387
Emmie,F,3428,0,3428
Emmily,F,177,0,177
Emmilyn,F,10,0,10
Emmit,M,1133,1133,0
Emmitt,M,6425,6425,0
Emmogene,F,10,0,10
Emmory,F,10,0,10
Emmy,F,4697,0,4697
Emmylou,F,99,0,99
Emnet,F,12,0,12
Emogene,F,3065,0,3065
Emon,M,8,8,0
Emoni,F,1206,0,1206
Emonie,F,135,0,135
Emoree,F,11,0,11
Emori,F,113,0,113
Emorie,F,163,0,163
Emory,U,14661,11155,3506
Empress,F,316,0,316
Emran,M,36,36,0
Emre,M,158,158,0
Emree,F,185,0,185
Emri,F,26,0,26
Emrie,F,343,0,343
Emron,M,5,5,0
Emry,F,541,21,520
Emrys,M,71,71,0
Emsley,F,48,0,48
Emunah,F,16,0,16
Emy,F,187,0,187
Emya,F,10,0,10
Emylee,F,71,0,71
Ena,F,400,0,400
Enalina,F,15,0,15
Enaya,F,21,0,21
Encarnacion,M,572,543,29
Enchantra,F,5,0,5
Ender,M,363,363,0
Endi,M,5,5,0
Endia,F,123,0,123
Endora,F,5,0,5
Endrit,M,11,11,0
Endy,M,47,47,0
Eneas,M,5,5,0
Enedelia,F,504,0,504
Enedina,F,1919,0,1919
Enedino,M,7,7,0
Eneida,F,312,0,312
Enemencio,M,10,10,0
Enes,F,98,10,88
Engelbert,M,17,17,0
English,U,16,10,6
Engracia,F,5,0,5
Enid,F,4780,0,4780
Eniola,F,12,0,12
Enis,F,56,17,39
Enisa,F,5,0,5
Eniya,F,29,0,29
Eniyah,F,167,0,167
Enjoli,F,263,0,263
Enmanuel,M,573,573,0
Enna,F,6,0,6
Ennis,M,907,892,15
Enoc,M,339,339,0
Enoch,M,4805,4805,0
Enola,F,782,0,782
Enolia,F,5,0,5
Enos,M,785,785,0
Enrico,M,2086,2086,0
Enrigue,M,256,256,0
Enrique,M,53765,53722,43
Enriqueta,F,1278,0,1278
Enrrique,M,137,137,0
Ensley,F,352,0,352
Enson,M,5,5,0
Envy,F,60,0,60
Enya,F,306,0,306
Enza,F,85,0,85
Enzo,M,9346,9346,0
Eoin,M,361,361,0
Eola,F,134,0,134
Eowyn,F,263,0,263
Ephraim,M,3232,3232,0
Ephram,M,13,13,0
Ephriam,M,5,5,0
Epifania,F,266,0,266
Epifanio,M,982,982,0
Epigmenio,M,5,5,0
Epimenio,M,23,23,0
Epiphany,F,46,0,46
Epitacio,M,5,5,0
Eppie,M,5,5,0
Epsie,F,5,0,5
Equan,M,5,5,0
Equilla,F,10,0,10
Era,F,2511,0,2511
Erabella,F,5,0,5
Eraina,F,6,0,6
Eran,M,24,24,0
Erandi,F,96,0,96
Erandy,F,123,0,123
Erasmo,M,2708,2708,0
Erasmus,M,5,5,0
Erasto,M,5,5,0
Erastus,M,16,16,0
Erbey,M,5,5,0
Erbie,M,15,15,0
Erby,M,27,27,0
Ercell,F,6,0,6
Ercilia,F,38,0,38
Erek,M,22,22,0
Eren,M,214,214,0
Erendida,F,108,0,108
Erendira,F,479,0,479
Eri,F,43,21,22
Eria,F,5,0,5
Erial,F,5,0,5
Eriana,F,312,0,312
Erianna,F,296,0,296
Eriberto,M,1324,1324,0
Eric,M,874321,872145,2176
Erica,F,228430,270,228160
Ericberto,M,20,20,0
Ericca,F,26,0,26
Erich,M,7607,7607,0
Ericia,F,15,0,15
Erick,M,67655,67550,105
Ericka,F,20365,0,20365
Erickson,M,123,123,0
Erico,M,6,6,0
Ericson,M,67,67,0
Erie,U,466,308,158
Eriel,F,87,0,87
Erielle,F,11,0,11
Erienne,F,11,0,11
Erik,M,149753,149650,103
Erika,F,121842,191,121651
Erikah,F,5,0,5
Erikka,F,102,0,102
Eriko,F,7,0,7
Erilyn,F,5,0,5
Erin,F,316715,6106,310609
Erina,F,123,0,123
Erineo,M,5,5,0
Erinn,F,1421,5,1416
Erion,M,22,22,0
Erionna,F,20,0,20
Eriq,M,131,131,0
Eris,F,545,5,540
Eriverto,M,5,5,0
Erla,F,262,0,262
Erland,M,11,11,0
Erle,M,5,5,0
Erleen,F,6,0,6
Erlene,F,366,0,366
Erlinda,F,3534,0,3534
Erline,F,376,0,376
Erling,M,499,499,0
Erlon,M,11,11,0
Erma,F,46028,0,46028
Ermal,M,31,26,5
Ermalinda,F,29,0,29
Erman,M,5,5,0
Ermelinda,F,502,0,502
Erminda,F,10,0,10
Ermine,F,5,0,5
Erminia,F,577,0,577
Erminio,M,17,17,0
Ermon,M,11,11,0
Erna,F,4424,0,4424
Ernan,M,75,75,0
Ernell,F,5,0,5
Ernest,M,275593,275488,105
Ernesteen,F,5,0,5
Ernestene,F,5,0,5
Ernestina,F,4042,0,4042
Ernestine,F,38792,0,38792
Ernesto,M,39416,39392,24
Ernie,M,11827,11805,22
Ernst,M,392,392,0
Erol,M,31,31,0
Eron,M,172,172,0
Eros,M,528,528,0
Errica,F,10,0,10
Errick,M,146,146,0
Errik,M,5,5,0
Errin,F,38,0,38
Errol,M,4720,4720,0
Erroll,M,33,33,0
Erron,M,23,23,0
Erryn,F,5,0,5
Ersel,M,5,5,0
Ersie,F,38,0,38
Ersilia,F,5,0,5
Erskin,M,20,20,0
Erskine,M,478,478,0
Ertha,F,26,0,26
Erubey,M,11,11,0
Erubiel,M,98,98,0
Ervey,M,89,89,0
Ervie,M,6,6,0
Ervin,M,32186,32186,0
Erving,M,18,18,0
Erwin,M,14778,14778,0
Eryk,M,197,197,0
Eryka,F,224,0,224
Erykah,F,740,0,740
Eryn,F,4212,0,4212
Erynn,F,290,0,290
Erza,F,11,0,11
Esa,M,28,28,0
Esabella,F,119,0,119
Esai,M,1050,1050,0
Esaias,M,50,50,0
Esau,M,884,884,0
Esaul,M,22,22,0
Esaw,M,22,22,0
Esbeidy,F,46,0,46
Escher,M,12,12,0
Eschol,M,27,27,0
Esco,M,16,16,0
Esdras,M,414,414,0
Esequiel,M,1859,1859,0
Esgar,M,237,237,0
Esha,F,819,0,819
Eshaal,F,164,0,164
Eshaan,M,330,330,0
Eshal,F,319,0,319
Eshan,M,475,475,0
Esiah,M,11,11,0
Esiquiel,M,5,5,0
Esiquio,M,22,22,0
Esli,F,115,0,115
Esly,F,76,0,76
Esma,F,21,0,21
Esmae,F,70,0,70
Esme,F,2826,0,2826
Esmee,F,107,0,107
Esmeralda,F,42938,35,42903
Esmerelda,F,68,0,68
Esmie,F,7,0,7
Esmirna,F,10,0,10
Esmond,M,5,5,0
Esperansa,F,82,0,82
Esperanza,F,16169,5,16164
Espiridion,M,58,58,0
Esra,F,6,0,6
Essa,M,60,60,0
Essance,F,6,0,6
Essence,F,7504,0,7504
Essfa,F,6,0,6
Essiah,M,5,5,0
Essica,F,17,0,17
Essie,F,27872,221,27651
Esta,F,1426,0,1426
Estaban,M,13,13,0
Estalee,F,5,0,5
Estanislada,F,19,0,19
Estanislado,M,160,160,0
Estanislao,M,34,34,0
Esteban,M,27731,27721,10
Estee,F,66,0,66
Estefan,M,31,31,0
Estefana,F,625,0,625
Estefani,F,3135,6,3129
Estefania,F,5108,0,5108
Estefanie,F,214,0,214
Estefanita,F,5,0,5
Estefano,M,10,10,0
Estefany,F,3608,0,3608
Esteffany,F,5,0,5
Estel,M,1048,1038,10
Estela,F,6394,0,6394
Estell,F,2278,61,2217
Estella,F,26228,0,26228
Estelle,F,38554,0,38554
Estellene,F,5,0,5
Estephan,M,5,5,0
Estephani,F,32,0,32
Estephania,F,188,0,188
Estephanie,F,1191,0,1191
Estephany,F,371,0,371
Ester,F,10239,138,10101
Estes,M,20,20,0
Estevan,M,6685,6685,0
Esteven,M,222,222,0
Esthefany,F,12,0,12
Esthela,F,91,0,91
Esther,F,214165,33,214132
Esti,F,12,0,12
Estie,F,11,0,11
Estil,M,404,404,0
Estill,M,837,837,0
Estle,M,108,108,0
Eston,M,147,147,0
Estoria,F,5,0,5
Estrella,F,11847,0,11847
Estrellita,F,314,0,314
Estreya,F,5,0,5
Estuardo,M,97,97,0
Estus,M,5,5,0
Esty,F,358,0,358
Esvin,M,34,34,0
Eswin,M,5,5,0
Etai,M,9,9,0
Etan,M,25,25,0
Eternity,F,555,0,555
Etha,F,189,0,189
Ethan,M,410755,410621,134
Ethaniel,M,241,241,0
Ethanjacob,M,5,5,0
Ethanjames,M,20,20,0
Ethanjohn,M,10,10,0
Ethanjoseph,M,5,5,0
Ethanmatthew,M,6,6,0
Ethel,F,195261,183,195078
Ethelbert,M,5,5,0
Ethelda,F,10,0,10
Etheleen,F,41,0,41
Ethelene,F,615,0,615
Ethelmae,F,11,0,11
Ethelreda,F,5,0,5
Ethelrine,F,5,0,5
Ethelyn,F,1331,0,1331
Ethelyne,F,6,0,6
Ethen,M,2018,2018,0
Ether,F,413,0,413
Etheridge,M,10,10,0
Ethin,M,12,12,0
Ethlyn,F,5,0,5
Ethon,M,5,5,0
Ethridge,M,22,22,0
Ethyl,F,265,0,265
Ethyle,F,10,0,10
Ethyn,M,405,405,0
Etienne,M,264,264,0
Etna,F,14,0,14
Etoile,F,10,0,10
Etrulia,F,11,0,11
Etsuko,F,34,0,34
Etta,F,24725,0,24725
Ettel,F,48,0,48
Etter,F,17,0,17
Ettie,F,115,0,115
Ettore,M,98,98,0
Etty,F,410,0,410
Eual,M,42,42,0
Euan,M,5,5,0
Euclide,M,5,5,0
Eudelia,F,322,0,322
Eudell,F,61,0,61
Eudora,F,186,0,186
Euel,M,96,96,0
Euell,M,25,25,0
Eufelia,F,19,0,19
Eufemia,F,298,0,298
Eufemio,M,5,5,0
Eufracia,F,6,0,6
Eugena,F,19,0,19
Eugene,M,363082,362774,308
Eugenia,F,22764,0,22764
Eugenie,F,842,0,842
Eugenio,M,3116,3116,0
Eugina,F,6,0,6
Eula,F,35118,20,35098
Eulah,F,404,0,404
Eulala,F,5,0,5
Eulalia,F,1500,0,1500
Eulalie,F,12,0,12
Eulalio,M,905,905,0
Eulas,M,27,27,0
Eulean,F,6,0,6
Eulene,F,113,0,113
Eulices,M,5,5,0
Eulis,M,41,41,0
Eulises,M,94,94,0
Eulogia,F,46,0,46
Eulogio,M,231,231,0
Eulojio,M,5,5,0
Eun,F,69,0,69
Euna,F,728,0,728
Eunice,F,66043,178,65865
Eunique,F,16,0,16
Euphemia,F,25,0,25
Eura,F,228,0,228
Eureka,F,121,0,121
Euretha,F,10,0,10
Eury,M,5,5,0
Eusebia,F,173,0,173
Eusebio,M,1835,1835,0
Eusevia,F,5,0,5
Eusevio,M,19,19,0
Eustace,M,22,22,0
Eustacio,M,84,84,0
Eustolia,F,149,0,149
Eustolio,M,6,6,0
Eutha,F,5,0,5
Eutimia,F,5,0,5
Eutimio,M,15,15,0
Eutiquio,M,5,5,0
Eva,F,216072,20,216052
Evaan,M,11,11,0
Evadean,F,10,0,10
Evagelia,F,11,0,11
Evagelos,M,5,5,0
Evah,F,30,0,30
Evalee,F,105,0,105
Evaleigh,F,10,0,10
Evalena,F,34,0,34
Evalette,F,5,0,5
Evalin,F,5,0,5
Evalina,F,332,0,332
Evaline,F,51,0,51
Evaluna,F,16,0,16
Evalyn,F,4197,0,4197
Evalyna,F,5,0,5
Evalynn,F,1309,0,1309
Evalynne,F,5,0,5
Evamarie,F,96,0,96
Evan,M,259328,257664,1664
Evana,F,62,0,62
Evander,M,469,469,0
Evanee,F,5,0,5
Evangaline,F,5,0,5
Evangelia,F,219,0,219
Evangelina,F,7128,0,7128
Evangeline,F,19403,0,19403
Evangelita,F,5,0,5
Evangelos,M,255,255,0
Evangelyn,F,23,0,23
Evanie,F,69,0,69
Evanjelina,F,11,0,11
Evann,F,21,11,10
Evanna,F,73,0,73
Evanny,F,7,0,7
Evans,M,1247,1247,0
Evany,F,202,0,202
Evaristo,M,938,938,0
Evart,M,5,5,0
Eve,F,18717,0,18717
Evee,F,17,0,17
Eveleen,F,20,0,20
Eveleigh,F,5,0,5
Evelen,F,5,0,5
Evelena,F,214,0,214
Evelene,F,31,0,31
Evelett,F,5,0,5
Evelia,F,682,0,682
Evelin,F,5137,0,5137
Evelina,F,1817,0,1817
Eveline,F,349,0,349
Evelio,M,68,68,0
Evelise,F,5,0,5
Evelisse,F,12,0,12
Evella,F,15,0,15
Evely,F,10,0,10
Evelyn,F,535524,190,535334
Evelyne,F,1341,0,1341
Evelynn,F,6241,0,6241
Evelynne,F,141,0,141
Even,M,66,66,0
Evenny,F,5,0,5
Evens,M,65,65,0
Eveny,F,45,0,45
Ever,M,2533,1990,543
Everado,M,37,37,0
Everardo,M,3374,3374,0
Everest,M,342,320,22
Everett,M,94293,94264,29
Everette,M,5639,5634,5
Everhett,M,5,5,0
Everitt,M,6,6,0
Everlean,F,107,0,107
Everlee,F,939,0,939
Everleigh,F,2651,0,2651
Everlena,F,250,0,250
Everlene,F,5,0,5
Everley,F,365,0,365
Everlie,F,42,0,42
Everlina,F,5,0,5
Everline,F,5,0,5
Everly,F,11888,0,11888
Everlyn,F,59,0,59
Everlynn,F,12,0,12
Evert,M,758,758,0
Everton,M,79,79,0
Evertt,M,99,99,0
Evett,F,10,0,10
Evette,F,3386,0,3386
Evey,F,97,0,97
Evia,F,35,0,35
Evian,F,6,0,6
Eviana,F,70,0,70
Evianna,F,80,0,80
Evie,F,8303,0,8303
Evin,M,1011,996,15
Evita,F,436,0,436
Evlyn,F,12,0,12
Evo,M,5,5,0
Evoleht,F,6,0,6
Evolet,F,555,0,555
Evoleth,F,34,0,34
Evolett,F,11,0,11
Evolette,F,15,0,15
Evon,F,914,7,907
Evone,F,10,0,10
Evonna,F,7,0,7
Evonne,F,1709,0,1709
Evony,F,67,0,67
Evora,F,5,0,5
Evren,M,66,66,0
Evrett,M,5,5,0
Evy,F,107,0,107
Evyn,F,191,52,139
Ewa,F,10,0,10
Ewald,M,223,223,0
Ewan,M,1162,1162,0
Ewelina,F,39,0,39
Ewell,M,687,687,0
Ewing,M,259,259,0
Exa,F,88,0,88
Exavier,M,238,238,0
Excell,M,75,75,0
Exie,F,618,0,618
Exodus,M,37,37,0
Exum,M,6,6,0
Exzavier,M,5,5,0
Eyad,M,197,197,0
Eyal,M,60,60,0
Eyan,M,301,301,0
Eydan,M,19,19,0
Eyden,M,40,40,0
Eydie,F,50,0,50
Eyleen,F,20,0,20
Eylin,F,6,0,6
Eymen,M,6,6,0
Eyoel,M,5,5,0
Eytan,M,50,50,0
Eythan,M,64,64,0
Eyvonne,F,11,0,11
Ezabella,F,31,0,31
Ezana,M,58,58,0
Ezariah,M,5,5,0
Ezechiel,M,11,11,0
Ezekial,M,79,79,0
Ezekiel,M,37177,37177,0
Ezel,M,5,5,0
Ezell,M,1402,1333,69
Ezelle,F,5,0,5
Ezequiel,M,11596,11596,0
Eziah,M,37,37,0
Ezinne,F,5,0,5
Ezio,M,297,297,0
Ezma,F,6,0,6
Ezmae,F,5,0,5
Ezmeralda,F,48,0,48
Ezola,F,44,0,44
Ezora,F,16,0,16
Ezoza,F,5,0,5
Ezra,M,41439,40517,922
Ezrael,M,27,27,0
Ezrah,M,395,360,35
Ezri,F,89,0,89
Ezriel,M,315,315,0
Eztli,F,5,0,5
Ezzard,M,191,191,0
Faatimah,F,5,0,5
Faber,M,5,5,0
Fabian,M,35059,35021,38
Fabiana,F,658,0,658
Fabianna,F,8,0,8
Fabien,M,69,69,0
Fabienne,F,114,0,114
Fabio,M,1409,1409,0
Fabiola,F,7105,16,7089
Fabrice,M,133,133,0
Fabricio,M,356,356,0
Fabrizio,M,430,430,0
Fabrizzio,M,6,6,0
Facundo,M,26,26,0
Fadel,M,5,5,0
Fadi,M,117,117,0
Faduma,F,32,0,32
Fadumo,F,73,0,73
Fae,F,375,0,375
Fahad,M,304,304,0
Fahd,M,10,10,0
Faheem,M,133,133,0
Fahim,M,132,132,0
Fahima,F,5,0,5
Fahm,F,5,0,5
Fahmida,F,16,0,16
Faiga,F,878,0,878
Faige,F,139,0,139
Faigy,F,2409,0,2409
Fairley,M,31,31,0
Fairy,F,497,0,497
Faisal,M,602,602,0
Faith,F,129471,15,129456
Faithe,F,6,0,6
Faithlyn,F,16,0,16
Faithlynn,F,58,0,58
Faiz,M,46,46,0
Faiza,F,139,0,139
Faizah,F,10,0,10
Faizan,M,115,115,0
Faizon,M,5,5,0
Fajr,F,18,0,18
Falan,F,5,0,5
Falcon,M,10,10,0
Falicia,F,39,0,39
Faline,F,5,0,5
Falisha,F,68,0,68
Fallon,F,6853,11,6842
Fallou,M,5,5,0
Fallyn,F,173,0,173
Falon,F,622,0,622
Falyn,F,70,0,70
Falynn,F,22,0,22
Famous,M,5,5,0
Fanchon,F,15,0,15
Fancy,F,28,0,28
Fannie,F,54066,5,54061
Fanny,F,4147,0,4147
Fannye,F,6,0,6
Fanta,F,383,0,383
Fantasha,F,5,0,5
Fantasia,F,804,0,804
Fara,F,113,0,113
Farah,F,3141,0,3141
Faraz,M,100,100,0
Farbod,M,5,5,0
Fard,M,11,11,0
Fardeen,M,27,27,0
Fardowsa,F,10,0,10
Fareed,M,91,91,0
Fareeda,F,5,0,5
Fareedah,F,13,0,13
Faren,F,57,0,57
Fares,M,163,163,0
Farhad,M,25,25,0
Farhan,M,572,572,0
Farhana,F,47,0,47
Faria,F,18,0,18
Farid,M,193,193,0
Farida,F,157,0,157
Fariha,F,115,0,115
Faris,M,974,974,0
Fariza,F,10,0,10
Farley,M,62,62,0
Farm,F,25,0,25
Farmer,M,18,18,0
Faron,M,483,483,0
Farrah,F,8335,0,8335
Farrel,M,41,41,0
Farrell,M,981,981,0
Farren,F,59,0,59
Farris,M,805,790,15
Farron,F,17,6,11
Fartun,F,5,0,5
Farzana,F,54,0,54
Farzeen,F,5,0,5
Farzona,F,22,0,22
Fate,M,122,122,0
Fateh,M,81,81,0
Fatema,F,113,0,113
Fathima,F,23,0,23
Fatiha,F,32,0,32
Fatim,F,10,0,10
Fatima,F,29236,5,29231
Fatimah,F,1392,0,1392
Fatimata,F,50,0,50
Fatimatou,F,10,0,10
Fatin,M,5,5,0
Fatina,F,5,0,5
Fatma,F,92,0,92
Fatmata,F,23,0,23
Fatme,F,17,0,17
Fatmir,M,5,5,0
Fatou,F,400,0,400
Fatoumata,F,1268,0,1268
Fatuma,F,27,0,27
Fatumata,F,76,0,76
Faust,M,5,5,0
Faustina,F,212,0,212
Faustine,F,10,0,10
Faustino,M,2428,2428,0
Fausto,M,1490,1490,0
Favian,M,1558,1558,0
Favio,M,169,169,0
Faviola,F,1368,0,1368
Favor,F,33,0,33
Favour,F,70,0,70
Fawn,F,2516,0,2516
Fay,F,25652,1355,24297
Faye,F,60214,0,60214
Fayetta,F,102,0,102
Fayette,M,6,6,0
Faylene,F,6,0,6
Faynell,F,10,0,10
Fayrene,F,180,0,180
Fayth,F,569,0,569
Faythe,F,54,0,54
Feather,F,46,0,46
Febe,F,5,0,5
Fedelina,F,24,0,24
Federica,F,11,0,11
Federico,M,6375,6375,0
Fedor,M,31,31,0
Fedra,F,10,0,10
Feiga,F,43,0,43
Feige,F,160,0,160
Feigy,F,43,0,43
Feish,M,12,12,0
Felder,M,10,10,0
Felecia,F,7940,0,7940
Felecity,F,11,0,11
Feliberto,M,24,24,0
Felica,F,564,0,564
Felice,F,1993,214,1779
Felicia,F,86858,8,86850
Feliciana,F,99,0,99
Feliciano,M,1229,1229,0
Felicidad,F,42,0,42
Felicie,F,28,0,28
Felicita,F,820,0,820
Felicitas,F,1143,0,1143
Felicity,F,10381,0,10381
Felina,F,10,0,10
Felipa,F,1450,0,1450
Felipe,M,26466,26459,7
Felipedejesus,M,11,11,0
Felipita,F,5,0,5
Felis,F,43,16,27
Felisa,F,607,0,607
Felisha,F,3842,0,3842
Felisiano,M,6,6,0
Felisita,F,22,0,22
Felisitas,F,22,0,22
Felita,F,97,0,97
Felix,M,61305,61259,46
Feliz,F,127,22,105
Feliza,F,11,0,11
Feloniz,F,8,0,8
Felton,M,4171,4171,0
Female,F,1104,5,1099
Fender,M,5,5,0
Fenix,M,98,98,0
Fenner,M,10,10,0
Fenton,M,78,78,0
Feras,M,28,28,0
Ferdie,M,42,42,0
Ferdinand,M,4562,4562,0
Ferdinando,M,15,15,0
Fergie,F,5,0,5
Fergus,M,10,10,0
Ferman,M,84,84,0
Fermin,M,3012,3012,0
Fermina,F,12,0,12
Fermon,M,5,5,0
Fern,F,27655,12,27643
Fernand,M,726,726,0
Fernanda,F,13627,0,13627
Fernande,F,255,0,255
Fernando,M,92200,92004,196
Ferne,F,2431,0,2431
Fernell,M,5,5,0
Fernie,M,104,104,0
Ferrel,M,5,5,0
Ferrell,M,227,227,0
Ferris,M,230,230,0
Festus,M,5,5,0
Fey,F,5,0,5
Feynman,M,29,29,0
Fia,F,10,0,10
Fianna,F,5,0,5
Fidel,M,8344,8344,0
Fidela,F,260,0,260
Fidelia,F,41,0,41
Fidelio,M,5,5,0
Fidencia,F,28,0,28
Fidencio,M,1507,1507,0
Fidensio,M,6,6,0
Filadelfio,M,18,18,0
Filbert,M,15,15,0
Filemon,M,79,79,0
Filiberto,M,1459,1459,0
Filimon,M,29,29,0
Filip,M,1057,1057,0
Filipe,M,31,31,0
Filippa,F,32,0,32
Filippo,M,84,84,0
Filomena,F,3311,0,3311
Filomeno,M,10,10,0
Fin,M,10,10,0
Finbar,M,5,5,0
Findlay,M,6,6,0
Finesse,F,11,0,11
Finian,M,34,34,0
Finis,M,1034,1034,0
Finlay,M,149,149,0
Finlee,F,87,0,87
Finleigh,F,119,0,119
Finley,F,19629,7545,12084
Finn,M,17578,17559,19
Finneas,M,30,30,0
Finnegan,M,6576,6576,0
Finnian,M,1189,1189,0
Finnick,M,192,192,0
Finnigan,M,170,170,0
Finnleigh,F,5,0,5
Finnley,U,2123,1564,559
Fintan,M,17,17,0
Fion,F,11,0,11
Fiona,F,23784,0,23784
Fionn,M,79,79,0
Fionna,F,46,0,46
Fiora,F,6,0,6
Fiore,M,128,128,0
Fiorela,F,46,0,46
Fiorella,F,625,0,625
Firas,M,11,11,0
Firman,M,24,24,0
Fischer,M,426,426,0
Fishel,M,125,125,0
Fisher,M,2993,2993,0
Fitz,M,26,26,0
Fitzgerald,M,262,262,0
Fitzhugh,M,15,15,0
Fitzroy,M,41,41,0
Fiza,F,102,0,102
Fizza,F,5,0,5
Flabio,M,5,5,0
Flake,M,10,10,0
Flamur,M,7,7,0
Flannery,F,10,0,10
Flavia,F,201,0,201
Flavio,M,1537,1537,0
Flay,M,5,5,0
Flecia,F,5,0,5
Fleeta,F,19,0,19
Flem,M,16,16,0
Fleming,M,35,35,0
Flemming,M,5,5,0
Fleta,F,174,0,174
Fletcher,M,8080,8080,0
Fleurette,F,12,0,12
Flint,M,289,289,0
Flo,F,329,0,329
Floella,F,22,0,22
Flonnie,F,401,0,401
Flor,F,5321,0,5321
Flora,F,47922,0,47922
Florance,F,45,0,45
Flordia,F,29,0,29
Florean,F,5,0,5
Florece,F,5,0,5
Floree,F,132,0,132
Floreine,F,40,0,40
Florence,F,246764,81,246683
Florencia,F,517,0,517
Florencio,M,1781,1781,0
Florene,F,2433,0,2433
Florentina,F,263,0,263
Florentine,F,49,0,49
Florentino,M,1826,1826,0
Florestela,F,16,0,16
Florestine,F,5,0,5
Floretta,F,145,0,145
Florette,F,22,0,22
Floria,F,225,0,225
Florian,M,1632,1632,0
Floribel,F,5,0,5
Florice,F,11,0,11
Florida,F,1158,0,1158
Floride,F,21,0,21
Florie,F,242,0,242
Floriene,F,11,0,11
Florinda,F,773,0,773
Florine,F,8021,0,8021
Floris,F,16,0,16
Florita,F,21,0,21
Florrie,F,529,0,529
Flory,F,5,0,5
Flossie,F,12723,0,12723
Flournoy,M,8,8,0
Floy,F,3087,5,3082
Floyce,F,69,6,63
Floyd,M,139222,139164,58
Floye,F,88,0,88
Flynn,M,2230,2214,16
Foch,M,20,20,0
Folasade,F,27,0,27
Fonda,F,1604,0,1604
Fong,M,137,137,0
Fonnie,F,5,0,5
Fontaine,M,5,5,0
Fontella,F,92,0,92
Ford,M,2533,2533,0
Fordyce,M,5,5,0
Forest,M,8595,8590,5
Forestine,F,11,0,11
Forever,F,15,0,15
Forney,M,5,5,0
Forrest,M,41145,41114,31
Forster,M,5,5,0
Fortino,M,237,237,0
Fortuna,F,11,0,11
Fortunata,F,68,0,68
Fortunato,M,195,195,0
Fortune,F,39,0,39
Foster,M,5431,5431,0
Fotini,F,51,0,51
Fouad,M,15,15,0
Fowler,M,5,5,0
Fox,M,1133,1133,0
Foy,M,1065,1006,59
Foye,F,11,0,11
Fozie,F,5,0,5
Fradel,F,345,0,345
Frady,F,247,0,247
Fraida,F,266,0,266
Fraidy,F,747,0,747
Fran,F,2953,10,2943
Franca,F,123,0,123
France,F,16,0,16
Francelia,F,5,0,5
Francelina,F,12,0,12
Francella,F,5,0,5
Francena,F,185,0,185
Francene,F,322,0,322
Francenia,F,23,0,23
Frances,F,532872,1391,531481
Francesc,F,24,5,19
Francesca,F,25492,5,25487
Francesco,M,5409,5409,0
Franceska,F,11,0,11
Francessca,F,5,0,5
Franchelle,F,6,0,6
Franchesca,F,2433,0,2433
Francheska,F,769,0,769
Franchot,M,5,5,0
Francia,F,117,0,117
Francico,M,5,5,0
Francie,F,233,0,233
Francies,F,59,0,59
Francile,F,5,0,5
Francille,F,5,0,5
Francina,F,372,0,372
Francine,F,31367,0,31367
Francis,M,288977,267660,21317
Francisc,M,7,7,0
Francisca,F,9361,22,9339
Francisco,M,129231,128822,409
Franciscojavier,M,52,52,0
Franciso,M,59,59,0
Franciszek,M,17,17,0
Franco,M,4896,4896,0
Francois,M,281,281,0
Francoise,F,38,0,38
Frandy,M,17,17,0
Frania,F,5,0,5
Frank,M,821988,820729,1259
Frankee,F,12,0,12
Franki,F,55,0,55
Frankie,F,62897,36303,26594
Franklin,M,129292,129287,5
Franklyn,M,2477,2477,0
Franko,M,26,26,0
Franky,M,1044,1044,0
Frankye,F,5,0,5
Frann,F,5,0,5
Franne,F,5,0,5
Fransheska,F,27,0,27
Fransico,M,206,206,0
Fransisca,F,118,0,118
Fransisco,M,1806,1806,0
Frantz,M,623,623,0
Frantzy,M,5,5,0
Franz,M,413,413,0
Fraser,M,5,5,0
Frayda,F,6,0,6
Frazier,M,136,136,0
Fred,M,297519,297400,119
Freda,F,33068,0,33068
Fredda,F,353,0,353
Freddie,M,75938,67932,8006
Freddrick,M,44,44,0
Freddy,M,21431,21431,0
Freddye,F,5,0,5
Frederi,M,5,5,0
Frederic,M,8985,8985,0
Frederica,F,276,0,276
Frederick,M,246177,246167,10
Fredericka,F,150,0,150
Frederico,M,79,79,0
Frederik,M,5,5,0
Fredi,M,325,298,27
Fredia,F,634,0,634
Fredie,M,11,11,0
Fredis,M,16,16,0
Fredna,F,94,0,94
Fredonia,F,11,0,11
Fredric,M,4520,4520,0
Fredrica,F,21,0,21
Fredrick,M,57476,57476,0
Fredricka,F,82,0,82
Fredrik,M,10,10,0
Fredy,M,2668,2668,0
Freeda,F,1252,0,1252
Freedom,F,82,18,64
Freeman,M,5363,5363,0
Freida,F,6524,0,6524
Freidy,F,15,0,15
Freja,F,15,0,15
Fremont,M,5,5,0
French,M,241,241,0
Freya,F,4234,0,4234
Freyda,F,5,0,5
Freyja,F,493,0,493
Frida,F,5144,0,5144
Frieda,F,15000,0,15000
Frimet,F,442,0,442
Frimmy,F,25,0,25
Frimy,F,56,0,56
Frisco,M,10,10,0
Fritz,M,1903,1903,0
Fritzi,F,18,0,18
Froilan,M,125,125,0
Frona,F,33,0,33
Fronie,F,30,0,30
Froylan,M,247,247,0
Fruma,F,62,0,62
Frumencio,M,5,5,0
Frutoso,M,38,38,0
Fryda,F,5,0,5
Fuad,M,5,5,0
Fue,M,137,137,0
Fujie,F,75,0,75
Fujiko,F,64,0,64
Fukuichi,M,6,6,0
Fulton,M,223,223,0
Fumi,F,83,0,83
Fumie,F,166,0,166
Fumiko,F,593,0,593
Fumio,M,80,80,0
Fumiye,F,39,0,39
Fumiyo,F,12,0,12
Fuquan,M,125,125,0
Furkan,M,10,10,0
Furman,M,1589,1589,0
Furnell,M,25,25,0
Furney,M,10,10,0
Fusae,F,167,0,167
Fusako,F,119,0,119
Fusaye,F,46,0,46
Fynlee,F,23,0,23
Fynn,M,239,239,0
Gabbanelli,F,8,0,8
Gabbie,F,5,0,5
Gabby,F,231,0,231
Gabe,M,962,962,0
Gaberiel,M,35,35,0
Gabiela,F,5,0,5
Gabina,F,5,0,5
Gabino,M,1422,1422,0
Gable,M,11,11,0
Gabor,M,5,5,0
Gabreil,M,5,5,0
Gabrial,M,237,231,6
Gabrian,M,5,5,0
Gabrianna,F,10,0,10
Gabriel,M,338522,334206,4316
Gabriela,F,76527,169,76358
Gabriele,F,486,49,437
Gabriell,F,269,10,259
Gabriella,F,111227,8,111219
Gabrielle,F,130341,54,130287
Gabrielly,F,19,0,19
Gabryel,M,16,16,0
Gabryela,F,6,0,6
Gabryella,F,129,0,129
Gabryelle,F,10,0,10
Gaby,F,438,0,438
Gaddiel,M,5,5,0
Gaddis,M,5,5,0
Gadiel,M,649,649,0
Gae,F,43,0,43
Gael,M,20983,20951,32
Gaelan,M,5,5,0
Gaelle,F,118,0,118
Gaetana,F,285,0,285
Gaetano,M,2155,2155,0
Gagandeep,M,72,57,15
Gage,M,55774,55767,7
Gagik,M,8,8,0
Gahel,M,5,5,0
Gaia,F,371,0,371
Gaige,M,2677,2677,0
Gail,F,203868,6008,197860
Gaila,F,5,0,5
Gaile,F,52,0,52
Gaines,M,227,227,0
Gaither,M,202,202,0
Gaius,M,10,10,0
Gal,F,25,10,15
Gala,F,424,0,424
Galadriel,F,5,0,5
Galaxy,F,5,0,5
Galdino,M,20,20,0
Gale,F,26202,9197,17005
Galen,M,10667,10662,5
Gali,F,5,0,5
Galia,F,73,0,73
Galiana,F,5,0,5
Galilea,F,5047,0,5047
Galileah,F,67,0,67
Galilee,F,65,0,65
Galileo,M,33,33,0
Galina,F,20,0,20
Galit,F,15,0,15
Galo,M,18,18,0
Galvin,M,16,16,0
Galya,F,5,0,5
Gamal,M,92,92,0
Gamaliel,M,720,720,0
Ganesh,M,11,11,0
Gannon,M,3660,3660,0
Gao,F,232,0,232
Garcia,F,5,0,5
Gardenia,F,367,0,367
Gardiner,M,5,5,0
Gardner,M,408,408,0
Gared,M,5,5,0
Garen,M,100,100,0
Garet,M,168,168,0
Gareth,M,877,877,0
Garett,M,2278,2278,0
Garey,M,176,176,0
Garfield,M,1550,1550,0
Gari,F,11,0,11
Garin,M,106,106,0
Garine,F,5,0,5
Garl,M,5,5,0
Garland,M,19078,19078,0
Garlin,M,14,14,0
Garlon,M,5,5,0
Garn,M,34,34,0
Garnell,F,12,5,7
Garnelle,F,5,0,5
Garner,M,166,166,0
Garnet,F,4180,323,3857
Garnett,F,2837,1654,1183
Garnetta,F,61,0,61
Garnette,F,101,0,101
Garnita,F,6,0,6
Garo,M,40,40,0
Garold,M,992,992,0
Garon,M,31,31,0
Garren,M,268,268,0
Garret,M,9455,9455,0
Garreth,M,5,5,0
Garrett,M,125909,125853,56
Garrick,M,2262,2262,0
Garrin,M,5,5,0
Garrison,M,4603,4603,0
Garron,M,31,31,0
Garry,M,43888,43888,0
Garth,M,5293,5293,0
Garvey,M,11,11,0
Garvie,M,10,10,0
Garvin,M,238,238,0
Garvis,M,10,10,0
Gary,M,898462,897826,636
Garyn,M,5,5,0
Gaspar,M,673,673,0
Gaspard,M,5,5,0
Gaspare,M,206,206,0
Gasper,M,630,630,0
Gaston,M,1110,1110,0
Gatha,F,29,0,29
Gathel,F,5,0,5
Gatlin,M,1027,1027,0
Gatlyn,M,5,5,0
Gaudalupe,F,5,0,5
Gaudencio,M,5,5,0
Gaudy,F,8,0,8
Gauge,M,3109,3109,0
Gaurav,M,155,155,0
Gauri,F,105,0,105
Gautam,M,113,113,0
Gautham,M,71,71,0
Gavan,M,162,162,0
Gaven,M,2302,2302,0
Gavin,M,169579,169541,38
Gavino,M,753,753,0
Gavon,M,10,10,0
Gavriel,M,662,662,0
Gavriela,F,12,0,12
Gavriella,F,12,0,12
Gavyn,M,3531,3531,0
Gay,F,14837,70,14767
Gayane,F,46,0,46
Gayathri,F,6,0,6
Gayatri,F,6,0,6
Gaye,F,3240,0,3240
Gayl,F,27,0,27
Gayla,F,8213,0,8213
Gaylan,M,13,13,0
Gayland,M,168,168,0
Gayle,F,60284,2366,57918
Gayleen,F,56,0,56
Gaylen,M,389,383,6
Gaylene,F,962,0,962
Gaylia,F,10,0,10
Gaylin,M,5,5,0
Gaylon,M,1342,1337,5
Gaylord,M,3416,3416,0
Gaylyn,F,10,0,10
Gaylynn,F,30,0,30
Gaynel,F,7,0,7
Gaynell,F,2202,5,2197
Gaynelle,F,252,0,252
Gaza,M,6,6,0
Ge,M,10,10,0
Gean,M,5,5,0
Geanine,F,19,0,19
Geanna,F,20,0,20
Geannie,F,5,0,5
Gearld,M,1724,1724,0
Gearldean,F,17,0,17
Gearldine,F,2887,0,2887
Geary,M,943,943,0
Gecenia,F,5,0,5
Gedalia,M,10,10,0
Gedalya,M,41,41,0
Geddy,M,6,6,0
Geena,F,745,0,745
Geeta,F,6,0,6
Geetika,F,5,0,5
Gehrig,M,68,68,0
Geisha,F,5,0,5
Gelacio,M,5,5,0
Gelila,F,21,0,21
Gelisa,F,5,0,5
Gelsey,F,39,0,39
Gema,F,1324,0,1324
Gemini,F,5,0,5
Gemma,F,11053,0,11053
Gena,F,8645,0,8645
Genaro,M,5284,5284,0
Genavie,F,21,0,21
Genavieve,F,176,0,176
Gene,M,125285,121855,3430
Genea,F,91,0,91
Genecis,F,20,0,20
Genee,F,5,0,5
Genell,F,171,0,171
Genella,F,6,0,6
Genelle,F,144,0,144
Genendy,F,5,0,5
Genene,F,5,0,5
General,M,1434,1434,0
Genese,F,61,0,61
Genesee,F,42,0,42
Genesis,F,63322,782,62540
Genesiss,F,6,0,6
Genessa,F,36,0,36
Genessis,F,592,0,592
Genessy,F,5,0,5
Genesys,F,57,0,57
Genette,F,5,0,5
Geneva,F,77127,5,77122
Geneve,F,5,0,5
Genever,F,18,0,18
Genevia,F,179,0,179
Genevie,F,426,0,426
Geneviev,F,9,0,9
Genevieve,F,97454,0,97454
Genevive,F,34,0,34
Genevy,F,22,0,22
Geni,F,5,0,5
Genia,F,123,0,123
Genice,F,42,0,42
Genie,F,289,0,289
Geniel,F,20,0,20
Genieve,F,5,0,5
Genine,F,94,0,94
Genise,F,68,0,68
Genises,F,5,0,5
Genisis,F,233,0,233
Genna,F,1164,0,1164
Gennady,M,12,12,0
Gennaro,M,1234,1234,0
Gennell,F,6,0,6
Gennesis,F,240,0,240
Gennie,F,777,10,767
Gennifer,F,159,0,159
Genny,F,80,0,80
Geno,M,893,893,0
Genoa,F,5,0,5
Genora,F,10,0,10
Genova,F,18,0,18
Genoveva,F,1636,0,1636
Genovevo,M,20,20,0
Gentry,F,1350,638,712
Geo,M,36,36,0
Geoff,M,366,366,0
Geoffery,M,142,142,0
Geoffrey,M,50456,50456,0
Geoffry,M,20,20,0
Geordan,M,11,11,0
Geordy,M,5,5,0
Georgann,F,403,0,403
Georganna,F,58,0,58
Georganne,F,232,0,232
George,M,1334406,1329296,5110
Georgean,F,16,0,16
Georgeann,F,879,0,879
Georgeanna,F,114,0,114
Georgeanne,F,205,0,205
Georgena,F,20,0,20
Georgene,F,2252,0,2252
Georges,M,50,50,0
Georgetta,F,1040,0,1040
Georgette,F,9097,0,9097
Georgi,F,5,0,5
Georgia,F,131858,5,131853
Georgian,F,6,0,6
Georgiana,F,3955,0,3955
Georgiann,F,579,0,579
Georgianna,F,4055,0,4055
Georgianne,F,259,0,259
Georgie,F,6860,110,6750
Georgina,F,10475,0,10475
Georgine,F,1094,0,1094
Georgio,M,53,53,0
Georgios,M,227,227,0
Geovana,F,30,0,30
Geovani,M,624,624,0
Geovanie,M,15,15,0
Geovanna,F,251,0,251
Geovanni,M,2466,2466,0
Geovannie,M,19,19,0
Geovanny,M,1739,1739,0
Geovany,M,850,850,0
Ger,M,279,246,33
Gerad,M,45,45,0
Gerado,M,32,32,0
Gerald,M,442691,442483,208
Geraldean,F,136,0,136
Geraldene,F,37,0,37
Geraldin,F,5,0,5
Geraldine,F,204085,20,204065
Geraldo,M,1284,1284,0
Geraldy,F,6,0,6
Geraldyne,F,6,0,6
Geralene,F,5,0,5
Geraline,F,32,0,32
Geralyn,F,3328,0,3328
Geralynn,F,41,0,41
Gerane,F,5,0,5
Gerard,M,53183,53183,0
Gerarda,F,6,0,6
Gerardine,F,5,0,5
Gerardo,M,48767,48670,97
Gerardojr,M,5,5,0
Gerasimos,M,67,67,0
Gerber,M,5,5,0
Gerda,F,127,0,127
Geremiah,M,30,30,0
Geremy,M,165,165,0
Gergory,M,15,15,0
Gerhard,M,657,657,0
Gerhardt,M,216,216,0
Gerhart,M,5,5,0
Geri,F,4938,0,4938
Geriann,F,12,0,12
Gerianne,F,105,0,105
Gerilyn,F,48,0,48
Gerldine,F,5,0,5
Gerline,F,19,0,19
Germain,M,145,145,0
Germaine,F,5669,932,4737
German,M,7130,7130,0
Germani,F,5,0,5
Geroge,M,54,54,0
Gerold,M,546,546,0
Gerome,M,54,54,0
Geronimo,M,1652,1652,0
Gerrad,M,10,10,0
Gerrard,M,19,19,0
Gerrell,M,6,6,0
Gerren,M,41,41,0
Gerri,F,2821,0,2821
Gerrick,M,8,8,0
Gerrie,F,101,0,101
Gerrit,M,821,821,0
Gerrod,M,22,22,0
Gerry,U,13899,10317,3582
Gershon,M,327,327,0
Gerson,M,2188,2188,0
Gertha,F,572,0,572
Gertie,F,4103,0,4103
Gertrude,F,119851,0,119851
Gertrudes,F,5,0,5
Gervase,M,5,5,0
Gery,M,85,85,0
Geryl,F,8,0,8
Geselle,F,43,0,43
Gesenia,F,22,0,22
Gesselle,F,11,0,11
Gessica,F,7,0,7
Gesualdo,M,5,5,0
Getsemani,F,174,0,174
Getzel,M,5,5,0
Gevorg,M,53,53,0
Gevork,M,189,189,0
Geza,M,54,54,0
Ghadeer,F,5,0,5
Ghassan,M,6,6,0
Ghazal,F,5,0,5
Ghislaine,F,5,0,5
Gia,F,12066,0,12066
Giabella,F,22,0,22
Giacomo,M,535,535,0
Giada,F,2818,0,2818
Gian,M,1959,1959,0
Giana,F,6601,0,6601
Giancarlo,M,5918,5918,0
Giancarlos,M,279,279,0
Gianella,F,274,0,274
Gianelle,F,17,0,17
Gianfranco,M,357,357,0
Giani,F,10,0,10
Gianina,F,97,0,97
Gianluca,M,1755,1755,0
Gianlucas,M,10,10,0
Gianmarco,M,261,261,0
Gianna,F,62086,0,62086
Giannah,F,60,0,60
Gianncarlo,M,14,14,0
Gianni,M,9063,8079,984
Giannina,F,26,0,26
Giannis,M,7,7,0
Gianny,F,26,5,21
Gianpaolo,M,6,6,0
Giavana,F,37,0,37
Giavanna,F,3244,0,3244
Giavonna,F,419,0,419
Gibran,M,370,370,0
Gibson,M,2146,2146,0
Gicela,F,30,0,30
Gideon,M,10793,10793,0
Gidget,F,605,0,605
Giezi,M,5,5,0
Gifford,M,58,58,0
Gigi,F,2039,0,2039
Gil,M,2371,2371,0
Gila,F,131,0,131
Gilad,M,34,34,0
Gilbert,M,121091,121076,15
Gilberte,F,42,0,42
Gilberto,M,24984,24970,14
Gilda,F,7331,0,7331
Gildardo,M,525,525,0
Gildo,M,11,11,0
Giles,M,844,844,0
Gilford,M,38,38,0
Gill,M,78,78,0
Gillermo,M,214,214,0
Gilles,M,7,7,0
Gillian,F,12649,0,12649
Gillis,M,34,34,0
Gilma,F,11,0,11
Gilman,M,196,196,0
Gilmer,M,403,403,0
Gilmore,M,26,26,0
Gilverto,M,10,10,0
Gimena,F,121,0,121
Gina,F,149333,26,149307
Ginamarie,F,485,0,485
Ginelle,F,38,0,38
Ginette,F,96,0,96
Ginger,F,41748,0,41748
Gini,F,17,0,17
Ginna,F,16,0,16
Ginnie,F,10,0,10
Ginny,F,3674,0,3674
Gino,M,8654,8654,0
Ginobili,M,6,6,0
Gio,M,189,189,0
Gioia,F,39,0,39
Gionna,F,147,0,147
Gionni,M,582,582,0
Giordan,M,5,5,0
Giordano,M,6,6,0
Giorgi,M,26,26,0
Giorgia,F,12,0,12
Giorgio,M,581,581,0
Giovan,M,31,31,0
Giovana,F,262,0,262
Giovani,M,5101,5101,0
Giovanna,F,9058,0,9058
Giovanni,M,64137,63942,195
Giovannie,M,202,202,0
Giovannina,F,5,0,5
Giovanny,M,4914,4907,7
Giovany,M,785,785,0
Giovonni,M,246,246,0
Girard,M,349,349,0
Girl,F,125,0,125
Girlie,F,21,0,21
Giro,M,12,12,0
Girtha,F,79,0,79
Girtie,F,21,0,21
Girtrude,F,12,0,12
Gisel,F,1321,0,1321
Gisela,F,2418,0,2418
Gisele,F,2829,0,2829
Gisell,F,1029,0,1029
Gisella,F,435,0,435
Giselle,F,41041,5,41036
Gisette,F,5,0,5
Gissel,F,1633,0,1633
Gissela,F,42,0,42
Gissele,F,239,0,239
Gissell,F,716,0,716
Gisselle,F,8204,0,8204
Gita,F,37,0,37
Gitel,F,113,0,113
Gittel,F,896,0,896
Gittle,F,5,0,5
Gitty,F,2379,0,2379
Giulia,F,1434,0,1434
Giulian,M,5,5,0
Giuliana,F,8217,0,8217
Giulianna,F,655,0,655
Giuliano,M,160,160,0
Giulietta,F,146,0,146
Giulio,M,51,51,0
Giuseppe,M,4040,4040,0
Giuseppina,F,262,0,262
Gizel,F,91,0,91
Gizell,F,17,0,17
Gizella,F,248,0,248
Gizelle,F,1667,0,1667
Gizzelle,F,17,0,17
Gjon,M,5,5,0
Glada,F,56,0,56
Glade,M,300,300,0
Gladies,F,41,0,41
Gladine,F,5,0,5
Gladis,F,1121,0,1121
Gladstone,M,11,11,0
Gladyce,F,224,0,224
Gladys,F,217677,10,217667
Gleb,M,18,18,0
Glee,F,10,0,10
Gleen,M,32,32,0
Glema,F,22,0,22
Glen,M,119272,119244,28
Glena,F,60,0,60
Glenadine,F,5,0,5
Glenda,F,105352,0,105352
Glendal,M,5,5,0
Glendale,M,5,5,0
Glendaliz,F,6,0,6
Glendaly,F,12,0,12
Glendel,M,20,20,0
Glendell,M,24,24,0
Glender,F,5,0,5
Glendola,F,5,0,5
Glendon,M,1029,1029,0
Glendora,F,370,0,370
Glendy,F,38,0,38
Gleneva,F,5,0,5
Glenford,M,19,19,0
Glenice,F,46,0,46
Glenisha,F,5,0,5
Glenn,M,240703,240626,77
Glenna,F,20521,0,20521
Glennda,F,16,0,16
Glennie,F,531,0,531
Glennis,F,286,107,179
Glennon,M,838,838,0
Glenny,F,12,0,12
Glenora,F,10,0,10
Glenston,M,5,5,0
Glenville,M,5,5,0
Glenwood,M,715,715,0
Glenys,F,22,0,22
Glida,F,5,0,5
Glinda,F,1366,0,1366
Glori,F,10,0,10
Gloria,F,408697,329,408368
Gloriajean,F,5,0,5
Gloriana,F,16,0,16
Glorimar,F,14,0,14
Gloristine,F,5,0,5
Glory,F,1078,0,1078
Glover,M,126,126,0
Glyn,M,257,252,5
Glynda,F,1250,0,1250
Glynis,F,902,0,902
Glynn,M,2591,2586,5
Glynna,F,18,0,18
Glynnis,F,19,0,19
Gobel,M,23,23,0
Goble,M,32,32,0
Goddess,F,27,0,27
Godfrey,M,416,416,0
Godric,M,17,17,0
Godson,M,5,5,0
Godwin,M,6,6,0
Goebel,M,25,25,0
Gohan,M,30,30,0
Gohar,F,15,0,15
Gola,F,12,0,12
Golda,F,2115,0,2115
Golden,U,592,352,240
Goldia,F,525,0,525
Goldie,F,22607,5,22602
Goldman,M,16,16,0
Goldy,F,809,0,809
Gomer,M,24,24,0
Gonsalo,M,54,54,0
Gonzala,F,5,0,5
Gonzalo,M,8002,8002,0
Gopi,F,6,0,6
Gor,M,46,46,0
Gordana,F,5,0,5
Gordean,F,5,0,5
Gorden,M,195,195,0
Gordie,U,15,10,5
Gordon,M,147145,147128,17
Gordy,M,15,15,0
Goree,M,15,15,0
Goretti,F,5,0,5
Gorge,M,1303,1303,0
Gorgeous,F,5,0,5
Gorje,M,27,27,0
Gorman,M,24,24,0
Goro,M,38,38,0
Gotham,M,27,27,0
Gottlieb,M,50,50,0
Gottlob,M,5,5,0
Govanni,M,28,28,0
Grabiel,M,149,149,0
Grabiela,F,175,0,175
Grace,F,422724,62,422662
Graceann,F,112,0,112
Graceanne,F,10,0,10
Gracee,F,387,0,387
Gracelyn,F,8406,0,8406
Gracelynn,F,5507,0,5507
Gracelynne,F,5,0,5
Gracemarie,F,11,0,11
Gracen,F,848,131,717
Graceson,M,15,15,0
Gracey,F,1107,0,1107
Graceyn,F,6,0,6
Graci,F,507,0,507
Gracia,F,77,0,77
Graciana,F,5,0,5
Graciano,M,37,37,0
Gracie,F,66904,16,66888
Graciela,F,13123,5,13118
Graciella,F,219,0,219
Gracin,M,34,34,0
Gracy,F,171,0,171
Gracyn,F,2190,0,2190
Graden,M,24,24,0
Gradie,U,16,10,6
Grady,M,41101,41076,25
Gradyn,M,5,5,0
Grae,M,5,5,0
Graeme,M,904,904,0
Graeson,M,30,30,0
Grafton,M,11,11,0
Graham,M,37300,37300,0
Grahm,M,5,5,0
Graig,M,313,313,0
Grainne,F,6,0,6
Graison,M,5,5,0
Granger,M,170,170,0
Grant,M,117438,117431,7
Granville,M,1975,1975,0
Graple,F,5,0,5
Grasiela,F,40,0,40
Grason,M,6,6,0
Graviela,F,15,0,15
Gray,M,1094,1043,51
Grayce,F,1115,0,1115
Graycee,F,10,0,10
Graycen,F,63,15,48
Graycie,F,10,0,10
Grayden,M,638,638,0
Graydon,M,431,431,0
Grayland,M,5,5,0
Graylin,M,24,24,0
Grayling,M,107,107,0
Graysen,M,1695,1642,53
Grayson,M,70657,68366,2291
Grayton,M,16,16,0
Grazia,F,11,0,11
Graziella,F,65,0,65
Grecia,F,3929,0,3929
Greco,M,39,39,0
Gredmarie,F,18,0,18
Green,M,498,498,0
Greenlee,F,121,0,121
Greenley,F,5,0,5
Greer,F,413,5,408
Greg,M,74763,74763,0
Gregario,M,5,5,0
Gregg,M,33125,33120,5
Greggory,M,2009,2009,0
Gregor,M,52,52,0
Gregoria,F,1389,6,1383
Gregorio,M,8045,8045,0
Gregorita,F,13,0,13
Gregory,M,705341,704470,871
Gregrey,M,5,5,0
Gregroy,M,5,5,0
Greicy,F,5,0,5
Greidy,F,6,0,6
Greidys,F,183,0,183
Greig,M,11,11,0
Greisy,F,5,0,5
Greko,M,5,5,0
Gresia,F,10,0,10
Greta,F,18988,0,18988
Gretchen,F,47823,0,47823
Gretel,F,181,0,181
Grethel,F,47,0,47
Gretta,F,542,0,542
Grettel,F,298,0,298
Grettell,F,10,0,10
Grey,M,1718,1615,103
Greydis,F,65,0,65
Greydon,M,6,6,0
Greysen,M,772,772,0
Greyson,M,28902,28859,43
Gricel,F,106,0,106
Gricelda,F,1073,0,1073
Grier,F,26,10,16
Griffen,M,376,376,0
Griffey,M,7,7,0
Griffin,M,35545,35520,25
Griffith,M,39,39,0
Grigor,M,144,144,0
Grisel,F,950,6,944
Griselda,F,7289,10,7279
Grisell,F,15,0,15
Griselle,F,78,0,78
Grissel,F,39,0,39
Grizel,F,12,0,12
Grizelda,F,46,0,46
Grover,M,18353,18347,6
Gryffin,M,48,48,0
Gryphon,M,23,23,0
Guadalupe,F,83695,22131,61564
Guadelupe,F,5,0,5
Guadlupe,F,10,5,5
Guadulupe,F,5,0,5
Gualberto,M,50,50,0
Gudalupe,F,5,0,5
Gudelia,F,5,0,5
Gudrun,F,62,0,62
Guerin,M,6,6,0
Guerino,M,30,30,0
Guerline,F,20,0,20
Guerry,M,5,5,0
Guido,M,1822,1822,0
Guilford,M,5,5,0
Guilherme,M,190,190,0
Guiliana,F,79,0,79
Guilianna,F,10,0,10
Guillerma,F,6,0,6
Guillermina,F,1236,0,1236
Guillermo,M,27062,27052,10
Guinevere,F,814,0,814
Guinn,M,16,16,0
Guisela,F,5,0,5
Guiselle,F,18,0,18
Guiseppe,M,60,60,0
Gulianna,F,17,0,17
Gumaro,M,122,122,0
Gumecindo,M,44,44,0
Gumercindo,M,6,6,0
Gumesindo,M,15,15,0
Gunhild,F,12,0,12
Gunnar,M,11500,11495,5
Gunner,M,14940,14940,0
Gunter,M,5,5,0
Gunther,M,89,89,0
Gurbaaz,M,5,5,0
Gurfateh,M,31,31,0
Gurjot,M,49,44,5
Gurkirat,M,6,6,0
Gurleen,F,281,0,281
Gurman,M,55,55,0
Gurneet,F,7,0,7
Gurney,M,344,344,0
Gurnie,M,10,10,0
Gurnoor,F,175,43,132
Gurpreet,U,202,146,56
Gurseerat,F,6,0,6
Gurshaan,M,49,49,0
Gurshan,M,88,88,0
Gursirat,F,5,0,5
Gurtaaj,M,5,5,0
Gurtaj,M,26,26,0
Gurtej,M,12,12,0
Gurveer,M,28,28,0
Gurvir,M,5,5,0
Gus,M,11223,11223,0
Guss,M,110,110,0
Gussie,F,7576,202,7374
Gust,M,390,390,0
Gusta,F,27,0,27
Gustabo,M,105,105,0
Gustaf,M,35,35,0
Gustav,M,979,979,0
Gustava,F,33,0,33
Gustave,M,2066,2066,0
Gustavia,F,75,0,75
Gustavo,M,34590,34561,29
Guthrie,M,11,11,0
Guy,M,78997,78997,0
Guydra,F,5,0,5
Guynell,F,13,0,13
Gwen,F,24701,0,24701
Gwenda,F,671,0,671
Gwendalyn,F,89,0,89
Gwendlyn,F,6,0,6
Gwendlyon,F,6,0,6
Gwendol,F,10,0,10
Gwendola,F,6,0,6
Gwendolyn,F,113221,0,113221
Gwendolynn,F,38,0,38
Gweneth,F,84,0,84
Gwenevere,F,50,0,50
Gwenivere,F,12,0,12
Gwenn,F,221,0,221
Gwenyth,F,1352,0,1352
Gwyn,F,427,49,378
Gwyneth,F,3265,0,3265
Gwynn,F,16,0,16
Gwynne,F,91,0,91
Gwynneth,F,5,0,5
Gyanna,F,5,0,5
Gyasi,M,26,26,0
Gypsy,F,65,0,65
Gyselle,F,36,0,36
Gyzelle,F,12,0,12
Ha,F,150,5,145
Haadi,M,6,6,0
Haaheo,M,11,11,0
Haakon,M,40,40,0
Haaris,M,6,6,0
Haasini,F,16,0,16
Habib,M,100,100,0
Habiba,F,129,0,129
Hachiro,M,6,6,0
Hadar,F,16,0,16
Hadasa,F,111,0,111
Hadassa,F,451,0,451
Hadassah,F,4001,0,4001
Hadden,M,15,15,0
Haddie,F,587,0,587
Haddon,M,33,33,0
Hade,F,5,0,5
Hadeel,F,140,0,140
Haden,M,1930,1930,0
Hadi,M,987,987,0
Hadia,F,51,0,51
Hadiya,F,80,0,80
Hadiyah,F,16,0,16
Hadja,F,25,0,25
Hadlee,F,1997,0,1997
Hadleigh,F,1621,0,1621
Hadley,F,25294,145,25149
Hadlie,F,100,0,100
Hadrian,M,35,35,0
Hady,M,5,5,0
Hadyn,U,75,47,28
Hae,F,24,0,24
Haedyn,F,5,0,5
Haelee,F,5,0,5
Haeley,F,5,0,5
Haely,F,5,0,5
Haelyn,F,5,0,5
Hafsa,F,855,0,855
Hafsah,F,77,0,77
Hagan,M,284,284,0
Hagen,M,1224,1224,0
Hager,M,25,25,0
Hagop,M,204,204,0
Hai,M,156,156,0
Haidar,M,47,47,0
Haide,F,39,0,39
Haidee,F,123,0,123
Haiden,M,2531,2127,404
Haider,M,173,173,0
Haidi,F,5,0,5
Haidy,F,24,0,24
Haidyn,F,647,50,597
Haifa,F,6,0,6
Haig,M,136,136,0
Haik,M,68,68,0
Haile,F,134,5,129
Hailea,F,5,0,5
Hailee,F,13360,5,13355
Hailei,F,10,0,10
Haileigh,F,502,0,502
Hailey,F,156127,27,156100
Haili,F,55,0,55
Hailie,F,4142,0,4142
Haille,F,11,0,11
Hailley,F,23,0,23
Haillie,F,26,0,26
Haily,F,1462,0,1462
Hailyn,F,17,0,17
Haim,M,17,17,0
Haines,M,5,5,0
Hairo,M,5,5,0
Haisley,F,270,0,270
Haizel,F,5,0,5
Haizlee,F,6,0,6
Haizley,F,32,0,32
Haja,F,5,0,5
Hajar,F,66,0,66
Hajime,M,81,81,0
Hajj,M,5,5,0
Hajra,F,22,0,22
Hakeem,M,3465,3465,0
Hakim,M,911,911,0
Hakob,M,19,19,0
Hakop,M,224,224,0
Hal,M,11870,11870,0
Hala,F,340,7,333
Halbert,M,38,38,0
Haldrin,M,5,5,0
Hale,M,5,5,0
Halee,F,1426,0,1426
Haleem,M,17,17,0
Haleema,F,34,0,34
Haleigh,F,12326,6,12320
Halen,U,159,107,52
Halena,F,18,0,18
Haley,F,153764,70,153694
Hali,F,2556,0,2556
Halia,F,168,0,168
Halie,F,5712,0,5712
Haliegh,F,11,0,11
Haliey,F,6,0,6
Halima,F,465,0,465
Halimah,F,17,0,17
Halimatou,F,5,0,5
Halina,F,62,0,62
Hall,M,35,35,0
Halle,F,12261,0,12261
Hallee,F,163,0,163
Halleigh,F,6,0,6
Hallet,M,5,5,0
Halley,F,1676,5,1671
Halli,F,181,0,181
Hallie,F,22255,120,22135
Hally,F,5,0,5
Halo,F,731,10,721
Haloa,M,8,8,0
Halsey,M,22,22,0
Halston,M,48,48,0
Halyn,F,15,0,15
Hamad,M,15,15,0
Hamda,F,5,0,5
Hamdan,M,13,13,0
Hamdi,F,80,5,75
Hamed,M,39,39,0
Hameed,M,5,5,0
Hamid,M,88,88,0
Hamilton,M,1624,1624,0
Hamish,M,5,5,0
Hamlet,M,10,10,0
Hammad,M,40,40,0
Hammond,M,12,12,0
Hamp,M,100,100,0
Hampton,M,1326,1326,0
Hamsa,M,23,23,0
Hamse,M,5,5,0
Hamza,M,5665,5665,0
Hamzah,M,400,400,0
Hamze,M,5,5,0
Han,F,212,65,147
Hana,F,7804,0,7804
Hanaa,F,10,0,10
Hanad,M,102,102,0
Hanae,F,20,0,20
Hanah,F,607,0,607
Hanako,F,158,0,158
Hanalei,F,16,0,16
Hanan,F,551,0,551
Hanayo,F,6,0,6
Handy,M,20,20,0
Haneef,M,163,163,0
Haneefah,F,45,0,45
Haneen,F,228,0,228
Hang,F,139,0,139
Hanh,F,166,6,160
Hani,M,23,23,0
Hania,F,123,0,123
Haniel,M,22,22,0
Hanif,M,180,180,0
Hanifah,F,6,0,6
Haniya,F,201,0,201
Haniyah,F,5,0,5
Haniyyah,F,5,0,5
Hank,M,7151,7151,0
Hanley,M,31,31,0
Hanna,F,33865,11,33854
Hannah,F,416240,142,416098
Hannahgrace,F,5,0,5
Hannaley,F,11,0,11
Hannan,F,22,0,22
Hannia,F,245,0,245
Hannibal,M,15,15,0
Hannie,F,5,0,5
Hanniel,M,6,6,0
Hanny,F,6,0,6
Hannya,F,5,0,5
Hanoch,M,6,6,0
Hans,M,8869,8869,0
Hansel,M,837,837,0
Hansell,M,6,6,0
Hansen,M,59,59,0
Hansford,M,89,89,0
Hansika,F,35,0,35
Hanson,M,243,243,0
Hanzel,M,10,10,0
Hao,M,51,51,0
Happy,M,13,13,0
Haralambos,M,10,10,0
Harald,M,22,22,0
Harbor,F,52,6,46
Harce,M,6,6,0
Hardeep,M,15,15,0
Harden,M,141,141,0
Hardie,M,48,48,0
Hardin,M,120,120,0
Harding,M,444,444,0
Hardwick,M,10,10,0
Hardy,M,2201,2201,0
Hareem,F,115,0,115
Harel,M,11,11,0
Hargis,M,100,100,0
Hargun,F,49,0,49
Hargus,M,5,5,0
Hari,M,81,81,0
Harim,M,10,10,0
Harini,F,123,0,123
Haris,M,542,542,0
Harish,M,29,29,0
Harjot,M,116,109,7
Harkiran,F,5,0,5
Harkirat,M,5,5,0
Harl,M,11,11,0
Harlan,M,17594,17578,16
Harland,M,2047,2047,0
Harlea,F,5,0,5
Harlean,F,5,0,5
Harlee,F,3809,17,3792
Harleen,F,534,0,534
Harlei,F,10,0,10
Harleigh,F,2116,0,2116
Harlem,M,1119,929,190
Harlen,M,380,380,0
Harlene,F,240,0,240
Harless,M,50,50,0
Harley,U,53520,31777,21743
Harleyquinn,F,5,0,5
Harli,F,169,0,169
Harlie,F,2102,36,2066
Harlin,M,92,92,0
Harlon,M,242,242,0
Harlow,F,5120,281,4839
Harlowe,F,49,0,49
Harlym,F,11,0,11
Harlyn,F,372,7,365
Harlynn,F,180,0,180
Harm,M,13,13,0
Harman,M,232,226,6
Harmehar,F,5,0,5
Harmon,M,2459,2459,0
Harmonee,F,257,0,257
Harmoney,F,26,0,26
Harmoni,F,2065,0,2065
Harmonie,F,994,0,994
Harmonii,F,36,0,36
Harmony,F,22345,0,22345
Harneet,F,36,0,36
Harnoor,F,119,12,107
Harold,M,526233,525797,436
Harolyn,F,24,0,24
Haroon,M,310,310,0
Harout,M,226,226,0
Haroutun,M,5,5,0
Harpal,M,6,6,0
Harper,F,72736,3412,69324
Harpreet,F,226,117,109
Harrel,M,60,60,0
Harrell,M,835,835,0
Harriet,F,72868,0,72868
Harriett,F,15078,0,15078
Harriette,F,4859,0,4859
Harrington,M,5,5,0
Harris,M,9462,9462,0
Harrison,M,67052,67046,6
Harrold,M,131,131,0
Harroll,M,5,5,0
Harry,M,356859,356661,198
Harsh,M,162,162,0
Harsha,M,7,7,0
Harshaan,M,6,6,0
Harshdeep,M,5,5,0
Harshil,M,17,17,0
Harshini,F,15,0,15
Harshita,F,20,0,20
Harshith,M,6,6,0
Harsimran,F,11,0,11
Hart,M,19,19,0
Hartlee,F,18,0,18
Hartley,F,508,48,460
Hartsel,M,12,12,0
Hartwell,M,5,5,0
Haru,M,15,15,0
Harue,F,187,0,187
Haruka,F,97,0,97
Haruki,M,45,45,0
Haruko,F,550,0,550
Harumi,F,73,0,73
Harun,M,67,67,0
Haruna,F,6,0,6
Haruo,M,306,306,0
Harut,M,44,44,0
Haruto,M,24,24,0
Harutun,M,16,16,0
Harutyun,M,62,62,0
Haruye,F,35,0,35
Haruyo,F,24,0,24
Haruyoshi,M,6,6,0
Harvard,M,5,5,0
Harveen,F,10,0,10
Harveer,M,5,5,0
Harvel,M,21,21,0
Harvey,M,107775,107759,16
Harvie,M,397,397,0
Harvin,M,5,5,0
Harvy,M,76,76,0
Harwell,M,5,5,0
Hasaan,M,21,21,0
Hasan,M,2748,2748,0
Hasani,M,237,237,0
Haseeb,M,76,76,0
Haset,F,15,0,15
Hashem,M,25,25,0
Hashim,M,362,362,0
Hashir,M,33,33,0
Hasina,F,6,0,6
Hasini,F,111,0,111
Haskel,M,275,275,0
Haskell,M,1782,1782,0
Hasker,M,8,8,0
Haskie,M,5,5,0
Hasmik,F,38,0,38
Hasnain,M,10,10,0
Hason,M,19,19,0
Hassaan,M,6,6,0
Hassan,M,7597,7592,5
Hassana,F,27,0,27
Hassanah,F,10,0,10
Hassani,M,5,5,0
Hassel,M,77,77,0
Hassell,M,51,51,0
Hassie,F,377,0,377
Hasson,M,27,27,0
Hatcher,M,42,42,0
Hathaway,F,14,0,14
Hatim,M,5,5,0
Hatsue,F,174,0,174
Hatsuko,F,153,0,153
Hatsumi,F,28,0,28
Hatsuye,F,8,0,8
Hatsuyo,F,23,0,23
Hattie,F,59943,0,59943
Haunani,F,46,0,46
Hava,F,5,0,5
Havana,F,204,0,204
Havanna,F,39,0,39
Haven,F,12766,1325,11441
Havis,M,7,7,0
Havyn,F,119,0,119
Hawa,F,718,0,718
Hawk,M,117,117,0
Hawkins,M,75,75,0
Hawraa,F,10,0,10
Hawthorne,M,5,5,0
Haya,F,304,0,304
Hayat,F,39,0,39
Hayato,M,11,11,0
Hayde,F,22,0,22
Haydee,F,2046,0,2046
Hayden,M,117343,92937,24406
Haydin,M,15,15,0
Haydn,M,347,347,0
Haydon,M,173,173,0
Haydyn,M,10,10,0
Hayes,M,4482,4460,22
Haygen,M,48,48,0
Hayk,M,155,155,0
Hayla,F,5,0,5
Hayle,F,394,0,394
Haylea,F,77,0,77
Haylee,F,26704,8,26696
Haylei,F,92,0,92
Hayleigh,F,3624,0,3624
Haylen,F,142,5,137
Hayley,F,46726,9,46717
Hayli,F,497,0,497
Haylie,F,7994,0,7994
Haylin,F,16,0,16
Haynes,M,7,7,0
Hays,M,32,32,0
Hayslee,F,5,0,5
Hayven,F,252,0,252
Hayward,M,2307,2307,0
Haywood,M,3473,3473,0
Hayze,M,17,17,0
Hayzel,F,29,0,29
Hayzlee,F,7,0,7
Hazael,M,119,119,0
Haze,M,30,30,0
Hazel,F,205626,1110,204516
Hazeleen,F,10,0,10
Hazelene,F,34,0,34
Hazeline,F,121,0,121
Hazell,F,11,0,11
Hazelle,F,44,0,44
Hazelynn,F,9,0,9
Hazen,M,246,246,0
Haziel,M,330,330,0
Hazle,F,755,0,755
Hearl,M,15,15,0
Heath,M,25255,25255,0
Heather,F,522834,305,522529
Heaven,F,23436,11,23425
Heavenlee,F,67,0,67
Heavenleigh,F,11,0,11
Heavenly,F,2188,0,2188
Heavyn,F,142,0,142
Heba,F,313,0,313
Hebe,F,31,0,31
Heber,M,893,893,0
Hebert,M,59,59,0
Heberto,M,39,39,0
Hector,M,97991,97825,166
Hedda,F,27,0,27
Hedwig,F,1482,0,1482
Hedy,F,702,0,702
Hee,F,5,0,5
Heela,F,5,0,5
Heena,F,31,0,31
Heer,F,21,0,21
Heflin,M,5,5,0
Heide,F,684,0,684
Heidi,F,140716,0,140716
Heidie,F,5,0,5
Heidy,F,3738,0,3738
Heiley,F,18,0,18
Heily,F,233,0,233
Heinrich,M,12,12,0
Heinz,M,64,64,0
Heiress,F,17,0,17
Heith,M,8,8,0
Heitor,M,9,9,0
Heladio,M,5,5,0
Helaina,F,36,0,36
Helaine,F,829,0,829
Helaman,M,21,21,0
Helane,F,27,0,27
Helayna,F,10,0,10
Helayne,F,38,0,38
Helder,M,5,5,0
Helen,F,898496,602,897894
Helena,F,26284,0,26284
Helene,F,26005,0,26005
Helga,F,459,0,459
Helio,M,24,24,0
Heliodoro,M,15,15,0
Helios,M,29,29,0
Hellen,F,4042,0,4042
Hellon,F,33,0,33
Helma,F,6,0,6
Helmer,M,157,157,0
Helmi,F,116,0,116
Helmut,M,30,30,0
Helmuth,M,88,88,0
Heloise,F,54,0,54
Helon,F,127,0,127
Helvi,F,26,0,26
Helyn,F,170,0,170
Hema,F,5,0,5
Hena,F,5,0,5
Henchy,F,159,0,159
Hendel,F,30,0,30
Henderson,M,1034,1034,0
Hendrick,M,122,122,0
Hendrik,M,133,133,0
Hendrix,M,3866,3791,75
Hendy,F,122,0,122
Henery,M,244,244,0
Henessy,F,35,0,35
Henlee,F,10,0,10
Henleigh,F,32,0,32
Henley,F,2996,201,2795
Henna,F,462,0,462
Hennessey,F,22,0,22
Hennessy,F,619,0,619
Hennesy,F,12,0,12
Henning,M,6,6,0
Henny,F,545,0,545
Henoch,M,6,6,0
Henok,M,5,5,0
Henrene,F,12,0,12
Henretta,F,291,0,291
Henri,M,1306,1275,31
Henrick,M,11,11,0
Henrietta,F,36402,0,36402
Henriette,F,140,0,140
Henrik,M,1359,1359,0
Henrine,F,28,0,28
Henrique,M,52,52,0
Henrry,M,140,140,0
Henry,M,612154,610752,1402
Henryetta,F,10,0,10
Henryk,M,32,32,0
Hensel,M,7,7,0
Henslee,F,5,0,5
Hensley,F,325,0,325
Henson,M,5,5,0
Henya,F,21,0,21
Hera,F,67,0,67
Heraclio,M,53,53,0
Herald,M,39,39,0
Heraldo,M,5,5,0
Herb,M,422,422,0
Herber,M,6,6,0
Herbert,M,208064,208033,31
Herberth,M,15,15,0
Herberto,M,5,5,0
Herbie,M,58,58,0
Herby,M,15,15,0
Herchel,M,5,5,0
Hercules,M,255,255,0
Heriberta,F,5,0,5
Heriberto,M,8085,8085,0
Herley,M,5,5,0
Herlinda,F,3463,0,3463
Herma,F,57,0,57
Hermalinda,F,6,0,6
Herman,M,119103,119088,15
Hermann,M,16,16,0
Hermelinda,F,1409,0,1409
Hermenegildo,M,5,5,0
Hermenia,F,5,0,5
Hermes,M,39,39,0
Hermie,F,21,0,21
Hermila,F,73,0,73
Hermilo,M,154,154,0
Hermina,F,368,0,368
Hermine,F,347,0,347
Herminia,F,2646,0,2646
Herminio,M,523,523,0
Hermione,F,327,0,327
Hermon,M,2184,2184,0
Hernan,M,3239,3239,0
Hernando,M,40,40,0
Hernesto,M,5,5,0
Hero,M,73,73,0
Herold,M,5,5,0
Heron,M,85,85,0
Hersch,M,12,12,0
Herschel,M,6170,6170,0
Herschell,M,90,90,0
Hersey,M,10,10,0
Hersh,M,408,408,0
Hershal,M,37,37,0
Hershel,M,6960,6960,0
Hershell,M,421,421,0
Hershy,M,544,544,0
Herson,M,63,63,0
Hertha,F,216,0,216
Heru,M,7,7,0
Herve,M,176,176,0
Hervey,M,80,80,0
Hesham,M,10,10,0
Heshimu,M,5,5,0
Heshy,M,11,11,0
Hessie,F,168,0,168
Hester,F,7792,12,7780
Heston,M,312,312,0
Hetal,F,8,0,8
Hether,F,11,0,11
Hettie,F,2543,0,2543
Hewitt,M,55,55,0
Heydi,F,161,0,161
Heydy,F,10,0,10
Heyward,M,1343,1343,0
Heywood,M,5,5,0
Hezekiah,M,4026,4026,0
Hezzie,M,5,5,0
Hiawatha,M,43,38,5
Hiba,F,715,0,715
Hibah,F,34,0,34
Hibba,F,5,0,5
Hideko,F,249,0,249
Hidemi,M,5,5,0
Hideo,M,673,673,0
Hiedi,F,89,0,89
Hien,F,101,42,59
Hiep,M,5,5,0
Hieu,M,233,233,0
Higinio,M,191,191,0
Hiiaka,F,7,0,7
Hiilani,F,84,0,84
Hiilei,F,52,0,52
Hijinio,M,5,5,0
Hikari,F,18,0,18
Hikaru,M,6,6,0
Hikma,F,5,0,5
Hila,F,23,0,23
Hilaria,F,461,0,461
Hilarie,F,35,0,35
Hilario,M,3101,3101,0
Hilary,F,21088,231,20857
Hilbert,M,463,463,0
Hilberto,M,5,5,0
Hilda,F,64269,5,64264
Hildagarde,F,5,0,5
Hilde,F,10,0,10
Hildegard,F,503,0,503
Hildegarde,F,762,0,762
Hilding,M,10,10,0
Hildred,F,589,5,584
Hildreth,F,38,0,38
Hildur,F,83,0,83
Hildy,F,56,0,56
Hiliana,F,59,0,59
Hilinai,F,49,0,49
Hilja,F,5,0,5
Hill,M,10,10,0
Hillard,M,552,552,0
Hillarie,F,11,0,11
Hillary,F,25852,105,25747
Hillel,M,616,616,0
Hillery,F,52,30,22
Hilliard,M,356,356,0
Hilliary,F,5,0,5
Hillis,M,11,11,0
Hillman,M,5,5,0
Hilma,F,409,0,409
Hilman,M,5,5,0
Hilmar,M,39,39,0
Hilmer,M,44,44,0
Hilton,M,3380,3380,0
Himani,F,8,0,8
Hina,F,80,0,80
Hinaea,F,5,0,5
Hinata,F,5,0,5
Hinckley,M,12,12,0
Hinda,F,706,0,706
Hindel,F,10,0,10
Hindy,F,1250,0,1250
Hinton,M,51,51,0
Hipolito,M,1028,1028,0
Hira,F,127,0,127
Hiral,F,5,0,5
Hiram,M,7227,7227,0
Hiren,M,11,11,0
Hiro,M,134,134,0
Hiroki,M,29,29,0
Hiroko,F,144,0,144
Hiromi,F,50,0,50
Hiromu,M,27,27,0
Hiromy,F,10,0,10
Hiroshi,M,970,970,0
Hiroto,M,12,12,0
Hirving,M,5,5,0
Hisae,F,50,0,50
Hisako,F,265,0,265
Hisao,M,98,98,0
Hisashi,M,60,60,0
Hisaye,F,11,0,11
Hisayo,F,26,0,26
Hisham,M,83,83,0
Hitoshi,M,48,48,0
Hiya,F,10,0,10
Hiyab,F,5,0,5
Hjalmer,M,34,34,0
Hjordis,F,5,0,5
Hlee,F,10,0,10
Ho,M,5,5,0
Hoa,F,165,80,85
Hoai,F,5,0,5
Hoang,M,240,235,5
Hobart,M,1223,1223,0
Hobby,M,9,9,0
Hobert,M,3482,3482,0
Hobie,M,5,5,0
Hobson,M,33,33,0
Hoby,M,10,10,0
Hoda,F,6,0,6
Hodan,F,28,0,28
Hodari,M,10,10,0
Hodaya,F,42,0,42
Hodge,M,5,5,0
Hogan,M,172,172,0
Hoke,M,256,256,0
Hokulani,F,29,0,29
Holden,M,19770,19770,0
Holdyn,M,12,12,0
Holiday,F,16,0,16
Hollace,F,61,0,61
Holland,F,2523,168,2355
Hollee,F,16,0,16
Holley,F,1418,0,1418
Holli,F,5488,0,5488
Hollie,F,14080,141,13939
Hollis,M,10320,9091,1229
Holly,F,198027,66,197961
Hollyann,F,23,0,23
Hollye,F,17,0,17
Hollyn,F,164,0,164
Holmes,M,16,16,0
Holston,M,13,13,0
Holt,M,265,265,0
Holten,M,5,5,0
Holton,M,94,94,0
Homar,M,246,246,0
Homer,M,49456,49451,5
Homero,M,2859,2859,0
Honesti,F,147,0,147
Honesty,F,2328,0,2328
Honey,F,918,0,918
Hong,F,171,46,125
Honor,F,664,174,490
Honora,F,202,0,202
Honore,F,5,0,5
Honorio,M,21,21,0
Hooper,M,11,11,0
Hoorain,F,53,0,53
Hooria,F,7,0,7
Hoover,M,573,573,0
Hope,F,82889,13,82876
Hopie,F,10,0,10
Horace,M,44966,44966,0
Horacio,M,3017,3017,0
Horatio,M,61,61,0
Hortence,F,11,0,11
Hortencia,F,3283,0,3283
Hortense,F,3017,0,3017
Hortensia,F,1191,0,1191
Horton,M,10,10,0
Hosanna,F,199,0,199
Hosea,M,1442,1442,0
Hosey,M,16,16,0
Hosie,M,195,195,0
Hoskie,M,6,6,0
Hossain,M,5,5,0
Houa,F,74,26,48
Houston,M,10608,10608,0
Hovanes,M,60,60,0
Hovannes,M,15,15,0
Hovhannes,M,34,34,0
Hovie,M,5,5,0
Hovig,M,6,6,0
Hovik,M,13,13,0
Hovsep,M,21,21,0
Howard,M,324280,324220,60
Howell,M,1392,1392,0
Howie,M,64,64,0
Hoy,M,87,87,0
Hoyle,M,437,437,0
Hoyt,M,4613,4613,0
Hoyte,M,31,31,0
Hozie,M,5,5,0
Hrach,M,10,10,0
Hrag,M,16,16,0
Hridaan,M,5,5,0
Hridhaan,M,17,17,0
Hripsime,F,5,0,5
Hristopher,M,5,5,0
Hser,F,5,0,5
Huan,M,5,5,0
Hubbard,M,64,64,0
Hubbie,F,5,0,5
Huber,M,11,11,0
Hubert,M,50246,50246,0
Huck,M,151,151,0
Huda,F,407,0,407
Hudaifa,M,5,5,0
Hudes,F,5,0,5
Hudeyfa,M,5,5,0
Hudis,F,5,0,5
Hudsen,M,10,10,0
Hudson,M,51821,51431,390
Hudsyn,F,38,5,33
Hudy,F,5,0,5
Hue,M,48,48,0
Huel,M,16,16,0
Huey,M,4584,4584,0
Hugh,M,70065,70059,6
Hughes,M,46,46,0
Hughey,M,11,11,0
Hughie,M,118,118,0
Hugo,M,26954,26949,5
Hui,F,7,0,7
Hulda,F,818,0,818
Huldah,F,6,0,6
Hulen,M,107,107,0
Hulene,F,12,0,12
Hulon,M,280,280,0
Huma,F,10,0,10
Humaira,F,26,0,26
Humbert,M,72,72,0
Humberto,M,13995,13995,0
Humphrey,M,11,11,0
Humza,M,395,395,0
Huner,M,7,7,0
Hung,M,399,399,0
Hunner,M,21,21,0
Hunt,M,5,5,0
Hunter,M,236042,225878,10164
Huntley,U,43,33,10
Huong,F,231,0,231
Hurbert,M,16,16,0
Huriel,M,67,67,0
Hurley,M,422,422,0
Hurschel,M,5,5,0
Hurshel,M,108,108,0
Husam,M,6,6,0
Husayn,M,5,5,0
Husna,F,84,0,84
Hussain,M,479,479,0
Hussein,M,1586,1586,0
Hussien,M,74,74,0
Huston,M,505,505,0
Hutch,M,5,5,0
Hutson,M,62,62,0
Hutton,M,18,18,0
Huxley,M,784,779,5
Huxton,M,10,10,0
Huy,M,749,749,0
Huyen,F,51,0,51
Huzaifa,M,23,23,0
Hy,M,17,17,0
Hyacinth,F,17,0,17
Hydeia,F,48,0,48
Hydia,F,13,0,13
Hye,F,28,0,28
Hykeem,M,16,16,0
Hyman,M,4286,4286,0
Hymen,M,135,135,0
Hymie,M,5,5,0
Hyrum,M,1677,1677,0
Hyun,F,15,5,10
Ia,F,23,0,23
Iaan,M,10,10,0
Iain,M,846,846,0
Iam,M,10,10,0
Ian,M,220196,220136,60
Iana,F,40,0,40
Iann,M,110,110,0
Ianna,F,226,0,226
Iantha,F,10,0,10
Iasia,F,102,0,102
Iban,M,179,179,0
Ibeth,F,73,0,73
Ibis,F,5,0,5
Ibn,M,440,440,0
Ibraheem,M,403,403,0
Ibrahim,M,9907,9907,0
Ibrahima,M,406,406,0
Ibrohim,M,6,6,0
Ibtisam,F,18,0,18
Icarus,M,6,6,0
Icel,F,11,0,11
Icela,F,19,0,19
Iceola,F,5,0,5
Icey,F,5,0,5
Ichael,M,7,7,0
Ichiro,M,146,146,0
Icie,F,234,0,234
Icker,M,37,37,0
Icsel,F,5,0,5
Icy,F,39,0,39
Ida,F,123945,5,123940
Idabelle,F,15,0,15
Idali,F,48,0,48
Idalia,F,1612,0,1612
Idalie,F,28,0,28
Idalina,F,5,0,5
Idalis,F,344,0,344
Idalmis,F,5,0,5
Idaly,F,462,0,462
Idalys,F,10,0,10
Idamae,F,22,0,22
Idan,M,123,123,0
Idania,F,194,0,194
Idell,F,1646,0,1646
Idella,F,2662,0,2662
Idelle,F,42,0,42
Iden,M,36,36,0
Idil,F,10,0,10
Idman,F,5,0,5
Idolina,F,255,0,255
Idonia,F,11,0,11
Idrees,M,32,32,0
Idris,M,1281,1281,0
Idrissa,M,6,6,0
Idus,M,33,33,0
Idy,F,192,0,192
Ieasha,F,44,0,44
Ieisha,F,159,0,159
Iesha,F,5902,0,5902
Ieshia,F,684,0,684
Ieva,F,15,0,15
Ife,F,18,0,18
Ifeoluwa,F,28,0,28
Ifeoma,F,5,0,5
Ignace,M,6,6,0
Ignacia,F,548,0,548
Ignacio,M,15324,15324,0
Ignacita,F,5,0,5
Ignatius,M,1266,1266,0
Ignatz,M,19,19,0
Ignazio,M,279,279,0
Igor,M,85,85,0
Ihor,M,30,30,0
Ihsan,M,33,33,0
Ijeoma,F,5,0,5
Ikaia,M,5,5,0
Ikaika,M,552,552,0
Ike,M,2078,2078,0
Ikea,F,259,7,252
Ikechukwu,M,16,16,0
Ikeem,M,46,46,0
Ikeni,M,7,7,0
Ikenna,M,57,57,0
Iker,M,11409,11409,0
Ikesha,F,5,0,5
Ikhlas,F,38,0,38
Ikia,F,5,0,5
Ikram,F,18,0,18
Ikran,F,23,0,23
Iktan,M,11,11,0
Ila,F,14981,0,14981
Ilah,F,184,0,184
Ilai,M,5,5,0
Ilaisaane,F,5,0,5
Ilan,M,1253,1253,0
Ilana,F,3165,0,3165
Ilani,F,37,0,37
Ilany,F,5,0,5
Ilaria,F,52,0,52
Ilay,M,15,15,0
Ilce,F,12,0,12
Ilda,F,294,0,294
Ildefonso,M,41,41,0
Ilea,F,5,0,5
Ilean,F,49,0,49
Ileana,F,3397,0,3397
Ileane,F,31,0,31
Ileanna,F,42,0,42
Ileen,F,457,0,457
Ileene,F,46,0,46
Ilena,F,15,0,15
Ilene,F,13346,0,13346
Ilette,F,6,0,6
Ilham,F,5,0,5
Ilhan,F,71,0,71
Ilia,F,54,0,54
Iliana,F,9140,0,9140
Ilianna,F,376,0,376
Ilias,M,149,149,0
Ilihia,F,5,0,5
Ilijah,M,33,33,0
Ilir,M,40,40,0
Ilisa,F,18,0,18
Ilissa,F,21,0,21
Iliya,M,13,13,0
Iliyan,M,8,8,0
Ilka,F,36,0,36
Illa,F,111,0,111
Illeana,F,44,0,44
Illiana,F,637,0,637
Illianna,F,28,0,28
Illona,F,22,0,22
Illya,M,42,42,0
Illyana,F,36,0,36
Ilma,F,5,0,5
Ilo,F,113,0,113
Ilona,F,1088,0,1088
Ilsa,F,10,0,10
Ilse,F,1100,0,1100
Ily,F,193,0,193
Ilya,M,151,151,0
Ilyana,F,284,0,284
Ilyanna,F,66,0,66
Ilyas,M,481,481,0
Ilyse,F,87,0,87
Ilyssa,F,146,0,146
Ima,F,4464,0,4464
Imaan,F,122,0,122
Imad,M,15,15,0
Imagene,F,134,0,134
Imagine,F,5,0,5
Imalay,F,13,0,13
Iman,F,3024,158,2866
Imane,F,22,0,22
Imani,F,21953,177,21776
Imanol,M,710,710,0
Imara,F,16,0,16
Imari,F,1094,75,1019
Imee,F,6,0,6
Imelda,F,4671,0,4671
Imer,M,5,5,0
Imir,M,11,11,0
Immaculate,F,20,0,20
Immanuel,M,2943,2943,0
Imo,F,94,0,94
Imogean,F,28,0,28
Imogen,F,835,0,835
Imogene,F,23720,0,23720
Imojean,F,29,0,29
Imoni,F,20,0,20
Imraan,M,6,6,0
Imran,M,1635,1635,0
Imron,M,9,9,0
Imunique,F,47,0,47
In,F,6,0,6
Ina,F,23098,0,23098
Inaara,F,19,0,19
Inaaya,F,468,0,468
Inaki,M,38,38,0
Inara,F,570,0,570
Inari,F,10,0,10
Inaya,F,745,0,745
Inayah,F,163,0,163
Indalecio,M,21,21,0
Indi,F,14,0,14
India,F,18494,5,18489
Indiana,F,453,193,260
Indica,F,5,0,5
Indie,F,532,0,532
Indigo,F,782,77,705
Indio,M,6,6,0
Indira,F,997,0,997
Indiya,F,10,0,10
Indra,F,36,0,36
Indy,F,108,45,63
Indya,F,361,0,361
Inell,F,1129,0,1129
Ines,F,2548,110,2438
Inessa,F,124,0,124
Inetha,F,5,0,5
Inez,F,52630,318,52312
Infant,F,7602,3944,3658
Infantboy,M,5,5,0
Infantof,F,124,57,67
Infboy,M,5,5,0
Infinite,M,12,12,0
Infiniti,F,37,0,37
Infinity,F,105,0,105
Inga,F,698,0,698
Inge,F,108,0,108
Ingeborg,F,135,0,135
Inger,F,378,0,378
Ingram,M,5,5,0
Ingrid,F,21304,5,21299
Ingris,F,10,0,10
Ingvald,M,23,23,0
Inigo,M,10,10,0
Inika,F,12,0,12
Inioluwa,F,13,0,13
Inis,F,90,0,90
Iniya,F,32,0,32
Inman,M,34,34,0
Inna,F,92,0,92
Inocencia,F,74,0,74
Inocencio,M,95,95,0
Inola,F,10,0,10
Insha,F,8,0,8
Insiya,F,6,0,6
Io,F,5,0,5
Ioane,M,15,15,0
Ioanna,F,50,0,50
Ioannis,M,357,357,0
Iokepa,M,37,37,0
Iola,F,5295,0,5295
Iolanda,F,11,0,11
Iolani,F,5,0,5
Iona,F,6485,0,6485
Ione,F,5631,0,5631
Iqra,F,411,0,411
Ira,M,44689,42169,2520
Iracema,F,15,0,15
Iraida,F,216,0,216
Iraima,F,5,0,5
Irais,F,229,0,229
Iram,M,324,324,0
Iran,F,369,198,171
Irania,F,122,0,122
Irany,F,5,0,5
Irasema,F,604,0,604
Irazema,F,5,0,5
Irbin,M,17,17,0
Irby,M,230,230,0
Irean,F,25,0,25
Ireland,F,4024,0,4024
Irelyn,F,340,0,340
Irelynn,F,345,0,345
Iremide,F,5,0,5
Irena,F,138,0,138
Irene,F,307622,51,307571
Ireoluwa,F,29,10,19
Ireon,F,5,0,5
Ireri,F,5,0,5
Ireta,F,5,0,5
Irfan,M,54,54,0
Iriana,F,100,0,100
Irianna,F,5,0,5
Iridian,F,395,0,395
Iridiana,F,65,0,65
Irie,F,823,36,787
Iriel,F,10,0,10
Irina,F,514,0,514
Irine,F,452,0,452
Irineo,M,60,60,0
Iris,F,74595,11,74584
Irish,F,91,0,91
Irja,F,14,0,14
Irl,M,10,10,0
Irlanda,F,336,0,336
Irma,F,62444,17,62427
Irmalinda,F,25,0,25
Irmgard,F,121,0,121
Ironesha,F,23,0,23
Irtaza,M,5,5,0
Irven,M,20,20,0
Irvin,M,32139,32139,0
Irvine,M,55,55,0
Irving,M,35986,35981,5
Irwin,M,11482,11482,0
Isa,U,1309,825,484
Isaac,M,266353,266292,61
Isaack,M,10,10,0
Isaah,M,23,23,0
Isaak,M,2267,2267,0
Isabeau,F,5,0,5
Isabel,F,108314,1145,107169
Isabela,F,8387,0,8387
Isabell,F,8485,0,8485
Isabella,F,315055,62,314993
Isabellah,F,21,0,21
Isabellamarie,F,21,0,21
Isabelle,F,81110,7,81103
Isabelly,F,13,0,13
Isac,M,1300,1300,0
Isacc,M,840,840,0
Isack,M,5,5,0
Isadora,F,1351,0,1351
Isadore,M,2762,2762,0
Isael,M,1049,1049,0
Isahi,M,39,39,0
Isai,M,4642,4642,0
Isaia,M,40,40,0
Isaiah,M,203902,203815,87
Isaiahs,M,15,15,0
Isaias,M,11534,11534,0
Isaid,M,6,6,0
Isaih,M,394,394,0
Isaiha,M,99,99,0
Isais,M,5,5,0
Isak,M,151,151,0
Isaly,F,47,0,47
Isamar,F,1734,56,1678
Isamara,F,9,0,9
Isami,M,100,100,0
Isamu,M,433,433,0
Isao,M,146,146,0
Isatou,F,73,0,73
Isatu,F,5,0,5
Isaul,M,17,17,0
Isaura,F,703,0,703
Isauro,M,74,74,0
Isayah,M,106,106,0
Iseah,M,34,34,0
Isel,F,63,0,63
Isela,F,4050,0,4050
Isella,F,23,0,23
Isha,F,2238,0,2238
Ishaan,M,2626,2626,0
Isham,M,20,20,0
Ishan,M,1219,1219,0
Ishana,F,22,0,22
Ishani,F,251,0,251
Ishanvi,F,31,0,31
Ishaq,M,57,57,0
Ishika,F,250,0,250
Ishita,F,92,0,92
Ishmael,M,2793,2793,0
Ishmel,M,10,10,0
Ishraq,M,10,10,0
Ishrat,F,10,0,10
Isiah,M,19593,19593,0
Isiaha,M,6,6,0
Isidor,M,97,97,0
Isidora,F,66,0,66
Isidore,M,1903,1903,0
Isidoro,M,584,584,0
Isidra,F,229,0,229
Isidro,M,5760,5760,0
Isis,F,9124,0,9124
Iskander,M,6,6,0
Isla,F,16970,0,16970
Islah,F,33,0,33
Islam,M,79,79,0
Isley,F,108,0,108
Ismaeel,M,23,23,0
Ismael,M,33039,33039,0
Ismahan,F,5,0,5
Ismail,M,1606,1606,0
Ismaila,M,6,6,0
Ismar,F,6,0,6
Ismay,F,5,0,5
Ismenia,F,13,0,13
Ismerai,F,25,0,25
Isobel,F,976,0,976
Isola,F,5,0,5
Isolde,F,17,0,17
Isolina,F,7,0,7
Isom,M,143,143,0
Isra,F,318,0,318
Israa,F,31,0,31
Israel,M,55542,55355,187
Isreal,M,1712,1712,0
Isrrael,M,136,136,0
Issa,M,647,549,98
Issabela,F,11,0,11
Issabella,F,568,0,568
Issac,M,17339,17339,0
Issack,M,7,7,0
Issai,M,7,7,0
Issaiah,M,65,65,0
Issak,M,108,108,0
Issamar,F,5,0,5
Issiah,M,292,292,0
Issis,F,6,0,6
Isys,F,17,0,17
Isyss,F,197,0,197
Ita,F,147,0,147
Itai,M,96,96,0
Italia,F,1245,0,1245
Italo,M,85,85,0
Italy,F,541,0,541
Itamar,M,39,39,0
Itasca,F,5,0,5
Itati,F,173,0,173
Itay,M,15,15,0
Itcel,F,5,0,5
Ithan,M,18,18,0
Ithzel,F,16,0,16
Itsel,F,67,0,67
Itsuko,F,26,0,26
Itsuo,M,25,25,0
Itxel,F,27,0,27
Itza,F,79,0,79
Itzabella,F,54,0,54
Itzae,M,238,210,28
Itzael,M,13,13,0
Itzamara,F,37,0,37
Itzanami,F,5,0,5
Itzayana,F,1717,0,1717
Itzayanna,F,22,0,22
Itzel,F,15024,6,15018
Itzela,F,6,0,6
Itzell,F,99,0,99
Itzelle,F,10,0,10
Itzia,F,142,0,142
Itzy,F,12,0,12
Iva,F,22963,0,22963
Ivaan,M,99,99,0
Ivadell,F,16,0,16
Ivah,F,34,0,34
Ival,M,6,6,0
Ivalee,F,12,0,12
Ivan,M,125359,125249,110
Ivana,F,4401,0,4401
Ivanelle,F,20,0,20
Ivania,F,121,0,121
Ivanka,F,323,0,323
Ivann,M,26,26,0
Ivanna,F,4942,0,4942
Ivannah,F,5,0,5
Ivannia,F,5,0,5
Ivar,M,16,16,0
Ivee,F,12,0,12
Ivelis,F,10,0,10
Ivelise,F,23,0,23
Ivelisse,F,836,0,836
Iven,M,54,54,0
Iver,M,125,125,0
Iverson,M,279,279,0
Ivery,M,36,36,0
Ivet,F,52,0,52
Iveth,F,241,0,241
Ivett,F,229,0,229
Ivette,F,9001,0,9001
Ivey,F,2064,741,1323
Iviana,F,5,0,5
Ivie,F,244,0,244
Ivis,F,5,0,5
Ivo,M,10,10,0
Ivon,F,471,5,466
Ivone,F,108,0,108
Ivonna,F,10,0,10
Ivonne,F,4652,0,4652
Ivor,M,20,20,0
Ivori,F,10,0,10
Ivory,F,10399,4810,5589
Ivy,F,41450,1232,40218
Ivyana,F,35,0,35
Ivyanna,F,80,0,80
Ivyonna,F,51,0,51
Iwalani,F,44,0,44
Iwan,M,5,5,0
Iwao,M,92,92,0
Ixchel,F,381,0,381
Ixel,F,12,0,12
Iyan,M,10,10,0
Iyana,F,3422,0,3422
Iyanah,F,72,0,72
Iyanla,F,24,0,24
Iyanna,F,3492,0,3492
Iyannah,F,27,0,27
Iyari,F,12,0,12
Iyla,F,337,0,337
Iyona,F,10,0,10
Iyonna,F,621,0,621
Iysis,F,6,0,6
Iza,F,39,0,39
Izaac,M,1174,1174,0
Izaak,M,1020,1020,0
Izaan,M,13,13,0
Izabel,F,1820,0,1820
Izabela,F,645,0,645
Izabell,F,285,0,285
Izabella,F,23692,0,23692
Izabellah,F,25,0,25
Izabelle,F,2576,0,2576
Izac,M,124,124,0
Izacc,M,5,5,0
Izack,M,39,39,0
Izael,M,153,153,0
Izaiah,M,9673,9673,0
Izaias,M,5,5,0
Izaih,M,10,10,0
Izaiha,M,5,5,0
Izaiyah,M,6,6,0
Izak,M,508,508,0
Izamar,F,305,0,305
Izamary,F,5,0,5
Izan,M,152,152,0
Izaria,F,5,0,5
Izaya,M,174,174,0
Izayah,M,2179,2179,0
Izayiah,M,11,11,0
Izeah,M,77,77,0
Izek,M,79,79,0
Izekiel,M,5,5,0
Izel,F,705,36,669
Izela,F,7,0,7
Izell,M,45,45,0
Izella,F,15,0,15
Izellah,F,6,0,6
Izelle,F,5,0,5
Izetta,F,110,0,110
Izeyah,M,22,22,0
Iziah,M,272,272,0
Izick,M,18,18,0
Izik,M,113,113,0
Izmael,M,17,17,0
Izola,F,129,0,129
Izora,F,39,0,39
Izrael,M,269,269,0
Izreal,M,33,33,0
Izumi,F,5,0,5
Izzabella,F,1027,0,1027
Izzabelle,F,5,0,5
Izzac,M,17,17,0
Izzah,F,11,0,11
Izzak,M,6,6,0
Izzy,F,76,24,52
Ja,U,20,14,6
Jaala,F,5,0,5
Jaanai,F,5,0,5
Jaanvi,F,5,0,5
Jaasiel,M,133,133,0
Jaaziel,M,61,61,0
Jabar,M,28,28,0
Jabari,M,6381,6381,0
Jabarie,M,5,5,0
Jabbar,M,106,106,0
Jabez,M,271,271,0
Jabier,M,34,34,0
Jabin,M,12,12,0
Jabir,M,10,10,0
Jabraylen,M,6,6,0
Jabrea,F,5,0,5
Jabree,M,84,84,0
Jabria,F,261,0,261
Jabriel,M,81,81,0
Jabril,M,358,358,0
Jacai,M,5,5,0
Jacalyn,F,3007,0,3007
Jacara,F,43,0,43
Jacari,M,971,971,0
Jacarie,M,5,5,0
Jacarius,M,5,5,0
Jacarri,M,55,55,0
Jaccob,M,50,50,0
Jace,M,60598,60578,20
Jacee,F,406,0,406
Jaceion,M,61,61,0
Jacek,M,16,16,0
Jacelyn,F,765,0,765
Jacelynn,F,158,0,158
Jacen,M,733,733,0
Jaceon,M,463,463,0
Jacey,F,5226,12,5214
Jaceyon,M,142,142,0
Jachai,M,13,13,0
Jaci,F,2168,0,2168
Jacie,F,1846,0,1846
Jaciel,M,244,244,0
Jacinda,F,1428,0,1428
Jacinta,F,750,0,750
Jacinto,M,1590,1590,0
Jacion,M,88,88,0
Jack,M,668325,667821,504
Jackalyn,F,6,0,6
Jackee,F,33,0,33
Jackelin,F,656,0,656
Jackeline,F,4778,0,4778
Jackelyn,F,2255,0,2255
Jackelyne,F,159,0,159
Jackey,M,24,24,0
Jacki,F,1270,0,1270
Jackie,F,161428,74645,86783
Jacklin,F,57,0,57
Jackline,F,10,0,10
Jacklyn,F,11935,0,11935
Jacklynn,F,433,0,433
Jackqueline,F,167,0,167
Jackquline,F,5,0,5
Jacksen,M,10,10,0
Jackson,M,223757,223696,61
Jacky,M,3967,3886,81
Jaclyn,F,45938,10,45928
Jaclynn,F,763,0,763
Jacob,M,909631,909013,618
Jacobanthony,M,10,10,0
Jacobb,M,6,6,0
Jacobe,M,279,279,0
Jacobey,M,5,5,0
Jacobi,M,1791,1791,0
Jacobie,M,146,146,0
Jacobo,M,1694,1694,0
Jacoby,M,7818,7818,0
Jacolby,M,665,665,0
Jacolyn,F,5,0,5
Jacorey,M,1306,1306,0
Jacori,M,235,235,0
Jacoria,F,15,0,15
Jacorian,M,173,173,0
Jacory,M,437,437,0
Jacqlyn,F,50,0,50
Jacqualine,F,216,0,216
Jacqualyn,F,32,0,32
Jacquan,M,48,48,0
Jacque,F,2389,307,2082
Jacquees,M,5,5,0
Jacquel,F,123,0,123
Jacqueleen,F,7,0,7
Jacquelene,F,78,0,78
Jacqueli,F,157,0,157
Jacquelin,F,5204,0,5204
Jacquelina,F,37,0,37
Jacqueline,F,419208,235,418973
Jacquely,F,47,0,47
Jacquelyn,F,80630,0,80630
Jacquelyne,F,713,0,713
Jacquelynn,F,1709,0,1709
Jacquelynne,F,11,0,11
Jacques,M,5160,5155,5
Jacquese,F,5,0,5
Jacquetta,F,188,0,188
Jacquez,M,942,942,0
Jacqui,F,72,0,72
Jacquie,F,152,0,152
Jacquiline,F,12,0,12
Jacquilyn,F,6,0,6
Jacquita,F,12,0,12
Jacqulin,F,6,0,6
Jacquline,F,4517,0,4517
Jacqulyn,F,927,0,927
Jacy,F,1065,12,1053
Jad,M,1370,1370,0
Jada,F,61811,22,61789
Jadah,F,769,0,769
Jadakiss,M,9,9,0
Jadalee,F,12,0,12
Jadalyn,F,117,0,117
Jadalynn,F,112,0,112
Jadalys,F,5,0,5
Jadan,M,422,373,49
Jadarian,M,40,40,0
Jadarion,M,6,6,0
Jadarious,M,10,10,0
Jadarius,M,913,913,0
Jadarrius,M,91,91,0
Jadasia,F,5,0,5
Jadden,M,12,12,0
Jade,F,81638,2420,79218
Jadelyn,F,714,0,714
Jadelynn,F,264,0,264
Jaden,M,83965,71889,12076
Jadence,F,10,0,10
Jadey,F,5,0,5
Jadeyn,F,99,0,99
Jadie,F,18,0,18
Jadiel,M,3018,3018,0
Jadien,M,11,11,0
Jadin,M,694,615,79
Jadine,F,17,0,17
Jadira,F,36,0,36
Jadon,M,8129,8129,0
Jadore,F,206,0,206
Jadrian,M,74,74,0
Jadriel,M,26,26,0
Jadrien,M,16,16,0
Jadwiga,F,10,0,10
Jady,F,7,0,7
Jadyn,F,12662,2242,10420
Jadynn,F,66,0,66
Jadzia,F,43,0,43
Jae,M,279,215,64
Jaeceon,M,11,11,0
Jaeda,F,1308,0,1308
Jaedan,M,40,40,0
Jaeden,M,3847,3642,205
Jaedin,M,38,38,0
Jaedon,M,1018,1018,0
Jaedyn,F,2287,981,1306
Jaedynn,F,5,0,5
Jaeger,M,74,74,0
Jael,F,3255,1464,1791
Jaela,F,1215,0,1215
Jaelah,F,182,0,182
Jaelani,F,8,0,8
Jaelee,F,16,0,16
Jaeleen,F,40,0,40
Jaelen,M,423,410,13
Jaelene,F,149,0,149
Jaeli,F,12,0,12
Jaeliana,F,42,0,42
Jaelin,U,478,358,120
Jaelle,F,62,0,62
Jaelon,M,126,126,0
Jaelyn,F,11691,339,11352
Jaelynn,F,6411,0,6411
Jaelynne,F,41,0,41
Jaequan,M,7,7,0
Jaeson,M,15,15,0
Jaevion,M,20,20,0
Jaevon,M,13,13,0
Jafar,M,24,24,0
Jafet,M,521,521,0
Jafeth,M,11,11,0
Jagdeep,M,8,8,0
Jager,M,34,34,0
Jagger,M,4371,4371,0
Jahaad,M,30,30,0
Jahad,M,95,95,0
Jahaida,F,10,0,10
Jahaira,F,814,0,814
Jahan,M,44,44,0
Jahari,M,499,499,0
Jahayra,F,32,0,32
Jahaziel,M,496,496,0
Jahdiel,M,141,141,0
Jaheem,M,531,531,0
Jaheim,M,2963,2963,0
Jahel,M,5,5,0
Jahfari,M,8,8,0
Jahi,M,79,79,0
Jahid,M,6,6,0
Jahiem,M,852,852,0
Jahir,M,1277,1277,0
Jahira,F,31,0,31
Jahiya,F,6,0,6
Jahkai,M,16,16,0
Jahkari,M,6,6,0
Jahkeem,M,24,24,0
Jahki,M,21,21,0
Jahlani,M,10,10,0
Jahleel,M,292,292,0
Jahlil,M,1099,1099,0
Jahlisa,F,5,0,5
Jahliyah,F,5,0,5
Jahlon,M,5,5,0
Jahmal,M,219,219,0
Jahmani,M,11,11,0
Jahmar,M,78,78,0
Jahmari,M,397,397,0
Jahmarion,M,5,5,0
Jahmeek,M,34,34,0
Jahmeer,M,5,5,0
Jahmeir,M,41,41,0
Jahmel,M,203,203,0
Jahmere,M,195,195,0
Jahmez,M,5,5,0
Jahmier,M,36,36,0
Jahmiere,M,5,5,0
Jahmil,M,5,5,0
Jahmir,M,1370,1370,0
Jahmire,M,5,5,0
Jahmya,F,12,0,12
Jahn,M,5,5,0
Jahna,F,10,0,10
Jahnae,F,22,0,22
Jahnasia,F,5,0,5
Jahnavi,F,35,0,35
Jahnay,F,18,0,18
Jahnia,F,17,0,17
Jahniya,F,142,0,142
Jahniyah,F,23,0,23
Jahnya,F,35,0,35
Jahnyah,F,5,0,5
Jahnyla,F,5,0,5
Jahquan,M,48,48,0
Jahquel,M,5,5,0
Jahquell,M,5,5,0
Jahquez,M,15,15,0
Jahred,M,11,11,0
Jahrel,M,6,6,0
Jahrell,M,6,6,0
Jahsiah,M,220,220,0
Jahsir,M,289,289,0
Jahson,M,10,10,0
Jahvon,M,82,82,0
Jahzara,F,656,0,656
Jahzaria,F,5,0,5
Jahziah,M,6,6,0
Jahziel,M,65,65,0
Jahzir,M,12,12,0
Jai,M,2169,2028,141
Jaia,F,33,0,33
Jaiah,F,5,0,5
Jaiana,F,6,0,6
Jaianna,F,5,0,5
Jaice,M,79,79,0
Jaicee,F,95,0,95
Jaiceon,M,186,186,0
Jaicob,M,5,5,0
Jaida,F,7378,0,7378
Jaidah,F,194,0,194
Jaidalyn,F,5,0,5
Jaidan,M,336,262,74
Jaide,F,257,0,257
Jaideep,M,11,11,0
Jaiden,M,33704,26716,6988
Jaidin,F,12,6,6
Jaidon,M,448,448,0
Jaidy,F,22,0,22
Jaidyn,F,6396,2016,4380
Jaidynn,F,11,0,11
Jaila,F,1397,0,1397
Jailah,F,203,0,203
Jailee,F,44,0,44
Jaileen,F,425,0,425
Jaileigh,F,6,0,6
Jailen,M,372,372,0
Jailene,F,2291,0,2291
Jailenne,F,6,0,6
Jailia,F,5,0,5
Jailin,F,27,0,27
Jailine,F,196,0,196
Jailon,M,16,16,0
Jailyn,F,3196,121,3075
Jailyne,F,191,0,191
Jailynn,F,981,0,981
Jaima,F,5,0,5
Jaime,F,111517,64570,46947
Jaimee,F,2100,0,2100
Jaimeson,M,5,5,0
Jaimi,F,203,0,203
Jaimie,F,7170,132,7038
Jaimy,F,17,0,17
Jaina,F,492,0,492
Jaion,M,10,10,0
Jaionna,F,43,0,43
Jaiquan,M,32,32,0
Jair,M,4355,4355,0
Jaira,F,31,0,31
Jaire,M,17,17,0
Jairo,M,8139,8139,0
Jairon,M,15,15,0
Jairus,M,657,657,0
Jaise,M,5,5,0
Jaison,M,469,469,0
Jaiveer,M,39,39,0
Jaiven,M,46,46,0
Jaiveon,M,5,5,0
Jaiver,M,5,5,0
Jaivion,M,27,27,0
Jaivon,M,30,30,0
Jaiya,F,25,0,25
Jaiyana,F,65,0,65
Jaiyden,M,5,5,0
Jaja,M,5,5,0
Jajaira,F,10,0,10
Jajuan,M,941,941,0
Jak,M,5,5,0
Jakaden,M,55,55,0
Jakai,M,831,831,0
Jakaiden,M,66,66,0
Jakala,F,11,0,11
Jakara,F,18,0,18
Jakari,M,1703,1703,0
Jakaria,F,10,0,10
Jakarri,M,5,5,0
Jakavion,M,15,15,0
Jakaya,F,10,0,10
Jakayden,M,150,150,0
Jakayla,F,5340,0,5340
Jakaylah,F,5,0,5
Jake,M,115376,115358,18
Jakeb,M,192,192,0
Jakeem,M,157,157,0
Jakel,M,11,11,0
Jakelin,F,162,0,162
Jakeline,F,183,0,183
Jakelyn,F,60,0,60
Jakeob,M,14,14,0
Jakera,F,5,0,5
Jakeria,F,370,0,370
Jakerria,F,26,0,26
Jakevion,M,11,11,0
Jakevious,M,16,16,0
Jakhai,M,16,16,0
Jakhari,M,62,62,0
Jakhi,M,205,205,0
Jakhia,F,153,0,153
Jakia,F,261,0,261
Jakiah,F,20,0,20
Jakie,M,5,5,0
Jakim,M,5,5,0
Jakira,F,475,0,475
Jakiya,F,583,0,583
Jakiyah,F,626,0,626
Jakob,M,28382,28382,0
Jakobe,M,2591,2591,0
Jakobi,M,565,565,0
Jakobie,M,26,26,0
Jakoby,M,304,304,0
Jakori,M,62,62,0
Jakorian,M,11,11,0
Jakson,M,68,68,0
Jakub,M,1666,1666,0
Jakwon,M,43,43,0
Jakya,F,48,0,48
Jakye,M,5,5,0
Jakyla,F,328,0,328
Jakyra,F,368,0,368
Jakyren,M,5,5,0
Jakyri,M,12,12,0
Jakyria,F,5,0,5
Jakyrin,M,6,6,0
Jakyron,M,5,5,0
Jala,F,1001,0,1001
Jalacia,F,10,0,10
Jalah,F,37,0,37
Jalaine,F,5,0,5
Jalal,M,19,19,0
Jalan,M,189,189,0
Jalana,F,6,0,6
Jalani,F,146,52,94
Jalaya,F,568,0,568
Jalayah,F,599,0,599
Jalayna,F,6,0,6
Jalaysia,F,81,0,81
Jalea,F,27,0,27
Jaleah,F,1932,0,1932
Jalecia,F,27,0,27
Jalee,F,16,0,16
Jaleel,M,3071,3071,0
Jaleen,U,72,49,23
Jaleesa,F,2280,5,2275
Jaleigh,F,121,0,121
Jaleigha,F,5,0,5
Jaleisa,F,5,0,5
Jalen,M,35882,35292,590
Jalena,F,100,0,100
Jalene,F,168,0,168
Jaleria,F,5,0,5
Jalesa,F,206,0,206
Jalesia,F,15,0,15
Jalessa,F,303,0,303
Jalexis,F,13,0,13
Jaley,F,28,0,28
Jaleya,F,10,0,10
Jaleyah,F,37,0,37
Jaleyza,F,5,0,5
Jalia,F,422,0,422
Jaliah,F,195,0,195
Jalicia,F,51,0,51
Jalie,F,11,0,11
Jalik,M,6,6,0
Jalil,M,1409,1409,0
Jalin,M,877,867,10
Jalina,F,44,0,44
Jalisa,F,4621,0,4621
Jalisha,F,93,0,93
Jalissa,F,1972,0,1972
Jaliya,F,67,0,67
Jaliyah,F,7695,0,7695
Jalon,M,1191,1191,0
Jalyn,F,4029,749,3280
Jalyne,F,5,0,5
Jalynn,F,2997,38,2959
Jalysa,F,5,0,5
Jalyssa,F,639,0,639
Jama,F,527,0,527
Jamaal,M,6535,6535,0
Jamaar,M,11,11,0
Jamahl,M,17,17,0
Jamaica,F,217,0,217
Jamail,M,72,72,0
Jamaine,M,228,228,0
Jamair,M,5,5,0
Jamal,M,29375,29369,6
Jamala,F,5,0,5
Jamale,M,5,5,0
Jamall,M,249,249,0
Jamani,M,5,5,0
Jamar,M,13420,13420,0
Jamara,F,66,0,66
Jamarco,M,5,5,0
Jamarcus,M,4351,4351,0
Jamare,M,15,15,0
Jamaree,M,93,93,0
Jamareon,M,5,5,0
Jamari,M,10306,10186,120
Jamaria,F,440,5,435
Jamariah,F,38,0,38
Jamarian,M,416,416,0
Jamarie,M,120,120,0
Jamario,M,472,472,0
Jamarion,M,5995,5995,0
Jamarious,M,188,188,0
Jamaris,M,31,31,0
Jamarius,M,930,930,0
Jamariya,F,7,0,7
Jamarkus,M,119,119,0
Jamarques,M,5,5,0
Jamarr,M,238,238,0
Jamarri,M,77,77,0
Jamarrion,M,45,45,0
Jamas,M,5,5,0
Jamaul,M,5,5,0
Jamauri,M,276,276,0
Jamaurie,M,5,5,0
Jamaury,M,10,10,0
Jamaya,F,1230,0,1230
Jamayah,F,6,0,6
Jame,M,995,995,0
Jamea,F,11,0,11
Jameca,F,5,0,5
Jamecia,F,255,0,255
Jamee,F,635,0,635
Jameek,M,22,22,0
Jameel,M,1339,1339,0
Jameela,F,45,0,45
Jameelah,F,256,0,256
Jameer,M,686,686,0
Jameika,F,11,0,11
Jameir,M,66,66,0
Jameis,M,20,20,0
Jameisha,F,40,0,40
Jameka,F,589,0,589
Jamel,M,8821,8791,30
Jamela,F,104,0,104
Jamelia,F,62,0,62
Jamell,M,599,599,0
Jamella,F,31,0,31
Jamelle,M,173,163,10
Jamera,F,10,0,10
Jamere,M,635,635,0
Jameria,F,392,0,392
Jamerson,M,6,6,0
James,M,5001762,4983519,18243
Jamese,F,42,0,42
Jamesen,M,5,5,0
Jamesetta,F,21,0,21
Jamesha,F,1237,0,1237
Jameshia,F,149,0,149
Jamesia,F,124,0,124
Jamesley,M,10,10,0
Jameson,M,28733,28599,134
Jamesryan,M,5,5,0
Jamey,M,4856,4128,728
Jamez,M,25,25,0
Jami,F,18784,28,18756
Jamia,F,2415,0,2415
Jamiah,F,1270,0,1270
Jamica,F,43,0,43
Jamichael,M,693,693,0
Jamicheal,M,15,15,0
Jamie,F,347436,82135,265301
Jamieann,F,5,0,5
Jamiel,M,21,21,0
Jamielee,F,60,0,60
Jamielyn,F,11,0,11
Jamielynn,F,10,0,10
Jamier,M,354,354,0
Jamiere,M,6,6,0
Jamieson,M,83,83,0
Jamika,F,346,0,346
Jamil,M,4979,4979,0
Jamila,F,5098,0,5098
Jamilah,F,775,0,775
Jamile,F,19,6,13
Jamilee,F,5,0,5
Jamilet,F,301,0,301
Jamileth,F,321,0,321
Jamilett,F,5,0,5
Jamilette,F,28,0,28
Jamilex,F,120,0,120
Jamilia,F,28,0,28
Jamill,M,5,5,0
Jamilla,F,136,0,136
Jamillah,F,283,0,283
Jamille,F,5,0,5
Jamilyn,F,10,0,10
Jamin,M,943,943,0
Jamine,F,21,0,21
Jamir,M,4450,4450,0
Jamira,F,187,0,187
Jamiracle,F,82,0,82
Jamirah,F,67,0,67
Jamire,M,12,12,0
Jamisen,M,5,5,0
Jamisha,F,106,0,106
Jamison,M,14410,14073,337
Jamisyn,F,6,0,6
Jamiya,F,2250,0,2250
Jamiyah,F,2410,0,2410
Jamiyl,M,14,14,0
Jamiyla,F,5,0,5
Jamiylah,F,5,0,5
Jammi,F,5,0,5
Jammie,F,2507,689,1818
Jammy,M,5,5,0
Jamon,M,907,907,0
Jamond,M,10,10,0
Jamone,M,5,5,0
Jamoni,M,12,12,0
Jamonica,F,15,0,15
Jamonte,M,57,57,0
Jamori,M,15,15,0
Jamorian,M,11,11,0
Jamorris,M,5,5,0
Jamy,F,43,21,22
Jamya,F,4534,0,4534
Jamyah,F,334,0,334
Jamye,F,68,0,68
Jamyia,F,160,0,160
Jamyiah,F,16,0,16
Jamyla,F,116,0,116
Jamylah,F,5,0,5
Jamyra,F,214,0,214
Jamyri,F,6,0,6
Jamyria,F,59,0,59
Jamyriah,F,5,0,5
Jamyrie,F,5,0,5
Jamyron,M,5,5,0
Jan,F,69060,17490,51570
Jana,F,41224,0,41224
Janaan,F,26,0,26
Janae,F,14196,6,14190
Janai,F,1247,0,1247
Janaia,F,5,0,5
Janaiya,F,81,0,81
Janalee,F,189,0,189
Janalyn,F,19,0,19
Janan,F,16,0,16
Janani,F,13,0,13
Janann,F,10,0,10
Janard,M,10,10,0
Janari,M,5,5,0
Janaria,F,34,0,34
Janasia,F,451,0,451
Janathan,M,16,16,0
Janautica,F,5,0,5
Janay,F,3972,0,3972
Janaya,F,1991,0,1991
Janayah,F,81,0,81
Janaye,F,121,0,121
Janayla,F,10,0,10
Jancarlo,M,254,254,0
Jancarlos,M,467,467,0
Jandel,M,51,51,0
Jandiel,M,5,5,0
Jane,F,357092,42,357050
Janea,F,445,0,445
Janeah,F,5,0,5
Janeal,F,11,0,11
Janean,F,179,0,179
Janecia,F,31,0,31
Janee,F,1354,6,1348
Janeece,F,6,0,6
Janeen,F,3855,0,3855
Janeil,F,5,0,5
Janeka,F,5,0,5
Janel,F,8569,0,8569
Janele,F,12,0,12
Janeli,F,82,0,82
Janelis,F,49,0,49
Janeliz,F,15,0,15
Janell,F,11421,0,11421
Janella,F,151,0,151
Janelle,F,49609,7,49602
Janelli,F,20,0,20
Janelly,F,1206,0,1206
Janely,F,1012,0,1012
Janelys,F,16,0,16
Janene,F,1518,0,1518
Janesa,F,6,0,6
Janese,F,11,0,11
Janesha,F,25,0,25
Janessa,F,10732,0,10732
Janet,F,551022,172,550850
Janete,F,5,0,5
Janeth,F,2610,0,2610
Janett,F,1215,0,1215
Janetta,F,586,0,586
Janette,F,26805,0,26805
Janey,F,1249,0,1249
Jani,F,129,0,129
Jania,F,1427,0,1427
Janiah,F,3145,0,3145
Janiaya,F,5,0,5
Janica,F,26,0,26
Janice,F,402414,21,402393
Janicia,F,6,0,6
Janie,F,63809,18,63791
Janiece,F,618,0,618
Janiel,M,340,329,11
Janielle,F,73,0,73
Janika,F,33,0,33
Janil,F,5,0,5
Janila,F,5,0,5
Janill,F,6,0,6
Janin,F,5,0,5
Janina,F,901,0,901
Janine,F,29655,0,29655
Janiqua,F,44,0,44
Janique,F,29,0,29
Janira,F,231,0,231
Janis,F,44957,0,44957
Janisa,F,5,0,5
Janise,F,277,0,277
Janisha,F,132,0,132
Janissa,F,38,0,38
Janita,F,121,0,121
Janith,F,34,0,34
Janitza,F,10,0,10
Janiya,F,9346,0,9346
Janiyah,F,10096,0,10096
Janiyla,F,48,0,48
Janiylah,F,11,0,11
Janki,F,41,0,41
Janmichael,M,35,35,0
Jann,F,775,0,775
Janna,F,11334,0,11334
Jannah,F,671,0,671
Jannat,F,387,0,387
Jannatul,F,56,0,56
Jannel,F,51,0,51
Jannell,F,23,0,23
Jannelle,F,234,0,234
Jannely,F,72,0,72
Jannessa,F,10,0,10
Jannet,F,1143,0,1143
Jannete,F,14,0,14
Janneth,F,175,0,175
Jannett,F,138,0,138
Jannette,F,2288,0,2288
Janney,F,385,0,385
Jannice,F,5,0,5
Jannie,F,10592,0,10592
Jannifer,F,35,0,35
Jannine,F,93,0,93
Jannis,F,11,0,11
Janny,F,75,0,75
Janoah,M,5,5,0
Jansel,M,6,6,0
Jansen,M,290,290,0
Janson,M,28,28,0
Janthony,M,6,6,0
Jantzen,M,13,13,0
January,F,844,0,844
Januel,M,102,102,0
Janvi,F,29,0,29
Jany,F,5,0,5
Janya,F,1508,0,1508
Janyah,F,395,0,395
Janyce,F,374,0,374
Janyia,F,194,0,194
Janyiah,F,27,0,27
Janyla,F,781,0,781
Janylah,F,158,0,158
Janyll,F,13,0,13
Janyth,F,22,0,22
Jap,M,5,5,0
Japhet,M,5,5,0
Japheth,M,81,81,0
Japji,F,27,0,27
Japleen,F,12,0,12
Japonica,F,5,0,5
Jaqualin,M,6,6,0
Jaqualon,M,5,5,0
Jaqualyn,M,21,21,0
Jaquan,M,8812,8812,0
Jaquana,F,63,0,63
Jaquanna,F,6,0,6
Jaquante,M,5,5,0
Jaquarious,M,11,11,0
Jaquarius,M,339,339,0
Jaquasha,F,10,0,10
Jaquasia,F,10,0,10
Jaquavion,M,99,99,0
Jaquavious,M,497,497,0
Jaquavius,M,134,134,0
Jaquawn,M,6,6,0
Jaquay,U,32,22,10
Jaquel,M,26,26,0
Jaquelin,F,2577,0,2577
Jaqueline,F,12332,0,12332
Jaquelinne,F,14,0,14
Jaquell,M,5,5,0
Jaquelyn,F,1282,0,1282
Jaquelyne,F,30,0,30
Jaquelynn,F,5,0,5
Jaques,M,10,10,0
Jaquetta,F,54,0,54
Jaquez,M,1297,1297,0
Jaquil,M,33,33,0
Jaquill,M,5,5,0
Jaquille,M,11,11,0
Jaquis,M,5,5,0
Jaquisha,F,5,0,5
Jaquita,F,56,0,56
Jaquitta,F,5,0,5
Jaquon,M,112,112,0
Jaqwan,M,5,5,0
Jarad,M,548,548,0
Jarden,M,5,5,0
Jared,M,197422,197365,57
Jarek,M,241,241,0
Jarel,M,122,122,0
Jareli,F,44,0,44
Jarell,M,1251,1251,0
Jarelly,F,16,0,16
Jarely,F,371,0,371
Jaren,M,2752,2752,0
Jaret,M,1136,1136,0
Jareth,M,464,464,0
Jarethzy,F,5,0,5
Jarett,M,1365,1365,0
Jaretzi,F,56,0,56
Jaretzy,F,226,0,226
Jariah,F,324,0,324
Jarian,M,17,17,0
Jarid,M,226,226,0
Jariel,M,1112,1112,0
Jarif,M,15,15,0
Jarin,M,53,53,0
Jarious,M,9,9,0
Jaritsa,F,5,0,5
Jaritza,F,240,0,240
Jarius,M,613,613,0
Jariya,F,11,0,11
Jariyah,F,320,0,320
Jarmaine,M,14,14,0
Jarmal,M,6,6,0
Jarmall,M,5,5,0
Jarmarcus,M,18,18,0
Jarmel,M,6,6,0
Jarmila,F,5,0,5
Jarod,M,9294,9294,0
Jarold,M,10,10,0
Jarom,M,553,553,0
Jarome,M,5,5,0
Jaron,M,8314,8314,0
Jarquavious,M,18,18,0
Jarquez,M,62,62,0
Jarrad,M,470,470,0
Jarreau,M,5,5,0
Jarred,M,10810,10810,0
Jarrel,M,110,110,0
Jarrell,M,1561,1561,0
Jarren,M,540,540,0
Jarret,M,1328,1328,0
Jarrett,M,18858,18858,0
Jarrick,M,7,7,0
Jarrid,M,124,124,0
Jarrin,M,5,5,0
Jarrius,M,6,6,0
Jarrod,M,22999,22999,0
Jarron,M,235,235,0
Jarryd,M,114,114,0
Jartavious,M,5,5,0
Jarvin,M,5,5,0
Jarvis,M,13199,13199,0
Jaryd,M,93,93,0
Jaryn,M,5,5,0
Jasai,M,58,58,0
Jasalyn,F,5,0,5
Jasamine,F,10,0,10
Jasani,F,10,5,5
Jasaun,M,5,5,0
Jasdeep,U,73,56,17
Jase,M,17753,17753,0
Jasean,M,124,124,0
Jaselle,F,104,0,104
Jaselyn,F,10,0,10
Jasen,M,2191,2191,0
Jasey,F,27,0,27
Jasha,F,5,0,5
Jashan,M,30,30,0
Jashanti,F,34,0,34
Jashaun,M,358,358,0
Jashawn,M,988,988,0
Jasher,M,5,5,0
Jashon,M,125,125,0
Jashua,M,523,523,0
Jashun,M,25,25,0
Jasia,F,15,0,15
Jasiah,M,4098,4024,74
Jasibe,F,5,0,5
Jasie,F,5,0,5
Jasiel,M,545,545,0
Jasimine,F,12,0,12
Jasin,M,15,15,0
Jasinto,M,5,5,0
Jasir,M,608,608,0
Jasira,F,5,0,5
Jasiri,M,5,5,0
Jasiya,F,7,0,7
Jasiyah,F,98,12,86
Jaskaran,M,164,164,0
Jaskarn,M,14,14,0
Jaskiran,F,6,0,6
Jaskirat,F,11,6,5
Jasleen,F,1180,0,1180
Jaslene,F,2382,0,2382
Jaslin,F,101,0,101
Jasline,F,50,0,50
Jaslyn,F,2285,0,2285
Jaslyne,F,33,0,33
Jaslynn,F,746,0,746
Jaslynne,F,6,0,6
Jasma,F,49,0,49
Jasmaine,F,149,0,149
Jasman,F,5,0,5
Jasmarie,F,10,0,10
Jasmeen,F,190,0,190
Jasmeet,F,49,6,43
Jasmely,F,5,0,5
Jasmen,F,79,0,79
Jasmin,F,41984,151,41833
Jasmina,F,233,0,233
Jasmine,F,243535,454,243081
Jasminemarie,F,11,0,11
Jasminerose,F,10,0,10
Jasminne,F,21,0,21
Jasmyn,F,3905,0,3905
Jasmyne,F,2219,0,2219
Jasn,M,10,10,0
Jasneet,F,18,0,18
Jasnoor,F,18,0,18
Jason,M,1029248,1025798,3450
Jaspal,M,10,10,0
Jasper,M,33500,33480,20
Jaspreet,F,313,122,191
Jasraj,M,8,8,0
Jassen,M,10,10,0
Jassiah,M,21,21,0
Jassiel,M,103,103,0
Jassmin,F,63,0,63
Jassmine,F,56,0,56
Jasson,M,376,376,0
Jasun,M,5,5,0
Jaswinder,M,5,5,0
Jasyah,M,5,5,0
Jatana,F,5,0,5
Jatara,F,19,0,19
Jatasia,F,5,0,5
Jatavia,F,34,0,34
Jatavian,M,5,5,0
Jatavion,M,22,22,0
Jatavious,M,137,137,0
Jatavius,M,6,6,0
Jathan,M,364,364,0
Jatin,M,27,27,0
Jatinder,M,6,6,0
Jatniel,M,23,23,0
Jatoria,F,20,0,20
Jatoya,F,5,0,5
Jatziri,F,100,0,100
Jatziry,F,115,0,115
Jaun,M,51,51,0
Jaunita,F,4744,0,4744
Javaeh,F,5,0,5
Javan,M,1171,1171,0
Javante,M,87,87,0
Javar,M,22,22,0
Javares,M,12,12,0
Javari,M,249,249,0
Javaria,F,12,0,12
Javarion,M,16,16,0
Javarious,M,109,109,0
Javaris,M,911,911,0
Javarius,M,264,264,0
Javarus,M,16,16,0
Javaughn,M,91,91,0
Javeah,F,5,0,5
Javed,M,23,23,0
Javeion,M,5,5,0
Javel,M,5,5,0
Javen,M,1595,1595,0
Javeon,M,725,725,0
Javery,M,5,5,0
Javi,M,33,33,0
Javia,F,6,0,6
Javian,M,1409,1409,0
Javid,M,21,21,0
Javiel,M,38,38,0
Javien,M,711,711,0
Javier,M,94354,94227,127
Javin,M,736,736,0
Javion,M,4772,4772,0
Javious,M,6,6,0
Javis,M,39,39,0
Javon,M,14659,14588,71
Javonda,F,23,0,23
Javone,M,15,15,0
Javoni,M,5,5,0
Javonna,F,27,0,27
Javonne,M,11,11,0
Javonni,M,5,5,0
Javonta,M,153,153,0
Javontae,M,483,483,0
Javonte,M,2402,2402,0
Javoris,M,115,115,0
Jawaan,M,15,15,0
Jawad,M,333,333,0
Jawan,M,391,391,0
Jawana,F,5,0,5
Jawann,M,12,12,0
Jawanna,F,10,0,10
Jawanza,M,10,10,0
Jawara,M,35,35,0
Jawaun,M,117,117,0
Jawon,M,101,101,0
Jawuan,M,75,75,0
Jax,M,13490,13484,6
Jaxen,M,3313,3313,0
Jaxiel,M,51,51,0
Jaxin,M,147,147,0
Jaxon,M,70222,70204,18
Jaxsen,M,617,617,0
Jaxson,M,40342,40342,0
Jaxston,M,67,67,0
Jaxsyn,M,123,123,0
Jaxten,M,23,23,0
Jaxtin,M,10,10,0
Jaxton,M,5106,5106,0
Jaxtyn,M,127,127,0
Jaxx,M,704,704,0
Jaxxon,M,743,743,0
Jaxxson,M,5,5,0
Jaxyn,M,170,164,6
Jay,M,184260,183980,280
Jaya,F,1728,0,1728
Jayah,F,65,0,65
Jayan,M,11,11,0
Jayana,F,259,0,259
Jayani,F,57,0,57
Jayanna,F,296,0,296
Jayanthony,M,8,8,0
Jayce,M,25061,24756,305
Jaycee,F,7487,201,7286
Jayceion,M,30,30,0
Jaycelynn,F,5,0,5
Jaycen,M,180,180,0
Jayceon,M,7926,7926,0
Jayci,F,438,0,438
Jaycie,F,1785,0,1785
Jaycion,M,294,294,0
Jaycob,M,2252,2252,0
Jayda,F,17135,0,17135
Jaydah,F,469,0,469
Jaydaliz,F,11,0,11
Jaydalynn,F,5,0,5
Jaydan,M,1736,1716,20
Jayde,F,5041,0,5041
Jaydee,F,118,26,92
Jaydeen,U,32,22,10
Jayden,M,220480,200352,20128
Jaydenn,M,104,99,5
Jaydie,F,5,0,5
Jaydin,M,2211,1900,311
Jaydn,U,115,80,35
Jaydon,M,7277,7277,0
Jaydrian,M,10,10,0
Jaydy,F,28,0,28
Jaydyn,U,355,237,118
Jaye,F,532,5,527
Jayel,M,5,5,0
Jayen,M,11,11,0
Jayin,M,5,5,0
Jayjay,M,5,5,0
Jayke,M,21,21,0
Jayko,M,15,15,0
Jaykob,M,292,292,0
Jaykon,M,9,9,0
Jayla,F,37338,7,37331
Jaylah,F,7279,0,7279
Jaylan,M,3564,3411,153
Jayland,M,15,15,0
Jaylani,F,547,0,547
Jaylanie,F,160,0,160
Jaylea,F,5,0,5
Jaylean,F,110,0,110
Jaylee,F,5347,0,5347
Jayleen,F,8352,10,8342
Jayleene,F,76,0,76
Jaylei,F,5,0,5
Jayleigh,F,354,0,354
Jaylen,M,34924,31805,3119
Jaylene,F,6314,0,6314
Jaylenn,F,23,0,23
Jaylenne,F,38,0,38
Jayli,F,39,0,39
Jayliah,F,5,0,5
Jayliana,F,135,0,135
Jaylie,F,206,0,206
Jaylin,F,14743,8506,6237
Jaylina,F,5,0,5
Jayline,F,397,0,397
Jaylinn,F,167,0,167
Jayln,M,10,10,0
Jaylon,M,8141,8123,18
Jaylun,M,5,5,0
Jaylyn,F,4267,665,3602
Jaylynn,F,6854,34,6820
Jaylynne,F,44,0,44
Jayma,F,5,0,5
Jaymar,M,5,5,0
Jayme,F,11251,1053,10198
Jaymee,F,672,0,672
Jaymere,M,16,16,0
Jaymes,M,550,550,0
Jaymeson,M,12,12,0
Jaymi,F,108,0,108
Jaymie,F,1057,0,1057
Jaymin,M,17,17,0
Jaymir,M,5,5,0
Jaymon,M,6,6,0
Jaymz,M,5,5,0
Jayna,F,2050,0,2050
Jaynae,F,5,0,5
Jayne,F,23573,0,23573
Jaynee,F,22,0,22
Jaynie,F,38,0,38
Jayon,M,176,176,0
Jayona,F,11,0,11
Jayonna,F,211,0,211
Jayquan,M,775,775,0
Jayr,M,7,7,0
Jayren,M,148,148,0
Jayro,M,200,200,0
Jayron,M,11,11,0
Jayse,M,749,749,0
Jaysean,M,81,81,0
Jaysen,M,895,895,0
Jaysha,F,5,0,5
Jayshaun,M,46,46,0
Jayshawn,M,633,633,0
Jayshon,M,10,10,0
Jaysiah,M,5,5,0
Jayson,M,29055,29055,0
Jaythan,M,278,278,0
Jaythian,M,5,5,0
Jayton,M,311,311,0
Jayven,M,627,627,0
Jayveon,M,342,342,0
Jayvian,M,432,432,0
Jayvien,M,226,226,0
Jayvier,M,5,5,0
Jayvin,M,167,167,0
Jayvion,M,1921,1921,0
Jayvon,M,2082,2082,0
Jayvyn,M,120,120,0
Jayzen,M,37,37,0
Jazalyn,F,28,0,28
Jazaria,F,90,0,90
Jazariah,F,41,0,41
Jazariyah,F,5,0,5
Jazbel,F,5,0,5
Jaze,M,5,5,0
Jazel,F,173,0,173
Jazell,F,44,0,44
Jazelle,F,1369,0,1369
Jaziah,U,465,288,177
Jaziel,M,1574,1574,0
Jazion,M,12,12,0
Jazira,F,14,0,14
Jaziya,F,33,0,33
Jaziyah,F,302,0,302
Jazleen,F,638,0,638
Jazlene,F,932,0,932
Jazlin,F,350,0,350
Jazline,F,36,0,36
Jazlyn,F,11436,0,11436
Jazlyne,F,130,0,130
Jazlynn,F,4928,0,4928
Jazlynne,F,73,0,73
Jazma,F,10,0,10
Jazman,F,6,0,6
Jazmarie,F,10,0,10
Jazmeen,F,10,0,10
Jazmen,F,193,0,193
Jazmene,F,5,0,5
Jazmin,F,39437,79,39358
Jazmine,F,34359,14,34345
Jazmon,F,6,0,6
Jazmyn,F,6959,0,6959
Jazmyne,F,3534,0,3534
Jazmynn,F,43,0,43
Jazsmin,F,7,0,7
Jazsmine,F,5,0,5
Jazz,F,129,68,61
Jazzalyn,F,11,0,11
Jazzel,F,6,0,6
Jazzelle,F,85,0,85
Jazziel,M,5,5,0
Jazzleen,F,5,0,5
Jazzlene,F,24,0,24
Jazzlin,F,14,0,14
Jazzlyn,F,1732,0,1732
Jazzlynn,F,473,0,473
Jazzman,F,5,0,5
Jazzmen,F,32,0,32
Jazzmin,F,951,0,951
Jazzmine,F,1120,0,1120
Jazzmyn,F,193,0,193
Jazzmyne,F,5,0,5
Jazzy,F,5,0,5
Jb,M,10,10,0
Jc,M,311,311,0
Jceon,M,19,19,0
Jd,M,93,93,0
Jden,M,18,18,0
Jdyn,M,7,7,0
Jean,F,463982,17950,446032
Jeana,F,4102,0,4102
Jeanae,F,5,0,5
Jeanann,F,24,0,24
Jeananne,F,10,0,10
Jeancarlo,M,378,378,0
Jeancarlos,M,657,657,0
Jeanclaude,M,23,23,0
Jeane,F,1374,0,1374
Jeaneen,F,41,0,41
Jeanell,F,48,0,48
Jeanelle,F,480,0,480
Jeanene,F,425,0,425
Jeanet,F,5,0,5
Jeaneth,F,5,0,5
Jeanett,F,87,0,87
Jeanetta,F,1776,0,1776
Jeanette,F,155202,36,155166
Jeani,F,11,0,11
Jeanice,F,33,0,33
Jeanie,F,12450,0,12450
Jeanine,F,19931,0,19931
Jeanluc,M,190,190,0
Jeanmarie,F,1263,0,1263
Jeanna,F,5405,0,5405
Jeanne,F,158345,0,158345
Jeannemarie,F,34,0,34
Jeannene,F,6,0,6
Jeannett,F,16,0,16
Jeannetta,F,16,0,16
Jeannette,F,61252,0,61252
Jeanni,F,5,0,5
Jeannie,F,31739,0,31739
Jeannine,F,20638,0,20638
Jeanny,F,11,0,11
Jeanpaul,M,565,565,0
Jeanpierre,M,308,308,0
Jearl,M,40,40,0
Jearld,M,6,6,0
Jearldine,F,11,0,11
Jearlean,F,16,0,16
Jearlene,F,7,0,7
Jearline,F,15,0,15
Jeb,M,408,408,0
Jebediah,M,10,10,0
Jed,M,4231,4231,0
Jedadiah,M,6,6,0
Jedaiah,M,5,5,0
Jedd,M,26,26,0
Jedediah,M,1125,1125,0
Jedi,M,20,20,0
Jediah,M,75,75,0
Jedidiah,M,4215,4215,0
Jedrek,M,6,6,0
Jeena,F,5,0,5
Jeevan,M,92,92,0
Jef,M,10,10,0
Jeferson,M,39,39,0
Jeff,M,114512,114512,0
Jefferey,M,1499,1499,0
Jefferson,M,15604,15604,0
Jeffery,M,227033,226930,103
Jeffie,F,244,25,219
Jeffory,M,94,94,0
Jeffren,M,14,14,0
Jeffrey,M,973910,972532,1378
Jeffrie,M,25,25,0
Jeffry,M,11744,11744,0
Jefrey,M,41,41,0
Jefte,M,10,10,0
Jehan,F,8,0,8
Jehu,M,133,133,0
Jeidy,F,31,0,31
Jeily,F,6,0,6
Jeilyn,F,49,0,49
Jeimy,F,178,0,178
Jeison,M,21,21,0
Jelani,M,2380,2319,61
Jelena,F,359,0,359
Jelisa,F,511,0,511
Jelissa,F,224,0,224
Jema,F,5,0,5
Jemaine,M,6,6,0
Jemal,M,311,311,0
Jemar,M,6,6,0
Jemarcus,M,22,22,0
Jemel,M,193,193,0
Jemima,F,199,0,199
Jemimah,F,39,0,39
Jemma,F,3261,0,3261
Jen,M,12,12,0
Jena,F,9458,0,9458
Jenae,F,1216,0,1216
Jenafer,F,5,0,5
Jenah,F,5,0,5
Jenai,F,55,0,55
Jenalee,F,11,0,11
Jenalyn,F,5,0,5
Jenan,F,11,0,11
Jenard,M,6,6,0
Jenaro,M,96,96,0
Jenascia,F,25,0,25
Jenasis,F,21,0,21
Jenavee,F,19,0,19
Jenaveve,F,5,0,5
Jenavie,F,52,0,52
Jenavieve,F,195,0,195
Jenay,F,128,0,128
Jenaya,F,88,0,88
Jencarlo,M,35,35,0
Jencarlos,M,617,617,0
Jency,F,10,5,5
Jene,F,211,0,211
Jenea,F,97,0,97
Jeneal,F,6,0,6
Jenean,F,31,0,31
Jeneane,F,6,0,6
Jenee,F,607,0,607
Jeneen,F,251,0,251
Jenefer,F,10,0,10
Jeneffer,F,6,0,6
Jenel,F,29,0,29
Jenell,F,679,0,679
Jenelle,F,3997,0,3997
Jenene,F,31,0,31
Jenesis,F,1915,0,1915
Jenessa,F,1362,0,1362
Jenessy,F,5,0,5
Jenesys,F,6,0,6
Jenette,F,286,0,286
Jeneva,F,22,0,22
Jenevie,F,23,0,23
Jenevieve,F,349,0,349
Jeni,F,736,0,736
Jenia,F,5,0,5
Jeniah,F,76,0,76
Jenica,F,447,0,447
Jenice,F,266,0,266
Jenicka,F,106,0,106
Jenie,F,11,0,11
Jeniece,F,25,0,25
Jeniel,M,11,11,0
Jenifer,F,22144,0,22144
Jeniffer,F,2067,0,2067
Jenika,F,65,0,65
Jenilee,F,275,0,275
Jenille,F,5,0,5
Jenin,F,29,0,29
Jenine,F,839,0,839
Jenipher,F,5,0,5
Jenise,F,786,0,786
Jenisha,F,5,0,5
Jenisis,F,10,0,10
Jenisse,F,5,0,5
Jenita,F,5,0,5
Jeniya,F,16,0,16
Jeniyah,F,55,0,55
Jenkins,M,11,11,0
Jenna,F,142385,28,142357
Jennae,F,28,0,28
Jennafer,F,201,0,201
Jennah,F,1268,0,1268
Jennalee,F,11,0,11
Jennalyn,F,60,0,60
Jennavecia,F,58,0,58
Jennavie,F,38,0,38
Jennavieve,F,19,0,19
Jenne,F,29,0,29
Jennefer,F,450,0,450
Jennel,F,10,0,10
Jennell,F,95,0,95
Jennelle,F,204,0,204
Jenner,M,62,62,0
Jennessa,F,60,0,60
Jennessy,F,10,0,10
Jennett,F,5,0,5
Jennetta,F,5,0,5
Jennette,F,652,0,652
Jenney,F,15,0,15
Jennfier,F,6,0,6
Jenni,F,2571,0,2571
Jennica,F,396,0,396
Jennie,F,90714,0,90714
Jenniefer,F,10,0,10
Jennier,F,5,0,5
Jennife,F,20,0,20
Jennifer,F,1468146,2878,1465268
Jenniferann,F,5,0,5
Jenniffer,F,1246,0,1246
Jennifier,F,25,0,25
Jennika,F,18,0,18
Jennilee,F,77,0,77
Jennilyn,F,32,0,32
Jennine,F,381,0,381
Jennings,M,1503,1503,0
Jennipher,F,53,0,53
Jenny,F,86286,22,86264
Jennyfer,F,825,0,825
Jens,M,308,308,0
Jensen,M,7556,6538,1018
Jensine,F,45,0,45
Jenson,M,541,541,0
Jensy,M,5,5,0
Jensyn,F,30,0,30
Jentri,F,32,0,32
Jentry,F,194,6,188
Jeny,F,11,0,11
Jenyfer,F,16,0,16
Jeoffrey,M,5,5,0
Jeovani,M,38,38,0
Jeovanni,M,78,78,0
Jeovanny,M,121,121,0
Jeovany,M,127,127,0
Jephthe,M,5,5,0
Jequan,M,11,11,0
Jera,F,10,0,10
Jerad,M,2058,2058,0
Jeral,M,5,5,0
Jerald,M,21464,21464,0
Jeraldin,F,10,0,10
Jeraldine,F,1430,0,1430
Jeralyn,F,60,0,60
Jerame,M,47,47,0
Jeramey,M,17,17,0
Jerami,M,5,5,0
Jeramiah,M,2372,2372,0
Jeramie,M,1579,1579,0
Jeramy,M,2451,2451,0
Jeramyah,M,10,10,0
Jerard,M,50,50,0
Jerardo,M,878,878,0
Jerauld,M,5,5,0
Jere,M,1834,1738,96
Jered,M,1660,1660,0
Jeree,F,45,0,45
Jerel,M,1225,1225,0
Jerelene,F,17,0,17
Jerell,M,327,327,0
Jerelle,M,10,10,0
Jerelyn,F,37,0,37
Jeremaih,M,15,15,0
Jereme,M,727,727,0
Jeremey,M,1493,1493,0
Jeremi,M,205,205,0
Jeremia,M,7,7,0
Jeremiah,M,186612,186586,26
Jeremias,M,1785,1785,0
Jeremie,M,2118,2118,0
Jeremih,M,472,472,0
Jeremiyah,M,5,5,0
Jeremy,M,433387,432535,852
Jeremyah,M,169,169,0
Jeren,M,10,10,0
Jerene,F,5,0,5
Jeri,F,18960,0,18960
Jeriah,M,250,245,5
Jeric,M,85,85,0
Jerica,F,2101,0,2101
Jericca,F,5,0,5
Jericha,F,5,0,5
Jericho,M,2023,2023,0
Jerick,M,86,86,0
Jericka,F,11,0,11
Jerico,M,60,60,0
Jerid,M,68,68,0
Jeriel,M,259,259,0
Jerika,F,273,0,273
Jeriko,M,5,5,0
Jerilyn,F,2451,0,2451
Jerilynn,F,228,0,228
Jerimiah,M,2331,2331,0
Jerimy,M,59,59,0
Jerimyah,M,10,10,0
Jerin,M,19,19,0
Jeris,M,5,5,0
Jeriyah,F,16,0,16
Jerlean,F,147,0,147
Jerlene,F,147,0,147
Jerline,F,278,0,278
Jerlyn,F,5,0,5
Jermain,M,683,683,0
Jermaine,M,39386,39207,179
Jermal,M,60,60,0
Jerman,M,77,77,0
Jermane,M,40,40,0
Jermani,F,53,0,53
Jermarcus,M,35,35,0
Jermari,M,5,5,0
Jermarion,M,20,20,0
Jermayne,M,5,5,0
Jermeka,F,5,0,5
Jermel,M,289,289,0
Jermell,M,38,38,0
Jermery,M,5,5,0
Jermey,M,1041,1041,0
Jermia,F,5,0,5
Jermiah,M,1121,1116,5
Jermichael,M,32,32,0
Jermicheal,M,5,5,0
Jermie,M,10,10,0
Jermiyah,F,5,0,5
Jermon,M,5,5,0
Jermy,M,56,56,0
Jermya,F,23,0,23
Jerod,M,3692,3692,0
Jerold,M,3796,3796,0
Jerolyn,F,21,0,21
Jerome,M,154761,154756,5
Jeromey,M,11,11,0
Jeromie,M,36,36,0
Jeromy,M,2699,2699,0
Jeron,M,381,381,0
Jerone,M,49,49,0
Jeronimo,M,887,887,0
Jerra,F,5,0,5
Jerrad,M,406,406,0
Jerrald,M,5,5,0
Jerre,F,116,35,81
Jerred,M,242,242,0
Jerrel,M,470,470,0
Jerrell,M,4000,4000,0
Jerren,M,5,5,0
Jerret,M,15,15,0
Jerrett,M,100,100,0
Jerri,F,12461,0,12461
Jerrica,F,2879,0,2879
Jerrick,M,431,431,0
Jerrid,M,60,60,0
Jerrie,F,2602,0,2602
Jerrika,F,43,0,43
Jerrilyn,F,201,0,201
Jerrilynn,F,10,0,10
Jerrin,M,10,10,0
Jerrod,M,6817,6817,0
Jerrol,M,5,5,0
Jerrold,M,4846,4846,0
Jerron,M,177,177,0
Jerry,M,620489,606670,13819
Jerrye,F,6,0,6
Jersen,M,5,5,0
Jersey,F,1911,0,1911
Jersie,F,23,0,23
Jerson,M,436,436,0
Jerusalem,F,10,0,10
Jerusha,F,60,0,60
Jeryl,F,345,0,345
Jerzi,F,12,0,12
Jerzie,F,25,0,25
Jesaiah,M,5,5,0
Jesalyn,F,10,0,10
Jese,M,38,38,0
Jeselle,F,26,0,26
Jesenia,F,3486,0,3486
Jeshua,M,1044,1044,0
Jesi,F,12,0,12
Jesiah,M,1553,1427,126
Jesica,F,2682,0,2682
Jesika,F,293,0,293
Jeslin,F,5,0,5
Jeslyn,F,463,0,463
Jeslynn,F,20,0,20
Jess,M,16256,16251,5
Jessa,F,3162,0,3162
Jessabelle,F,5,0,5
Jessalyn,F,1260,0,1260
Jessalynn,F,75,0,75
Jessamyn,F,45,0,45
Jesscia,F,62,0,62
Jesse,M,406545,399163,7382
Jesseca,F,332,0,332
Jessee,M,204,204,0
Jessejames,M,132,132,0
Jessel,F,22,0,22
Jesselle,F,36,0,36
Jesselyn,F,31,0,31
Jessenia,F,3946,0,3946
Jessey,M,70,70,0
Jessi,F,3939,433,3506
Jessia,F,27,0,27
Jessiah,M,583,571,12
Jessic,F,10,0,10
Jessica,F,1044459,2102,1042357
Jessicaann,F,21,0,21
Jessicamae,F,7,0,7
Jessicamarie,F,24,0,24
Jessicca,F,52,0,52
Jessicia,F,11,0,11
Jessie,F,229263,99207,130056
Jessika,F,3835,0,3835
Jessilyn,F,25,0,25
Jesslyn,F,639,0,639
Jesslynn,F,85,0,85
Jessy,M,2494,2034,460
Jessyca,F,314,0,314
Jessye,F,10,0,10
Jessyka,F,38,0,38
Jestin,M,97,97,0
Jestina,F,5,0,5
Jestine,F,203,0,203
Jesu,M,16,16,0
Jesua,M,5,5,0
Jesucita,F,5,0,5
Jesus,M,224129,222424,1705
Jesusa,F,1554,0,1554
Jesusalberto,M,7,7,0
Jesusantonio,M,10,10,0
Jesusita,F,917,0,917
Jesusjr,M,10,10,0
Jesusmanuel,M,5,5,0
Jesyka,F,5,0,5
Jet,M,1036,1036,0
Jetaun,F,24,0,24
Jeter,M,196,196,0
Jethro,M,654,654,0
Jetson,M,12,12,0
Jett,M,12163,12121,42
Jetta,F,41,0,41
Jettie,F,1413,0,1413
Jettson,M,7,7,0
Jetzabel,F,5,0,5
Jeudy,M,5,5,0
Jeury,M,34,34,0
Jevan,M,18,18,0
Jevaughn,M,12,12,0
Jevin,M,77,77,0
Jevon,M,2588,2588,0
Jevonte,M,23,23,0
Jewel,F,34832,2844,31988
Jewelene,F,49,0,49
Jewelia,F,42,0,42
Jeweliana,F,5,0,5
Jeweline,F,17,0,17
Jewelisa,F,5,0,5
Jewelissa,F,10,0,10
Jewell,F,24221,2284,21937
Jewels,F,249,0,249
Jewelyssa,F,5,0,5
Jewelz,F,5,0,5
Jeyden,M,84,84,0
Jeyla,F,34,0,34
Jeylah,F,5,0,5
Jeylen,F,5,0,5
Jeylin,F,31,0,31
Jeyren,M,5,5,0
Jeyson,M,59,59,0
Jezabel,F,170,0,170
Jezabelle,F,10,0,10
Jezebel,F,266,0,266
Jezebelle,F,5,0,5
Jezel,F,10,0,10
Jezelle,F,62,0,62
Jeziah,M,64,64,0
Jeziel,M,10,10,0
Jezlyn,F,6,0,6
Jezreel,M,101,95,6
Jguadalupe,M,10,10,0
Jhace,M,5,5,0
Jhamari,M,7,7,0
Jhan,M,12,12,0
Jhane,F,33,0,33
Jharline,F,5,0,5
Jhase,M,35,35,0
Jhayden,M,8,8,0
Jhene,F,115,0,115
Jhett,M,198,198,0
Jhoan,M,39,39,0
Jhoana,F,171,0,171
Jhoanna,F,42,0,42
Jhon,M,609,609,0
Jhonatan,M,373,373,0
Jhonathan,M,184,184,0
Jhonny,M,506,506,0
Jhony,M,6,6,0
Jhoselyn,F,16,0,16
Jhovana,F,5,0,5
Jhovani,M,19,19,0
Jhovanny,M,33,33,0
Jhovany,M,122,122,0
Ji,F,21,0,21
Jia,F,653,112,541
Jian,M,92,92,0
Jiana,F,209,0,209
Jianna,F,1408,0,1408
Jianni,M,10,10,0
Jiaqi,F,10,0,10
Jiayi,F,19,8,11
Jiayue,F,5,0,5
Jibran,M,16,16,0
Jibreel,M,41,41,0
Jibri,M,5,5,0
Jibril,M,199,199,0
Jidenna,M,35,35,0
Jie,M,5,5,0
Jigar,M,5,5,0
Jihaad,M,10,10,0
Jihad,M,909,909,0
Jihan,F,92,0,92
Jil,F,32,0,32
Jilberto,M,16,16,0
Jiles,M,5,5,0
Jilian,F,62,0,62
Jill,F,205384,17,205367
Jillaine,F,5,0,5
Jillane,F,5,0,5
Jillayne,F,5,0,5
Jillene,F,26,0,26
Jillian,F,79894,14,79880
Jilliana,F,5,0,5
Jilliane,F,5,0,5
Jilliann,F,5,0,5
Jillianna,F,5,0,5
Jillianne,F,27,0,27
Jillyn,F,7,0,7
Jim,M,140704,140653,51
Jimari,M,5,5,0
Jimena,F,11202,0,11202
Jimi,M,175,170,5
Jimin,F,6,0,6
Jimmey,M,22,22,0
Jimmie,M,125327,106321,19006
Jimmy,M,283484,283050,434
Jimmye,F,75,0,75
Jimmylee,M,11,11,0
Jimson,M,5,5,0
Jin,M,320,300,20
Jina,F,348,0,348
Jinelle,F,10,0,10
Jing,F,33,0,33
Jinger,F,6,0,6
Jinna,F,5,0,5
Jinnie,F,14,0,14
Jinny,F,32,0,32
Jinx,F,5,0,5
Jionni,M,675,675,0
Jiovani,M,126,126,0
Jiovanni,M,854,854,0
Jiovanny,M,96,96,0
Jiraiya,M,126,126,0
Jireh,F,232,124,108
Jiro,M,122,122,0
Jisel,F,86,0,86
Jisela,F,88,0,88
Jisell,F,5,0,5
Jiselle,F,1286,0,1286
Jishnu,M,5,5,0
Jissel,F,132,0,132
Jissell,F,6,0,6
Jisselle,F,127,0,127
Jitsuo,M,24,24,0
Jiya,F,913,0,913
Jiyaan,M,6,6,0
Jizel,F,17,0,17
Jizelle,F,502,0,502
Jj,M,10,10,0
Jjesus,M,74,74,0
Jkwon,M,49,49,0
Jleigh,F,5,0,5
Jlyn,F,12,0,12
Jlynn,F,178,0,178
Jmarion,M,10,10,0
Jnaya,F,17,0,17
Jniya,F,10,0,10
Jniyah,F,10,0,10
Jnya,F,5,0,5
Jo,F,175549,101,175448
Joab,M,134,134,0
Joachim,M,32,32,0
Joah,M,93,93,0
Joahan,M,79,79,0
Joakim,M,10,10,0
Joan,F,479232,3523,475709
Joana,F,5221,0,5221
Joanann,F,12,0,12
Joandra,F,10,0,10
Joane,F,78,0,78
Joangel,M,84,84,0
Joani,F,10,0,10
Joanie,F,2290,0,2290
Joanmarie,F,34,0,34
Joann,F,153009,5,153004
Joanna,F,98261,66,98195
Joannamarie,F,6,0,6
Joanne,F,208055,18,208037
Joannie,F,152,0,152
Joanny,F,5,0,5
Joanthan,M,113,113,0
Joanthony,M,39,39,0
Joao,M,780,780,0
Joaolucas,M,6,6,0
Joaopedro,M,33,33,0
Joaovictor,M,51,51,0
Joaquim,M,84,84,0
Joaquin,M,24710,24710,0
Joaquina,F,52,0,52
Joas,M,5,5,0
Job,M,895,895,0
Jobani,M,21,21,0
Jobanny,M,5,5,0
Jobany,M,41,41,0
Jobe,M,50,50,0
Jobie,M,6,6,0
Jobin,M,6,6,0
Jobina,F,23,0,23
Jobita,F,5,0,5
Joby,M,33,33,0
Jocabed,F,21,0,21
Jocelin,F,1414,0,1414
Joceline,F,976,0,976
Jocell,F,11,0,11
Jocely,F,5,0,5
Jocelyn,F,100604,56,100548
Jocelyne,F,2899,0,2899
Jocelynn,F,4167,0,4167
Jocelynne,F,120,0,120
Jocilyn,F,5,0,5
Jock,M,82,82,0
Joclyn,F,20,0,20
Jocob,M,20,20,0
Jocqui,M,5,5,0
Jocsan,M,10,10,0
Jodean,F,6,0,6
Jodeci,F,104,58,46
Jodee,F,943,0,943
Jodeen,F,23,0,23
Jodell,F,184,0,184
Jodelle,F,37,0,37
Jodene,F,183,0,183
Jodette,F,5,0,5
Jodi,F,77111,20,77091
Jodie,F,24330,946,23384
Jodine,F,30,0,30
Jody,F,80900,28000,52900
Joe,M,431611,423472,8139
Joeangel,M,270,270,0
Joeann,F,26,0,26
Joeanthony,M,144,144,0
Joei,F,16,0,16
Joel,M,262270,261765,505
Joelene,F,80,0,80
Joelie,F,5,0,5
Joell,F,552,314,238
Joella,F,467,0,467
Joelle,F,10172,16,10156
Joellen,F,2663,0,2663
Joellyn,F,141,0,141
Joely,F,431,0,431
Joelyn,F,11,0,11
Joelynn,F,6,0,6
Joemichael,M,5,5,0
Joenathan,M,5,5,0
Joeray,M,6,6,0
Joeseph,M,236,236,0
Joesiah,M,81,81,0
Joesph,M,9867,9867,0
Joetta,F,1301,0,1301
Joette,F,561,0,561
Joey,M,51214,48182,3032
Joeziah,M,16,16,0
Joffre,M,11,11,0
Joh,M,12,12,0
Johan,M,9048,9048,0
Johana,F,4657,0,4657
Johandry,M,6,6,0
Johann,M,2256,2197,59
Johanna,F,42355,10,42345
Johannah,F,444,0,444
Johanne,F,218,0,218
Johannes,M,327,327,0
Johanny,F,45,0,45
Johansel,M,10,10,0
Johathan,M,613,613,0
John,M,4875934,4860258,15676
Johna,F,346,0,346
Johnae,F,80,0,80
Johnanna,F,5,0,5
Johnanthony,M,104,104,0
Johnatan,M,225,225,0
Johnatha,M,31,31,0
Johnathan,M,90333,90328,5
Johnathen,M,184,184,0
Johnatho,M,12,12,0
Johnathon,M,22533,22528,5
Johnaton,M,6,6,0
Johnattan,M,15,15,0
Johnavon,M,5,5,0
Johnbenedict,M,8,8,0
Johncarlo,M,68,68,0
Johncarlos,M,123,123,0
Johnchristopher,M,5,5,0
Johnda,F,56,0,56
Johndavid,M,150,150,0
Johneisha,F,10,0,10
Johnell,M,162,162,0
Johnelle,F,11,0,11
Johnesha,F,11,0,11
Johnetta,F,629,0,629
Johnette,F,284,0,284
Johney,M,165,165,0
Johnie,M,19346,15840,3506
Johnisha,F,109,0,109
Johnita,F,11,0,11
Johnjoseph,M,18,18,0
Johnluke,M,75,75,0
Johnmark,M,16,16,0
Johnmichael,M,682,682,0
Johnna,F,6155,0,6155
Johnnathan,M,5,5,0
Johnney,M,40,40,0
Johnnie,U,136208,93201,43007
Johnny,M,309197,307872,1325
Johnnye,F,251,5,246
Johnpatrick,M,40,40,0
Johnpaul,M,2981,2981,0
Johnrobert,M,8,8,0
Johnsie,F,893,0,893
Johnson,M,2437,2437,0
Johnta,M,5,5,0
Johntae,M,6,6,0
Johntavious,M,38,38,0
Johnthan,M,26,26,0
Johny,M,890,890,0
Johnye,F,14,0,14
Johsua,M,5,5,0
Joi,F,3084,0,3084
Joia,F,11,0,11
Joie,F,436,0,436
Jojo,F,13,0,13
Jolanda,F,95,0,95
Jolee,F,982,0,982
Joleen,F,3426,0,3426
Joleena,F,5,0,5
Joleigh,F,97,0,97
Jolena,F,35,0,35
Jolene,F,27137,0,27137
Jolett,F,7,0,7
Jolette,F,365,0,365
Joley,F,5,0,5
Joli,F,53,0,53
Jolie,F,8522,0,8522
Jolin,F,131,0,131
Jolina,F,193,0,193
Jolinda,F,53,0,53
Joline,F,388,0,388
Jolisa,F,73,0,73
Jolissa,F,21,0,21
Jolyn,F,189,0,189
Jolynn,F,1411,0,1411
Jomaira,F,13,0,13
Jomar,M,921,921,0
Jomari,M,17,17,0
Jomarie,F,19,0,19
Jomayra,F,16,0,16
Jometh,M,10,10,0
Jomo,M,52,52,0
Jon,M,163829,163743,86
Jona,F,114,5,109
Jonae,F,133,0,133
Jonael,M,297,297,0
Jonah,M,59744,59716,28
Jonahtan,M,6,6,0
Jonan,M,6,6,0
Jonanthony,M,5,5,0
Jonas,M,18599,18599,0
Jonatan,M,2193,2193,0
Jonatha,M,39,39,0
Jonathan,M,833204,831501,1703
Jonathanjoseph,M,6,6,0
Jonathen,M,263,263,0
Jonathon,M,61780,61765,15
Jonavan,M,16,16,0
Jonaven,M,8,8,0
Jonavon,M,10,10,0
Joncarlo,M,12,12,0
Joncarlos,M,13,13,0
Jonda,F,88,0,88
Jondarius,M,5,5,0
Jone,F,7,0,7
Jonee,F,5,0,5
Jonel,M,17,17,0
Jonell,F,567,5,562
Jonelle,F,963,0,963
Jonerik,M,51,51,0
Jones,M,937,937,0
Jonesha,F,5,0,5
Jonetta,F,15,0,15
Jonette,F,123,0,123
Jong,M,5,5,0
Jonh,M,5,5,0
Jonhatan,M,5,5,0
Joni,F,25078,10,25068
Jonibek,M,5,5,0
Jonie,F,104,0,104
Joniel,M,176,176,0
Jonier,F,6,0,6
Jonique,F,20,0,20
Jonisha,F,27,0,27
Jonita,F,22,0,22
Jonmichael,M,320,320,0
Jonna,F,2019,0,2019
Jonnathan,M,350,350,0
Jonni,F,51,0,51
Jonnie,F,3462,945,2517
Jonny,M,726,726,0
Jonothan,M,21,21,0
Jonovan,M,11,11,0
Jonpaul,M,421,421,0
Jonquil,F,5,0,5
Jontae,M,25,25,0
Jontavious,M,147,147,0
Jontavius,M,28,28,0
Jonte,M,174,168,6
Jonthan,M,120,120,0
Jontrell,M,5,5,0
Jony,M,5,5,0
Jonylah,F,5,0,5
Jood,F,21,0,21
Joon,M,32,32,0
Jophy,M,8,8,0
Joplin,F,10,0,10
Jordain,F,5,0,5
Jordan,U,495500,366264,129236
Jordana,F,1597,0,1597
Jordann,F,125,0,125
Jordanna,F,30,0,30
Jordanne,F,49,0,49
Jordany,M,108,108,0
Jorden,M,5336,4570,766
Jordi,M,1703,1703,0
Jordin,F,3567,937,2630
Jordis,F,43,0,43
Jordon,M,11412,10928,484
Jordy,M,3681,3675,6
Jordyn,F,54300,3597,50703
Jordynn,F,2755,0,2755
Jorel,M,220,220,0
Jorell,M,29,29,0
Jorene,F,5,0,5
Joretta,F,316,0,316
Jorge,M,127465,127176,289
Jorgeluis,M,157,157,0
Jorgen,M,10,10,0
Jorgina,F,5,0,5
Jori,F,487,0,487
Jorie,F,366,0,366
Joriel,M,13,13,0
Jorja,F,1170,0,1170
Jorje,M,603,603,0
Jorley,F,16,0,16
Jorman,M,10,10,0
Jory,M,872,862,10
Josafat,M,70,70,0
Josaiah,M,47,47,0
Josaline,F,5,0,5
Josalyn,F,486,0,486
Josalynn,F,66,0,66
Josanne,F,5,0,5
Joscelin,F,25,0,25
Joscelyn,F,603,0,603
Jose,M,556941,554196,2745
Josealberto,M,66,66,0
Josealfredo,M,27,27,0
Joseandres,M,5,5,0
Joseangel,M,679,679,0
Joseantonio,M,356,356,0
Josearmando,M,24,24,0
Josecarlos,M,58,58,0
Josedaniel,M,16,16,0
Josede,M,32,32,0
Josedejesus,M,347,347,0
Joseeduardo,M,5,5,0
Joseenrique,M,5,5,0
Josef,M,4911,4911,0
Josefa,F,2443,0,2443
Josefina,F,10697,10,10687
Josefine,F,72,0,72
Josefita,F,97,0,97
Joseguadalupe,M,34,34,0
Joseh,M,6,6,0
Josejesus,M,7,7,0
Josejr,M,5,5,0
Josejuan,M,53,53,0
Josejulian,M,26,26,0
Joselin,F,2803,0,2803
Joseline,F,2428,0,2428
Joselinne,F,16,0,16
Joselito,M,192,192,0
Joselle,F,5,0,5
Joseluis,M,2863,2863,0
Joselyn,F,14521,0,14521
Joselyne,F,569,0,569
Joselynn,F,425,0,425
Josemanuel,M,620,620,0
Josemaria,M,246,246,0
Josemiguel,M,118,118,0
Joseph,M,2518578,2512953,5625
Josephanthony,M,5,5,0
Josephin,F,5,0,5
Josephina,F,1059,0,1059
Josephine,F,262632,65,262567
Josephmichael,M,10,10,0
Josephus,M,123,123,0
Josephyne,F,5,0,5
Joseramon,M,5,5,0
Joseth,M,5,5,0
Josette,F,3210,0,3210
Josey,F,725,30,695
Josgar,M,5,5,0
Josh,M,11353,11353,0
Josha,M,22,22,0
Joshawa,M,6,6,0
Joshlyn,F,122,0,122
Joshlynn,F,33,0,33
Joshua,M,1202091,1199078,3013
Joshuah,M,896,896,0
Joshuajames,M,5,5,0
Joshuajohn,M,5,5,0
Joshuamichael,M,5,5,0
Joshuan,M,5,5,0
Joshuaray,M,5,5,0
Joshue,M,305,305,0
Joshus,M,5,5,0
Joshwa,M,5,5,0
Josi,F,5,0,5
Josiah,M,97688,97683,5
Josian,M,6,6,0
Josias,M,1049,1049,0
Josie,F,46503,10,46493
Josiel,M,34,34,0
Josiephine,F,183,0,183
Josilyn,F,144,0,144
Josip,M,5,5,0
Josiyah,M,92,92,0
Josje,M,5,5,0
Joslin,F,154,0,154
Joslyn,F,7154,0,7154
Joslynn,F,1365,0,1365
Josmar,M,136,136,0
Jospeh,M,251,251,0
Josph,M,5,5,0
Josphine,F,5,0,5
Joss,M,6,6,0
Jossalyn,F,19,0,19
Josselin,F,212,0,212
Josseline,F,190,0,190
Josselyn,F,1722,0,1722
Josselyne,F,20,0,20
Jossette,F,5,0,5
Jossiah,M,5,5,0
Jossie,F,381,0,381
Josslyn,F,828,0,828
Josslynn,F,12,0,12
Jossue,M,257,257,0
Josten,M,5,5,0
Jostin,M,98,98,0
Josua,M,69,69,0
Josue,M,46431,46396,35
Josuha,M,5,5,0
Josyah,M,21,21,0
Jotham,M,32,32,0
Joua,F,7,0,7
Joud,F,36,20,16
Jourdan,F,1484,501,983
Jourdyn,F,67,0,67
Journee,F,5838,0,5838
Journei,F,469,0,469
Journey,F,11363,281,11082
Journi,F,992,0,992
Journie,F,637,0,637
Journii,F,23,0,23
Jousha,M,34,34,0
Jovan,M,7672,7320,352
Jovana,F,1029,0,1029
Jovanda,F,5,0,5
Jovani,M,4780,4775,5
Jovanie,M,39,39,0
Jovanna,F,1731,0,1731
Jovanni,M,3930,3930,0
Jovannie,M,24,24,0
Jovanny,M,3353,3353,0
Jovante,M,56,56,0
Jovany,M,3205,3205,0
Jovaughn,M,6,6,0
Joven,M,11,11,0
Jovi,F,188,0,188
Jovian,M,33,33,0
Jovie,F,1112,0,1112
Jovin,M,6,6,0
Jovita,F,1820,0,1820
Jovon,M,1085,1072,13
Jovonna,F,11,0,11
Jovonni,M,5,5,0
Jovonte,M,10,10,0
Jowell,M,352,352,0
Joy,F,131525,363,131162
Joya,F,152,0,152
Joyanna,F,26,0,26
Joyanne,F,9,0,9
Joyce,F,504178,610,503568
Joyceann,F,5,0,5
Joycelin,F,11,0,11
Joycelyn,F,3088,0,3088
Joycelynn,F,10,0,10
Joycie,F,94,0,94
Joye,F,757,0,757
Joyel,F,41,0,41
Joyell,F,10,0,10
Joyelle,F,48,0,48
Joylyn,F,5,0,5
Jozef,M,164,164,0
Jozelyn,F,14,0,14
Jozette,F,21,0,21
Joziah,M,2189,2189,0
Jozie,F,104,0,104
Jozlin,F,5,0,5
Jozlyn,F,296,0,296
Jozlynn,F,102,0,102
Jquan,M,43,43,0
Jr,M,333,333,0
Jrake,M,5,5,0
Jru,M,39,39,0
Jrue,M,49,49,0
Jsean,M,5,5,0
Jshaun,M,5,5,0
Jshawn,M,5,5,0
Json,M,16,16,0
Jt,M,6,6,0
Juan,M,341567,340114,1453
Juana,F,13481,18,13463
Juanalberto,M,6,6,0
Juanangel,M,24,24,0
Juanantonio,M,171,171,0
Juancarlos,M,2487,2487,0
Juanda,F,32,0,32
Juandaniel,M,39,39,0
Juandavid,M,20,20,0
Juandedios,M,17,17,0
Juandiego,M,230,230,0
Juanell,F,93,0,93
Juanelle,F,22,0,22
Juanfrancisco,M,6,6,0
Juanice,F,93,0,93
Juanisha,F,7,0,7
Juanita,F,198457,174,198283
Juanito,M,134,134,0
Juanjose,M,455,455,0
Juanjr,M,5,5,0
Juanluis,M,122,122,0
Juanmanuel,M,392,392,0
Juanmiguel,M,47,47,0
Juanpablo,M,1090,1090,0
Juanramon,M,5,5,0
Juany,F,5,0,5
Juaquin,M,468,468,0
Juaquina,F,17,0,17
Jubal,M,15,15,0
Jubilee,F,1151,0,1151
Jud,M,5,5,0
Juda,M,31,31,0
Judah,M,17030,16988,42
Judas,M,76,76,0
Judd,M,1366,1366,0
Jude,M,32847,32184,663
Judee,F,52,0,52
Judeen,F,6,0,6
Judge,M,1065,1065,0
Judi,F,7702,0,7702
Judianne,F,5,0,5
Judie,F,3246,0,3246
Judieth,F,28,0,28
Judit,F,178,0,178
Judith,F,448065,298,447767
Judithann,F,10,0,10
Judson,M,6027,6027,0
Judy,F,378254,85,378169
Judyann,F,24,0,24
Judyth,F,159,0,159
Juel,U,85,65,20
Juelz,M,2091,2091,0
Juhi,F,15,0,15
Jujuan,M,33,33,0
Julaine,F,97,0,97
Julane,F,5,0,5
Jule,F,488,80,408
Julee,F,606,0,606
Juleen,F,5,0,5
Julen,M,17,17,0
Julene,F,206,0,206
Jules,M,5074,4637,437
Julez,M,5,5,0
Juli,F,3741,0,3741
Julia,F,416110,216,415894
Juliah,F,7,0,7
Julian,M,199088,198359,729
Juliana,F,51471,6,51465
Juliane,F,514,0,514
Juliani,M,10,10,0
Juliann,F,3757,0,3757
Julianna,F,40015,0,40015
Juliannah,F,5,0,5
Julianne,F,24843,0,24843
Julianny,F,14,0,14
Juliano,M,104,104,0
Julie,F,504744,220,504524
Julieana,F,101,0,101
Julieann,F,959,0,959
Julieanna,F,382,0,382
Julieanne,F,347,0,347
Julien,M,7746,7746,0
Juliene,F,5,0,5
Julienne,F,446,0,446
Juliet,F,23427,0,23427
Julieta,F,4772,0,4772
Julieth,F,277,0,277
Juliett,F,181,0,181
Julietta,F,511,0,511
Juliette,F,20901,0,20901
Julina,F,23,0,23
Julio,M,56579,56485,94
Juliocesar,M,163,163,0
Julious,M,269,269,0
Julisa,F,2827,0,2827
Julissa,F,22036,0,22036
Julita,F,6,0,6
Julitza,F,17,0,17
Julius,M,68463,68463,0
Juliya,F,10,0,10
Juliza,F,149,0,149
Julizza,F,6,0,6
Jullian,M,1316,1119,197
Julliana,F,46,0,46
Jullianna,F,7,0,7
Jullie,F,6,0,6
Jullien,M,18,18,0
Jullisa,F,5,0,5
Jully,F,5,0,5
Juluis,M,54,54,0
July,F,58,5,53
Julya,F,5,0,5
Julyan,M,39,39,0
Julyana,F,28,0,28
Julyanna,F,11,0,11
Julysa,F,5,0,5
Julyssa,F,457,0,457
Jumana,F,20,0,20
Jun,M,371,371,0
Juna,F,43,0,43
Junaid,M,29,29,0
June,F,187077,784,186293
Jung,F,71,5,66
Juni,F,5,0,5
Junia,F,28,0,28
Junice,F,11,0,11
Junichi,M,15,15,0
Junie,F,53,6,47
Juniel,M,10,10,0
Junior,M,35857,35852,5
Junious,M,576,576,0
Juniper,F,4522,0,4522
Junita,F,102,0,102
Junius,M,2839,2839,0
Junko,F,16,0,16
Juno,F,208,13,195
Jupiter,F,63,23,40
Jurea,F,6,0,6
Jurell,F,5,0,5
Jurgen,M,19,19,0
Jurnee,F,2016,0,2016
Jurnie,F,6,0,6
Jury,F,22,0,22
Jushua,M,5,5,0
Jusiah,M,22,22,0
Jusitn,M,20,20,0
Justeen,F,14,0,14
Justen,M,1811,1811,0
Justene,F,12,0,12
Justice,F,29844,15141,14703
Justilia,F,5,0,5
Justin,M,771850,769788,2062
Justina,F,7336,0,7336
Justine,F,33309,1011,32298
Justinkyle,M,6,6,0
Justinmichael,M,10,10,0
Justino,M,196,196,0
Justinray,M,5,5,0
Justis,M,292,282,10
Justo,M,702,702,0
Juston,M,700,700,0
Justus,M,5021,4982,39
Justyce,F,808,17,791
Justyn,M,2253,2253,0
Justyna,F,104,0,104
Justyne,F,50,0,50
Juvenal,M,597,597,0
Juvencio,M,23,23,0
Juvens,M,16,16,0
Juventino,M,939,939,0
Juvia,F,7,0,7
Juwan,M,2590,2590,0
Juwon,M,20,20,0
Jvon,M,10,10,0
Jyaire,M,10,10,0
Jyl,F,28,0,28
Jylan,M,5,5,0
Jymir,M,10,10,0
Jyoti,F,5,0,5
Jyren,M,12,12,0
Jyrin,M,5,5,0
Jyron,M,12,12,0
Ka,F,512,5,507
Kaaliyah,F,11,0,11
Kaan,M,180,180,0
Kaaren,F,287,0,287
Kaarin,F,5,0,5
Kaavya,F,68,0,68
Kabao,F,6,0,6
Kabeer,M,5,5,0
Kabir,M,950,950,0
Kabrina,F,54,0,54
Kace,M,561,561,0
Kacee,F,476,0,476
Kacelyn,F,10,0,10
Kacelynn,F,6,0,6
Kacen,M,180,180,0
Kacey,F,8048,329,7719
Kache,M,11,11,0
Kachina,F,5,0,5
Kaci,F,6703,0,6703
Kacia,F,5,0,5
Kacie,F,9738,0,9738
Kacper,M,781,781,0
Kacy,F,2474,37,2437
Kadan,M,10,10,0
Kadance,F,198,0,198
Kadarius,M,493,493,0
Kadarrius,M,11,11,0
Kadasia,F,5,0,5
Kade,M,14515,14515,0
Kadedra,F,78,0,78
Kadee,F,58,0,58
Kadeejah,F,5,0,5
Kadeem,M,1765,1765,0
Kadeen,M,11,11,0
Kadeesha,F,7,0,7
Kadeidra,F,25,0,25
Kadeja,F,37,0,37
Kadejah,F,150,0,150
Kaden,M,58475,58198,277
Kadence,F,9557,210,9347
Kadesha,F,128,0,128
Kadeshia,F,25,0,25
Kadesia,F,10,0,10
Kadi,F,52,0,52
Kadiatou,F,202,0,202
Kadidia,F,5,0,5
Kadie,F,745,0,745
Kadija,F,55,0,55
Kadijah,F,889,0,889
Kadijatou,F,8,0,8
Kadin,M,3571,3571,0
Kadince,F,10,0,10
Kadir,M,32,32,0
Kadisha,F,36,0,36
Kadon,M,63,63,0
Kadrian,M,23,23,0
Kady,F,866,0,866
Kadyn,M,2181,1742,439
Kadynce,F,181,0,181
Kae,F,5,0,5
Kaedan,M,8,8,0
Kaedance,F,5,0,5
Kaede,F,8,0,8
Kaeden,M,3180,3180,0
Kaedence,F,54,0,54
Kaedin,M,21,21,0
Kaedon,M,46,46,0
Kaedyn,U,428,328,100
Kaedynce,F,10,0,10
Kaegan,F,47,21,26
Kael,M,1851,1851,0
Kaela,F,4445,0,4445
Kaelah,F,62,0,62
Kaelan,M,288,283,5
Kaelani,F,152,0,152
Kaeleb,M,29,29,0
Kaelee,F,116,0,116
Kaeleigh,F,148,0,148
Kaelen,M,58,58,0
Kaeley,F,102,0,102
Kaeli,F,653,0,653
Kaelie,F,45,0,45
Kaelin,F,1278,133,1145
Kaelly,F,6,0,6
Kaelon,M,14,14,0
Kaely,F,201,0,201
Kaelyn,F,12597,0,12597
Kaelynn,F,2619,0,2619
Kaelynne,F,5,0,5
Kaemon,M,18,18,0
Kaena,F,28,16,12
Kaeo,M,148,148,0
Kaeson,M,109,109,0
Kaesyn,M,11,11,0
Kaetlyn,F,27,0,27
Kafi,F,10,0,10
Kagan,M,25,25,0
Kage,M,205,205,0
Kagen,M,25,25,0
Kahari,M,63,63,0
Kahealani,F,188,0,188
Kaheem,M,49,49,0
Kahekili,M,10,10,0
Kahiau,M,122,122,0
Kahla,F,101,0,101
Kahlan,F,411,0,411
Kahlani,F,88,0,88
Kahlen,F,13,0,13
Kahli,F,5,0,5
Kahlia,F,98,0,98
Kahlil,M,2128,2128,0
Kahmani,M,5,5,0
Kahmari,M,5,5,0
Kahne,F,10,5,5
Kahseem,M,5,5,0
Kai,M,37963,33833,4130
Kaia,F,8581,0,8581
Kaiah,F,87,0,87
Kaida,F,44,0,44
Kaidan,M,153,153,0
Kaidance,F,11,0,11
Kaiden,M,34396,33849,547
Kaidence,F,1988,16,1972
Kaidon,M,46,46,0
Kaidyn,U,1374,1001,373
Kaidynce,F,16,0,16
Kaiea,M,37,37,0
Kaige,M,10,10,0
Kaija,F,66,0,66
Kaikane,M,7,7,0
Kaikea,M,28,28,0
Kaikoa,M,26,26,0
Kail,M,5,5,0
Kaila,F,11820,0,11820
Kailah,F,827,0,827
Kailan,F,40,16,24
Kailana,F,56,0,56
Kailani,F,2782,0,2782
Kailany,F,6,0,6
Kailash,M,40,40,0
Kaile,F,94,0,94
Kailea,F,167,0,167
Kaileah,F,17,0,17
Kaileb,M,53,53,0
Kailee,F,10204,0,10204
Kaileen,F,60,0,60
Kailei,F,37,0,37
Kaileigh,F,821,0,821
Kailen,F,108,55,53
Kailene,F,5,0,5
Kailer,M,56,56,0
Kailey,F,23913,7,23906
Kaili,F,1048,0,1048
Kailia,F,6,0,6
Kailie,F,223,0,223
Kailin,F,102,0,102
Kailo,M,5,5,0
Kaily,F,975,0,975
Kailyn,F,11386,0,11386
Kailynn,F,2432,0,2432
Kaimalu,M,5,5,0
Kaimana,M,528,513,15
Kaimi,M,10,10,0
Kaimipono,M,11,11,0
Kain,M,1284,1284,0
Kaina,F,55,0,55
Kainalu,M,404,404,0
Kainan,M,13,13,0
Kainani,F,5,0,5
Kaine,M,816,816,0
Kainen,M,92,92,0
Kainoa,M,1401,1390,11
Kaio,M,49,49,0
Kaipo,M,275,275,0
Kaira,F,696,0,696
Kaire,M,5,5,0
Kairi,F,2956,15,2941
Kairo,M,497,497,0
Kais,M,18,18,0
Kaisa,F,21,0,21
Kaisei,M,5,5,0
Kaisen,M,297,297,0
Kaiser,M,490,490,0
Kaisha,F,72,0,72
Kaislee,F,10,0,10
Kaisleigh,F,5,0,5
Kaisley,F,334,0,334
Kaison,M,1668,1668,0
Kaisyn,M,21,21,0
Kaithlyn,F,51,0,51
Kaitlan,F,278,0,278
Kaitlen,F,55,0,55
Kaitlin,F,55901,6,55895
Kaitlyn,F,161685,25,161660
Kaitlyne,F,12,0,12
Kaitlynn,F,14569,5,14564
Kaitlynne,F,131,0,131
Kaito,M,285,285,0
Kaity,F,146,0,146
Kaiulani,F,84,0,84
Kaius,M,178,178,0
Kaiya,F,4925,0,4925
Kaiyah,F,120,0,120
Kaiyan,M,16,16,0
Kaizen,M,87,87,0
Kaizer,M,41,41,0
Kaizlee,F,16,0,16
Kaizley,F,19,0,19
Kaj,M,21,21,0
Kaja,F,13,0,13
Kajal,F,63,0,63
Kajuan,M,28,28,0
Kajuana,F,5,0,5
Kal,M,46,46,0
Kala,F,5300,0,5300
Kalab,M,7,7,0
Kaladin,M,17,17,0
Kalah,F,63,0,63
Kalai,M,81,81,0
Kalan,M,97,97,0
Kalani,F,3706,1064,2642
Kalanie,F,5,0,5
Kalaya,F,215,0,215
Kalayah,F,117,0,117
Kalaysia,F,6,0,6
Kalden,M,5,5,0
Kale,M,4869,4869,0
Kalea,F,1816,0,1816
Kaleah,F,1805,0,1805
Kaleb,M,73777,73766,11
Kaled,M,5,5,0
Kalee,F,1754,0,1754
Kaleel,M,12,12,0
Kaleem,M,24,24,0
Kaleen,F,42,0,42
Kaleena,F,765,0,765
Kaleesi,F,16,0,16
Kalei,F,576,40,536
Kaleia,F,114,0,114
Kaleigh,F,14007,0,14007
Kaleigha,F,82,0,82
Kalel,M,1780,1780,0
Kalem,M,28,28,0
Kalen,M,2018,1827,191
Kalena,F,784,0,784
Kalene,F,192,0,192
Kaleo,M,561,561,0
Kalep,M,5,5,0
Kaleth,M,14,14,0
Kalev,M,5,5,0
Kaley,F,11221,0,11221
Kaleya,F,5,0,5
Kaleyah,F,15,0,15
Kali,F,21470,36,21434
Kalia,F,2528,0,2528
Kaliah,F,716,0,716
Kaliana,F,81,0,81
Kalib,M,327,327,0
Kalie,F,3232,0,3232
Kalief,M,15,15,0
Kalif,M,45,45,0
Kalifa,F,6,0,6
Kalil,M,294,294,0
Kalila,F,87,0,87
Kalima,F,16,0,16
Kalimah,F,5,0,5
Kalin,F,646,370,276
Kalina,F,1457,0,1457
Kaliq,M,5,5,0
Kalise,F,55,0,55
Kalisha,F,171,0,171
Kalissa,F,208,0,208
Kalista,F,880,0,880
Kaliya,F,98,0,98
Kaliyah,F,7248,0,7248
Kaliyanei,F,5,0,5
Kallan,M,12,12,0
Kalle,F,6,0,6
Kallee,F,31,0,31
Kalleigh,F,44,0,44
Kallen,M,607,602,5
Kalley,F,168,0,168
Kalli,F,2386,0,2386
Kallie,F,7880,0,7880
Kalliope,F,88,0,88
Kalliopi,F,28,0,28
Kallista,F,129,0,129
Kalliyan,F,5,0,5
Kallum,M,5,5,0
Kally,F,98,0,98
Kallyn,F,6,0,6
Kalman,M,347,347,0
Kalmen,M,36,36,0
Kalob,M,394,394,0
Kalon,M,74,74,0
Kaloni,F,23,0,23
Kalub,M,78,78,0
Kalum,M,5,5,0
Kalvin,M,2531,2531,0
Kaly,F,15,0,15
Kalyan,M,6,6,0
Kalyani,F,6,0,6
Kalyn,F,5188,5,5183
Kalynn,F,1547,0,1547
Kalynne,F,5,0,5
Kalyse,F,5,0,5
Kalyssa,F,159,0,159
Kalysta,F,117,0,117
Kam,U,78,47,31
Kama,F,28,0,28
Kamaal,M,11,11,0
Kamaehu,M,17,17,0
Kamahao,M,34,34,0
Kamaile,F,77,0,77
Kamaiyah,F,14,0,14
Kamakana,M,10,10,0
Kamakani,M,10,10,0
Kamal,M,1136,1136,0
Kamala,F,177,0,177
Kamalani,F,168,5,163
Kamalei,F,72,18,54
Kamani,F,209,42,167
Kamar,M,481,481,0
Kamara,F,360,0,360
Kamare,M,10,10,0
Kamaree,M,5,5,0
Kamareon,M,5,5,0
Kamari,U,8172,5496,2676
Kamaria,F,1092,0,1092
Kamariah,F,15,0,15
Kamarion,M,1186,1186,0
Kamarri,M,10,10,0
Kamau,M,90,90,0
Kamauri,M,211,190,21
Kamaya,F,543,0,543
Kamber,F,30,0,30
Kamberlyn,F,5,0,5
Kambra,F,5,0,5
Kambree,F,623,0,623
Kambrey,F,5,0,5
Kambri,F,260,0,260
Kambria,F,350,0,350
Kambrie,F,201,0,201
Kambry,F,90,0,90
Kamden,M,7308,7278,30
Kamdon,M,22,22,0
Kamdyn,U,2114,1491,623
Kamea,F,182,0,182
Kameelah,F,47,0,47
Kameisha,F,5,0,5
Kameka,F,11,0,11
Kameko,F,24,0,24
Kamel,M,99,99,0
Kamela,F,41,0,41
Kamelia,F,11,0,11
Kamen,M,5,5,0
Kameran,M,16,16,0
Kameren,M,22,22,0
Kameria,F,6,0,6
Kameron,M,32222,29919,2303
Kameryn,F,757,54,703
Kamesha,F,232,0,232
Kameshia,F,13,0,13
Kami,F,5232,0,5232
Kamia,F,318,0,318
Kamiah,F,490,0,490
Kamie,F,103,0,103
Kamika,F,20,0,20
Kamil,M,934,929,5
Kamila,F,9176,0,9176
Kamilah,F,2703,0,2703
Kamile,F,5,0,5
Kamilla,F,726,0,726
Kamillah,F,6,0,6
Kamille,F,2560,0,2560
Kamilo,M,6,6,0
Kamily,F,5,0,5
Kamira,F,89,0,89
Kamisha,F,259,0,259
Kamiya,F,1526,0,1526
Kamiyah,F,2110,0,2110
Kammie,F,5,0,5
Kammy,F,12,0,12
Kamora,F,1908,0,1908
Kamori,F,52,0,52
Kamoria,F,5,0,5
Kamran,M,742,742,0
Kamree,F,77,0,77
Kamreigh,F,6,0,6
Kamren,M,2436,2415,21
Kamri,F,192,0,192
Kamrie,F,29,0,29
Kamrin,M,217,192,25
Kamron,M,4684,4674,10
Kamry,F,103,0,103
Kamryn,F,21461,2491,18970
Kamrynn,F,82,0,82
Kamsiyochukwu,U,40,26,14
Kamuela,M,203,203,0
Kamya,F,2288,0,2288
Kamyah,F,142,0,142
Kamyia,F,5,0,5
Kamyla,F,212,0,212
Kamylah,F,6,0,6
Kamyra,F,73,0,73
Kana,F,80,0,80
Kanaan,M,78,78,0
Kanai,M,53,53,0
Kanaloa,M,16,16,0
Kanan,M,144,144,0
Kanani,F,310,0,310
Kanard,M,5,5,0
Kanav,M,5,5,0
Kanaya,F,5,0,5
Kandace,F,3098,0,3098
Kandee,F,12,0,12
Kandi,F,2969,0,2969
Kandice,F,3908,0,3908
Kandie,F,40,0,40
Kandis,F,657,0,657
Kandise,F,6,0,6
Kandra,F,95,0,95
Kandy,F,2793,0,2793
Kandyce,F,228,0,228
Kane,M,9955,9955,0
Kaneesha,F,183,0,183
Kaneisha,F,280,0,280
Kanen,M,15,15,0
Kanesha,F,730,0,730
Kaneshia,F,89,0,89
Kang,F,17,0,17
Kani,M,41,41,0
Kania,F,25,0,25
Kaniah,F,25,0,25
Kaniela,M,5,5,0
Kanijah,F,15,0,15
Kanika,F,311,0,311
Kanin,M,13,13,0
Kanisha,F,1329,0,1329
Kanishk,M,11,11,0
Kaniya,F,1482,0,1482
Kaniyah,F,1146,0,1146
Kanji,M,5,5,0
Kanna,F,6,0,6
Kannon,M,1885,1885,0
Kanoa,M,386,386,0
Kanoe,F,46,0,46
Kanoelani,F,38,0,38
Kanon,M,319,312,7
Kansas,F,48,0,48
Kanwal,F,5,0,5
Kanya,F,25,0,25
Kanye,M,822,822,0
Kanyon,M,249,249,0
Kao,U,364,256,108
Kaola,F,5,0,5
Kaori,F,173,0,173
Kaoru,M,147,119,28
Kapena,M,36,36,0
Kapono,M,57,57,0
Kapri,F,68,0,68
Kaprice,F,6,0,6
Kar,F,5,0,5
Kara,F,96833,16,96817
Karah,F,1246,0,1246
Karalee,F,83,0,83
Karaline,F,38,0,38
Karalyn,F,137,0,137
Karalynn,F,26,0,26
Karam,M,246,246,0
Karan,F,2155,678,1477
Karandeep,M,12,12,0
Karanveer,M,25,25,0
Karanvir,M,12,12,0
Karapet,M,23,23,0
Karas,M,306,306,0
Karcyn,F,6,0,6
Karder,M,10,10,0
Karee,F,23,0,23
Kareem,M,13300,13277,23
Kareema,F,299,0,299
Kareemah,F,72,0,72
Kareen,U,399,251,148
Kareena,F,422,0,422
Karel,F,134,10,124
Kareli,F,86,0,86
Karelly,F,16,0,16
Karely,F,1237,0,1237
Karem,F,29,0,29
Karema,F,6,0,6
Karen,F,984521,782,983739
Karena,F,1135,0,1135
Karene,F,5,0,5
Karenna,F,27,0,27
Karess,F,12,0,12
Karessa,F,22,0,22
Karey,F,564,5,559
Kari,F,56113,0,56113
Karia,F,5,0,5
Kariana,F,17,0,17
Kariann,F,49,0,49
Karianna,F,11,0,11
Karianne,F,56,0,56
Karicia,F,18,0,18
Karie,F,2963,0,2963
Kariem,M,10,10,0
Karigan,F,5,0,5
Karil,F,5,0,5
Karilyn,F,22,0,22
Karim,M,3215,3209,6
Karima,F,487,0,487
Karimah,F,49,0,49
Karime,F,1556,0,1556
Karin,F,24544,0,24544
Karina,F,55699,110,55589
Karine,F,296,0,296
Karinna,F,132,0,132
Karinne,F,10,0,10
Karis,F,3598,0,3598
Karisa,F,922,0,922
Karisha,F,10,0,10
Karishma,F,296,0,296
Karisia,F,6,0,6
Karisma,F,781,0,781
Karissa,F,17153,0,17153
Karita,F,5,0,5
Kariyah,F,10,0,10
Karizma,F,455,0,455
Karl,M,94408,94364,44
Karla,F,85615,64,85551
Karlee,F,10337,0,10337
Karleen,F,393,0,393
Karlei,F,5,0,5
Karleigh,F,2791,0,2791
Karlene,F,1148,0,1148
Karley,F,5365,0,5365
Karli,F,8067,0,8067
Karlie,F,8401,0,8401
Karlin,M,5,5,0
Karlo,M,351,351,0
Karlos,M,387,387,0
Karlton,M,57,57,0
Karly,F,8021,0,8021
Karlyn,F,100,0,100
Karlyne,F,5,0,5
Karma,F,3655,18,3637
Karman,F,5,0,5
Karmello,M,33,33,0
Karmelo,M,213,213,0
Karmen,F,3107,0,3107
Karmin,F,16,0,16
Karmina,F,11,0,11
Karmyn,F,601,0,601
Karn,F,7,0,7
Karna,F,84,0,84
Karo,M,35,35,0
Karol,F,6363,397,5966
Karole,F,71,0,71
Karolina,F,2460,0,2460
Karoline,F,1017,0,1017
Karolyn,F,2269,0,2269
Karolyna,F,13,0,13
Karolyne,F,6,0,6
Karolynn,F,5,0,5
Karon,F,5314,1423,3891
Karra,F,36,0,36
Karrah,F,21,0,21
Karren,F,511,0,511
Karri,F,2352,0,2352
Karrie,F,7131,0,7131
Karriem,M,128,128,0
Karrigan,F,22,0,22
Karrin,F,10,0,10
Karrina,F,5,0,5
Karrington,F,399,0,399
Karrisa,F,6,0,6
Karry,F,161,13,148
Karsen,M,1679,1322,357
Karson,M,12056,11571,485
Karsten,M,953,953,0
Karston,M,22,22,0
Karsyn,F,5161,527,4634
Karsynn,F,13,0,13
Karter,M,15203,13660,1543
Karthik,M,457,457,0
Karthika,F,5,0,5
Karthikeya,M,13,13,0
Kartier,M,49,49,0
Kartik,M,30,30,0
Karver,M,28,28,0
Kary,F,348,82,266
Karyl,F,526,0,526
Karyme,F,1510,0,1510
Karyn,F,10504,0,10504
Karyna,F,283,0,283
Karys,F,48,0,48
Karyssa,F,171,0,171
Kasai,M,10,10,0
Kasandra,F,6438,0,6438
Kasara,F,6,0,6
Kasarah,F,6,0,6
Kasaundra,F,15,0,15
Kase,M,1593,1593,0
Kasean,M,11,11,0
Kaseem,M,372,372,0
Kaselyn,F,7,0,7
Kasen,M,5577,5577,0
Kasey,F,38648,8659,29989
Kash,M,6177,6177,0
Kasha,F,208,0,208
Kashana,F,6,0,6
Kashanti,F,5,0,5
Kashaun,M,18,18,0
Kashawn,M,296,296,0
Kashay,F,5,0,5
Kashdon,M,5,5,0
Kashe,F,5,0,5
Kasheem,M,37,37,0
Kasheen,M,5,5,0
Kashia,F,13,0,13
Kashif,M,242,242,0
Kashish,F,5,0,5
Kashius,M,5,5,0
Kashlyn,F,17,0,17
Kashlynn,F,5,0,5
Kashmere,U,21,16,5
Kashmir,U,47,36,11
Kashon,M,7,7,0
Kashton,M,1003,1003,0
Kashtyn,M,5,5,0
Kashvi,F,83,0,83
Kasi,F,642,0,642
Kasia,F,189,0,189
Kasidy,F,15,0,15
Kasie,F,1982,0,1982
Kasiem,M,5,5,0
Kasim,M,91,91,0
Kasin,M,5,5,0
Kasir,M,48,48,0
Kason,M,8141,8141,0
Kasondra,F,115,0,115
Kasper,M,105,105,0
Kasra,M,76,76,0
Kassandr,F,13,0,13
Kassandra,F,29308,5,29303
Kassaundra,F,48,0,48
Kassem,M,61,61,0
Kassey,F,22,0,22
Kassi,F,500,0,500
Kassia,F,5,0,5
Kassidee,F,22,0,22
Kassidi,F,85,0,85
Kassidy,F,16957,0,16957
Kassie,F,3996,0,3996
Kassim,M,18,18,0
Kassius,M,68,68,0
Kassondra,F,183,0,183
Kassy,F,55,0,55
Kaston,M,11,11,0
Kasyn,M,181,170,11
Katalaya,F,43,0,43
Katalea,F,24,0,24
Kataleah,F,29,0,29
Kataleya,F,994,0,994
Kataleyah,F,11,0,11
Katalia,F,36,0,36
Katalina,F,2669,0,2669
Katalyna,F,80,0,80
Katana,F,196,0,196
Katara,F,56,0,56
Katarina,F,6244,0,6244
Katarzyna,F,345,0,345
Katasha,F,10,0,10
Kate,F,67399,0,67399
Katee,F,36,0,36
Kateena,F,5,0,5
Katelan,F,6,0,6
Kateland,F,54,0,54
Kateleen,F,8,0,8
Katelen,F,5,0,5
Katelin,F,7305,0,7305
Katelyn,F,130352,28,130324
Katelynd,F,5,0,5
Katelyne,F,21,0,21
Katelynn,F,28768,0,28768
Katelynne,F,271,0,271
Katena,F,6,0,6
Katera,F,63,0,63
Kateri,F,379,0,379
Kateria,F,14,0,14
Katerin,F,328,0,328
Katerina,F,4545,0,4545
Katerine,F,205,0,205
Katey,F,499,0,499
Kathaleen,F,1129,0,1129
Kathaleya,F,5,0,5
Kathalina,F,8,0,8
Katharin,F,23,0,23
Katharina,F,256,0,256
Katharine,F,32010,0,32010
Katharyn,F,54,0,54
Kathe,F,255,0,255
Katheleen,F,28,0,28
Kathelyn,F,6,0,6
Katherin,F,1130,0,1130
Katherina,F,140,0,140
Katherine,F,606508,216,606292
Katherinne,F,11,0,11
Kathern,F,663,0,663
Katheryn,F,8094,0,8094
Katheryne,F,258,0,258
Kathey,F,623,0,623
Kathi,F,8007,0,8007
Kathia,F,710,0,710
Kathie,F,12343,0,12343
Kathiria,F,6,0,6
Kathleen,F,704536,296,704240
Kathleena,F,5,0,5
Kathleene,F,24,0,24
Kathlene,F,954,0,954
Kathlyn,F,1448,0,1448
Kathlynn,F,7,0,7
Kathren,F,20,0,20
Kathrin,F,43,0,43
Kathrina,F,56,0,56
Kathrine,F,9115,0,9115
Kathryn,F,433260,35,433225
Kathryne,F,1430,0,1430
Kathrynn,F,5,0,5
Kathy,F,330843,32,330811
Kathya,F,311,0,311
Kathyann,F,5,0,5
Kathyleen,F,6,0,6
Kathyrn,F,538,0,538
Kati,F,2616,0,2616
Katia,F,3692,0,3692
Katiana,F,295,0,295
Katie,F,219200,20,219180
Katieann,F,10,0,10
Katilyn,F,458,0,458
Katilynn,F,5,0,5
Katima,F,5,0,5
Katina,F,8761,0,8761
Katira,F,5,0,5
Katiria,F,290,0,290
Katisha,F,99,0,99
Katiuscia,F,5,0,5
Katja,F,59,0,59
Katleyn,F,5,0,5
Katlin,F,4123,0,4123
Katlyn,F,17008,0,17008
Katlynn,F,2518,0,2518
Katniss,F,28,0,28
Kato,M,40,40,0
Katonya,F,5,0,5
Katrell,M,5,5,0
Katrena,F,153,0,153
Katriana,F,6,0,6
Katrice,F,772,0,772
Katriel,F,5,0,5
Katrin,F,45,0,45
Katrina,F,97792,15,97777
Katrine,F,15,0,15
Katrinia,F,15,0,15
Katryn,F,10,0,10
Katryna,F,94,0,94
Katsue,F,5,0,5
Katsuji,M,13,13,0
Katsuko,F,5,0,5
Katsumi,M,167,167,0
Kattaleya,F,21,0,21
Kattia,F,5,0,5
Kattie,F,2426,0,2426
Kattleya,F,39,0,39
Katty,F,228,0,228
Katy,F,15048,0,15048
Katya,F,1308,0,1308
Katye,F,5,0,5
Kaua,M,12,12,0
Kauan,M,181,181,0
Kaui,F,5,0,5
Kaula,F,8,0,8
Kaulana,M,111,111,0
Kaushal,M,5,5,0
Kaushik,M,19,19,0
Kavan,M,54,54,0
Kavari,M,5,5,0
Kaveh,M,43,43,0
Kaven,M,26,26,0
Kaveon,M,26,26,0
Kavi,M,134,134,0
Kavin,M,713,713,0
Kavion,M,353,353,0
Kavious,M,17,17,0
Kavir,M,11,11,0
Kavish,M,17,17,0
Kavita,F,139,0,139
Kavon,M,1212,1212,0
Kavya,F,760,0,760
Kawan,M,81,81,0
Kawana,F,252,0,252
Kawanda,F,71,0,71
Kawanna,F,89,0,89
Kawaski,M,5,5,0
Kawehi,F,66,0,66
Kawena,F,77,15,62
Kawhi,M,18,18,0
Kawika,M,724,724,0
Kay,F,94889,1494,93395
Kaya,F,6756,97,6659
Kayah,F,5,0,5
Kayan,M,15,15,0
Kayana,F,97,0,97
Kayanna,F,66,0,66
Kaybree,F,39,0,39
Kayce,F,866,12,854
Kaycee,F,4565,0,4565
Kaycen,M,63,63,0
Kayceon,M,10,10,0
Kayci,F,241,0,241
Kaycie,F,556,0,556
Kayda,F,6,0,6
Kaydan,M,26,26,0
Kaydance,F,562,0,562
Kaydee,F,683,0,683
Kayden,M,51932,45543,6389
Kaydence,F,14487,56,14431
Kaydi,F,5,0,5
Kaydie,F,6,0,6
Kaydin,M,363,290,73
Kaydince,F,18,0,18
Kaydon,M,327,327,0
Kaydyn,M,5,5,0
Kaye,F,9967,71,9896
Kayelee,F,5,0,5
Kayelynn,F,5,0,5
Kayin,M,12,12,0
Kayla,F,334806,83,334723
Kaylaann,F,6,0,6
Kaylah,F,4572,0,4572
Kaylamarie,F,32,0,32
Kaylan,F,2593,17,2576
Kaylana,F,67,0,67
Kaylani,F,2159,0,2159
Kaylanie,F,101,0,101
Kayle,F,2007,5,2002
Kaylea,F,1233,0,1233
Kayleah,F,10,0,10
Kayleb,M,851,851,0
Kaylee,F,123601,40,123561
Kayleeann,F,5,0,5
Kayleen,F,3918,0,3918
Kayleena,F,12,0,12
Kaylei,F,676,0,676
Kayleigh,F,28917,5,28912
Kaylen,F,4993,189,4804
Kaylena,F,10,0,10
Kaylene,F,1956,0,1956
Kayley,F,6369,0,6369
Kayli,F,4864,0,4864
Kaylia,F,27,0,27
Kayliana,F,82,0,82
Kaylie,F,18770,0,18770
Kayliegh,F,5,0,5
Kaylin,F,16105,10,16095
Kaylina,F,27,0,27
Kaylinn,F,30,0,30
Kayln,F,16,0,16
Kaylob,M,5,5,0
Kaylon,U,416,299,117
Kayloni,F,35,0,35
Kaylonnie,F,5,0,5
Kaylor,F,29,0,29
Kayly,F,48,0,48
Kaylyn,F,9351,0,9351
Kaylynn,F,8792,0,8792
Kaylynne,F,16,0,16
Kayne,M,454,454,0
Kayon,M,5,5,0
Kayra,F,88,0,88
Kayron,F,10,5,5
Kaysan,M,7,7,0
Kayse,F,15,0,15
Kaysean,M,5,5,0
Kaysee,F,5,0,5
Kaysen,M,1772,1746,26
Kaysha,F,87,0,87
Kayshawn,M,61,61,0
Kaysi,F,5,0,5
Kaysie,F,114,0,114
Kayson,M,5057,5050,7
Kayte,F,5,0,5
Kaytee,F,11,0,11
Kayti,F,5,0,5
Kaytie,F,6,0,6
Kaytlin,F,1699,0,1699
Kaytlyn,F,1179,0,1179
Kaytlynn,F,291,0,291
Kayton,F,6,0,6
Kayvan,M,6,6,0
Kayvion,M,21,21,0
Kayvon,M,240,240,0
Kayzen,M,11,11,0
Kayzlee,F,44,0,44
Kaz,M,5,5,0
Kazandra,F,86,0,86
Kazi,M,98,81,17
Kazue,F,133,0,133
Kazuki,M,19,19,0
Kazuko,F,289,0,289
Kazumi,M,59,59,0
Kazuo,M,599,599,0
Kazuto,M,30,30,0
Kazuye,F,12,0,12
Kazuyo,F,6,0,6
Kazuyoshi,M,5,5,0
Kazzandra,F,5,0,5
Kc,M,513,441,72
Kea,F,10,0,10
Keaden,M,5,5,0
Keagan,M,6437,6108,329
Keagen,M,141,141,0
Keaghan,M,5,5,0
Keagon,M,5,5,0
Keahi,M,138,133,5
Keaira,F,622,0,622
Keairra,F,5,0,5
Keaka,M,21,21,0
Keala,F,199,11,188
Kealani,F,172,0,172
Kealii,M,110,110,0
Kealohilani,F,51,0,51
Keamber,F,23,0,23
Keambria,F,10,0,10
Kean,M,44,44,0
Keana,F,1119,0,1119
Keandra,F,461,0,461
Keandre,M,1447,1447,0
Keandrea,F,51,0,51
Keane,M,180,180,0
Keani,F,142,0,142
Keanna,F,1769,0,1769
Keano,M,11,11,0
Keante,M,5,5,0
Keanthony,M,10,10,0
Keanu,M,3587,3582,5
Keara,F,2727,0,2727
Kearia,F,10,0,10
Kearra,F,77,0,77
Kearsten,F,11,0,11
Kearstin,F,40,0,40
Kearstyn,F,5,0,5
Keary,M,10,10,0
Keasha,F,30,0,30
Keasia,F,883,0,883
Keaton,M,17915,17736,179
Keatyn,F,5,0,5
Keauna,F,10,0,10
Keaundra,F,21,0,21
Keawe,M,10,10,0
Kebrina,F,15,0,15
Kechia,F,15,0,15
Kecia,F,1864,0,1864
Kedar,M,34,34,0
Kedarius,M,18,18,0
Kedra,F,29,0,29
Kedric,M,96,96,0
Kedrick,M,755,755,0
Kedwin,M,5,5,0
Kee,M,965,965,0
Keeana,F,6,0,6
Keefe,M,20,20,0
Keegan,M,33673,32251,1422
Keegen,M,5,5,0
Keela,F,17,0,17
Keelan,M,1172,1167,5
Keeland,M,5,5,0
Keeleigh,F,10,0,10
Keeley,F,3184,0,3184
Keeli,F,120,0,120
Keelie,F,159,0,159
Keelin,F,70,0,70
Keely,F,8853,0,8853
Keelyn,F,35,10,25
Keena,F,379,7,372
Keenan,M,13590,13590,0
Keenen,M,373,373,0
Keenon,M,10,10,0
Keenya,F,10,0,10
Keera,F,10,0,10
Keerat,F,19,0,19
Keerthana,F,44,0,44
Keerthi,F,10,0,10
Keesha,F,1208,0,1208
Keeshawn,M,8,8,0
Keeton,M,81,81,0
Keeva,F,46,0,46
Keevin,M,6,6,0
Keeya,F,7,0,7
Kegan,M,1636,1636,0
Kehaulani,F,160,0,160
Kehlani,F,861,0,861
Kei,M,67,67,0
Keia,F,10,0,10
Keiana,F,267,0,267
Keianna,F,114,0,114
Keiara,F,357,0,357
Keiden,M,11,11,0
Keidra,F,18,0,18
Keidy,F,35,0,35
Keifer,M,221,221,0
Keigan,M,51,51,0
Keiji,M,23,23,0
Keikilani,F,5,0,5
Keiko,F,230,0,230
Keila,F,4334,0,4334
Keilah,F,403,0,403
Keilan,M,232,232,0
Keilana,F,92,0,92
Keilani,F,1241,0,1241
Keilany,F,36,0,36
Keilee,F,28,0,28
Keileigh,F,5,0,5
Keiley,F,11,0,11
Keili,F,49,0,49
Keilly,F,170,0,170
Keilon,M,12,12,0
Keily,F,2137,0,2137
Keilyn,F,340,0,340
Keino,M,5,5,0
Keion,M,1136,1136,0
Keiona,F,43,0,43
Keiondre,M,5,5,0
Keionna,F,33,0,33
Keiosha,F,5,0,5
Keir,M,94,94,0
Keira,F,26969,0,26969
Keirah,F,16,0,16
Keiran,M,110,110,0
Keirra,F,244,0,244
Keirsten,F,206,0,206
Keiry,F,798,0,798
Keisa,F,115,0,115
Keisean,M,5,5,0
Keisha,F,19782,0,19782
Keishawn,M,103,103,0
Keishla,F,45,0,45
Keisi,F,24,0,24
Keisuke,M,24,24,0
Keisy,F,147,0,147
Keita,M,31,31,0
Keith,M,432687,432433,254
Keitha,F,247,0,247
Keithan,M,55,55,0
Keithen,M,25,25,0
Keivon,M,22,22,0
Kejuan,M,535,535,0
Kekai,M,48,48,0
Kekoa,M,1053,1048,5
Kela,F,46,0,46
Kelaia,F,5,0,5
Kelan,M,351,351,0
Kelani,F,139,0,139
Kelbie,F,10,0,10
Kelby,M,1598,1356,242
Kelcee,F,59,0,59
Kelcey,F,701,31,670
Kelci,F,807,0,807
Kelcie,F,1386,0,1386
Kelcy,F,83,0,83
Keldon,M,15,15,0
Keldric,M,10,10,0
Keldrick,M,235,235,0
Kelechi,M,49,42,7
Kelee,F,5,0,5
Keleigh,F,35,0,35
Kelene,F,5,0,5
Keli,F,1941,0,1941
Kelia,F,40,0,40
Kelii,M,102,102,0
Kelijah,M,6,6,0
Kelin,M,16,16,0
Kelis,F,1699,0,1699
Kelise,F,53,0,53
Kellan,M,6812,6806,6
Kelle,F,706,0,706
Kellee,F,1433,0,1433
Kelleen,F,72,0,72
Kellen,M,13082,12977,105
Kellene,F,32,0,32
Keller,M,1349,1349,0
Kelley,F,45748,2118,43630
Kelli,F,72850,6,72844
Kelliann,F,84,0,84
Kellianne,F,111,0,111
Kellie,F,48409,0,48409
Kellin,M,139,139,0
Kellsey,F,6,0,6
Kellsie,F,29,0,29
Kelly,F,547017,77583,469434
Kellyann,F,1040,0,1040
Kellyanne,F,72,0,72
Kellye,F,1085,0,1085
Kellyn,F,297,0,297
Kelsay,F,10,0,10
Kelsea,F,3840,0,3840
Kelsee,F,450,0,450
Kelsey,F,146818,1983,144835
Kelsi,F,7646,0,7646
Kelsie,F,16914,0,16914
Kelso,M,6,6,0
Kelson,M,85,85,0
Kelsy,F,1311,0,1311
Kelsye,F,5,0,5
Kelton,M,3224,3224,0
Kelvin,M,46761,46755,6
Kelvon,M,5,5,0
Kelwin,M,5,5,0
Kely,F,5,0,5
Kem,U,56,33,23
Kemal,M,5,5,0
Kemani,F,49,18,31
Kemar,M,140,140,0
Kemari,M,495,461,34
Kemarion,M,308,308,0
Kemarrion,M,5,5,0
Kemauri,M,76,76,0
Kemaury,M,5,5,0
Kemaya,F,5,0,5
Kemba,F,16,0,16
Kemberly,F,267,0,267
Kemily,F,10,0,10
Kemiya,F,7,0,7
Kemiyah,F,42,0,42
Kemon,M,53,53,0
Kemoni,F,24,0,24
Kemontae,M,5,5,0
Kemonte,M,18,18,0
Kemora,F,127,0,127
Kemp,M,54,54,0
Kemper,M,119,119,0
Kemuel,M,21,21,0
Kemya,F,65,0,65
Ken,M,28262,28262,0
Kena,F,194,0,194
Kenadee,F,591,0,591
Kenadi,F,376,0,376
Kenadie,F,722,0,722
Kenady,F,33,0,33
Kenai,M,162,162,0
Kenan,M,1339,1339,0
Kenard,M,20,20,0
Kenda,F,514,0,514
Kendahl,F,63,0,63
Kendal,F,7482,1313,6169
Kendale,M,26,26,0
Kendall,F,84792,29026,55766
Kendallyn,F,11,0,11
Kendalyn,F,67,0,67
Kendalynn,F,12,0,12
Kendarious,M,75,75,0
Kendarius,M,641,641,0
Kendarrius,M,16,16,0
Kendel,F,35,20,15
Kendell,M,1960,1725,235
Kenden,M,5,5,0
Kenderick,M,26,26,0
Kendi,F,16,0,16
Kendia,F,9,0,9
Kendis,F,10,0,10
Kendle,F,5,0,5
Kendly,M,5,5,0
Kendon,M,35,35,0
Kendra,F,92864,35,92829
Kendrah,F,10,0,10
Kendrea,F,8,0,8
Kendrell,M,68,68,0
Kendria,F,151,0,151
Kendric,M,593,593,0
Kendrick,M,25056,25051,5
Kendrix,M,25,25,0
Kendry,M,35,35,0
Kendy,F,12,0,12
Kendyl,F,2937,0,2937
Kendyll,F,335,0,335
Kenechukwu,M,19,19,0
Kenedi,F,142,0,142
Kenedy,F,132,0,132
Keneisha,F,20,0,20
Kenesha,F,195,0,195
Keneshia,F,28,0,28
Keneth,M,62,62,0
Keng,M,213,213,0
Kenia,F,6593,6,6587
Keniah,F,5,0,5
Kenichi,M,135,135,0
Keniel,M,74,74,0
Kenisha,F,2517,0,2517
Kenith,M,47,47,0
Keniya,F,98,0,98
Keniyah,F,119,0,119
Kenji,M,1943,1943,0
Kenlee,F,881,0,881
Kenlei,F,5,0,5
Kenleigh,F,958,0,958
Kenley,F,5062,95,4967
Kenli,F,63,0,63
Kenlie,F,49,0,49
Kenly,F,39,0,39
Kenn,M,5,5,0
Kenna,F,6765,19,6746
Kennadee,F,39,0,39
Kennadi,F,719,0,719
Kennadie,F,58,0,58
Kennady,F,399,0,399
Kennan,M,65,65,0
Kennard,M,314,314,0
Kennede,F,11,0,11
Kennedee,F,15,0,15
Kennedi,F,10175,0,10175
Kennedie,F,268,0,268
Kennedy,F,70101,3571,66530
Kenner,M,10,10,0
Kennesha,F,21,0,21
Kenneth,M,1267724,1266095,1629
Kennetha,F,33,0,33
Kenney,M,358,358,0
Kennia,F,249,0,249
Kennidy,F,5,0,5
Kennie,M,30,30,0
Kenniel,M,6,6,0
Kennisha,F,54,0,54
Kennith,M,6739,6739,0
Kenniyah,F,6,0,6
Kennon,M,121,121,0
Kennth,M,262,262,0
Kenny,M,46570,46553,17
Kennya,F,199,0,199
Keno,M,11,11,0
Kenosha,F,57,0,57
Kenric,M,96,96,0
Kenrick,M,194,194,0
Kensey,F,50,0,50
Kenshin,M,29,29,0
Kensi,F,106,0,106
Kensie,F,160,0,160
Kensington,F,1283,0,1283
Kenslee,F,280,0,280
Kensleigh,F,176,0,176
Kensley,F,3902,37,3865
Kensli,F,23,0,23
Kenslie,F,45,0,45
Kensly,F,5,0,5
Kenson,M,29,29,0
Kenston,M,7,7,0
Kent,M,63980,63980,0
Kenta,M,83,83,0
Kentaro,M,22,22,0
Kentavious,M,336,336,0
Kentavius,M,42,42,0
Kentley,F,5,0,5
Kento,M,87,87,0
Kenton,M,5643,5643,0
Kentravion,M,5,5,0
Kentravious,M,25,25,0
Kentrell,M,2031,2021,10
Keny,M,5,5,0
Kenya,F,23077,886,22191
Kenyada,F,38,0,38
Kenyah,F,16,0,16
Kenyan,M,71,71,0
Kenyana,F,10,0,10
Kenyanna,F,5,0,5
Kenyata,F,177,15,162
Kenyatta,F,4538,1659,2879
Kenyatte,M,10,10,0
Kenyetta,F,1566,6,1560
Kenyon,M,4202,4202,0
Kenza,F,61,0,61
Kenzee,F,5,0,5
Kenzi,F,1069,0,1069
Kenzie,F,14765,5,14760
Kenzington,F,91,0,91
Kenzlee,F,362,0,362
Kenzleigh,F,189,0,189
Kenzley,F,408,0,408
Kenzli,F,5,0,5
Kenzlie,F,83,0,83
Kenzo,M,532,532,0
Kenzy,F,126,0,126
Keo,M,10,10,0
Keoka,F,23,0,23
Keoki,M,168,168,0
Keola,M,342,342,0
Keon,M,6291,6291,0
Keona,F,1280,13,1267
Keondra,F,373,0,373
Keondre,M,445,445,0
Keondria,F,13,0,13
Keone,M,107,107,0
Keoni,M,1565,1565,0
Keonna,F,493,0,493
Keonta,M,5,5,0
Keontae,M,297,297,0
Keontay,M,11,11,0
Keonte,M,505,505,0
Keosha,F,1139,0,1139
Keoshia,F,7,0,7
Kepler,M,24,24,0
Kera,F,1089,0,1089
Kerby,M,74,74,0
Kerem,M,77,77,0
Keren,F,2189,0,2189
Kerensa,F,10,0,10
Keri,F,29286,5,29281
Keria,F,10,0,10
Keriann,F,238,0,238
Kerianne,F,144,0,144
Kerie,F,11,0,11
Kerigan,F,15,0,15
Kerim,M,29,29,0
Kerin,F,340,0,340
Kerissa,F,16,0,16
Kerith,F,12,0,12
Kerline,F,54,0,54
Kermit,M,12360,12360,0
Kern,M,10,10,0
Kerney,M,13,13,0
Kerolos,M,24,24,0
Keron,M,112,112,0
Kerra,F,17,0,17
Kerri,F,34399,0,34399
Kerria,F,5,0,5
Kerriann,F,305,0,305
Kerrianne,F,117,0,117
Kerrie,F,5880,0,5880
Kerrigan,F,805,0,805
Kerrilyn,F,5,0,5
Kerrin,F,303,0,303
Kerrington,F,126,0,126
Kerry,F,91944,46323,45621
Kerryann,F,63,0,63
Kerryn,F,5,0,5
Kersten,F,41,0,41
Kerstin,F,631,0,631
Kerstyn,F,16,0,16
Kerven,M,5,5,0
Kervens,M,53,53,0
Kervin,M,384,384,0
Kerwin,M,400,400,0
Keryn,F,33,0,33
Kesan,M,5,5,0
Kesean,M,311,311,0
Kesha,F,3691,0,3691
Keshana,F,11,0,11
Keshara,F,10,0,10
Keshaun,M,1198,1198,0
Keshav,M,369,369,0
Keshawn,M,4392,4387,5
Keshawna,F,46,0,46
Keshia,F,4063,0,4063
Keshon,M,293,293,0
Keshun,M,202,202,0
Kesia,F,36,0,36
Kesley,F,5,0,5
Keslyn,F,5,0,5
Kessler,M,13,13,0
Keston,M,25,25,0
Kestutis,M,5,5,0
Ketan,M,9,9,0
Ketara,F,5,0,5
Kethan,M,5,5,0
Ketina,F,5,0,5
Ketra,F,5,0,5
Ketrick,M,7,7,0
Ketsia,F,11,0,11
Ketsy,F,5,0,5
Ketty,F,11,0,11
Keturah,F,999,0,999
Ketzaly,F,15,0,15
Keundra,F,5,0,5
Keva,F,69,0,69
Kevan,M,851,851,0
Kevaughn,M,10,10,0
Keven,M,4996,4996,0
Keveon,M,5,5,0
Kevin,M,1168156,1165599,2557
Kevinisha,F,6,0,6
Kevion,M,282,282,0
Kevis,M,5,5,0
Kevon,M,3505,3505,0
Kevondrick,M,5,5,0
Kevontae,M,12,12,0
Kevonte,M,60,60,0
Kevork,M,31,31,0
Kevyn,M,716,711,5
Kewan,M,13,13,0
Kewanda,F,5,0,5
Kewanna,F,18,0,18
Kewon,M,24,24,0
Keya,F,364,0,364
Keyaira,F,91,0,91
Keyan,M,91,91,0
Keyana,F,1998,0,1998
Keyani,F,27,0,27
Keyanna,F,1751,0,1751
Keyanta,F,5,0,5
Keyara,F,488,0,488
Keyarah,F,6,0,6
Keyasia,F,35,0,35
Keyatta,F,5,0,5
Keyden,M,36,36,0
Keyera,F,102,0,102
Keygan,M,16,16,0
Keyhla,F,11,0,11
Keyla,F,5616,0,5616
Keylan,M,179,179,0
Keylani,F,5,0,5
Keylee,F,371,0,371
Keyleen,F,6,0,6
Keylen,F,52,5,47
Keyler,M,5,5,0
Keyli,F,412,0,412
Keylie,F,10,0,10
Keylin,F,261,5,256
Keylon,M,54,54,0
Keylor,M,74,74,0
Keyly,F,21,0,21
Keyoka,F,20,0,20
Keyon,M,3732,3726,6
Keyona,F,1250,0,1250
Keyonda,F,5,0,5
Keyondra,F,43,0,43
Keyondre,M,25,25,0
Keyonna,F,1802,0,1802
Keyonni,F,5,0,5
Keyontae,M,20,20,0
Keyonte,M,20,20,0
Keyra,F,194,0,194
Keyri,F,17,0,17
Keysha,F,416,0,416
Keyshaun,M,75,75,0
Keyshawn,M,2798,2798,0
Keyshia,F,5,0,5
Keyshon,M,11,11,0
Keyshone,M,5,5,0
Keyshun,M,5,5,0
Keysi,F,22,0,22
Keyton,M,74,74,0
Keyvon,M,26,26,0
Kezia,F,385,0,385
Keziah,F,1478,0,1478
Kha,M,5,5,0
Khaalis,M,6,6,0
Khachik,M,15,15,0
Khadeem,M,11,11,0
Khadeja,F,10,0,10
Khadejah,F,78,0,78
Khaden,M,27,27,0
Khadija,F,1993,0,1993
Khadijah,F,4904,0,4904
Khadim,M,6,6,0
Khadir,M,5,5,0
Khadjah,F,5,0,5
Khadra,F,5,0,5
Khady,F,5,0,5
Khai,M,498,493,5
Khaila,F,52,0,52
Khair,M,6,6,0
Khairi,M,18,18,0
Khala,F,5,0,5
Khalani,F,180,0,180
Khalea,F,5,0,5
Khaleb,M,180,180,0
Khaled,M,844,844,0
Khaleef,M,16,16,0
Khaleel,M,143,143,0
Khaleesi,F,1649,0,1649
Khalen,M,5,5,0
Khalessi,F,10,0,10
Khali,F,261,37,224
Khalia,F,1135,0,1135
Khaliah,F,81,0,81
Khalid,M,4382,4382,0
Khalief,M,10,10,0
Khalif,M,691,691,0
Khalik,M,6,6,0
Khalil,M,15490,15490,0
Khalilah,F,650,0,650
Khaliq,M,96,96,0
Khaliya,F,12,0,12
Khaliyah,F,360,0,360
Khallid,M,6,6,0
Khamani,M,292,249,43
Khamari,M,760,740,20
Khambrel,M,59,59,0
Khamila,F,24,0,24
Khan,M,5,5,0
Khang,M,389,389,0
Khanh,U,153,105,48
Khaniya,F,10,0,10
Khara,F,71,0,71
Khari,M,1537,1354,183
Kharisma,F,5,0,5
Kharma,F,16,0,16
Kharson,M,5,5,0
Kharter,M,74,74,0
Khary,M,233,233,0
Khaseem,M,5,5,0
Khasir,M,30,30,0
Khayden,M,39,39,0
Khayla,F,100,0,100
Khayr,M,5,5,0
Khayree,M,20,20,0
Khaza,M,113,113,0
Khelani,F,18,0,18
Kherington,F,107,0,107
Khia,F,107,0,107
Khiabet,F,6,0,6
Khiana,F,10,0,10
Khianna,F,7,0,7
Khiara,F,6,0,6
Khiry,M,486,486,0
Khiya,F,15,0,15
Khizar,M,10,10,0
Khloe,F,36000,0,36000
Khloee,F,542,0,542
Khloey,F,147,0,147
Khloi,F,15,0,15
Khloie,F,221,0,221
Khoa,M,230,230,0
Khodee,M,5,5,0
Khoi,M,107,107,0
Khole,F,115,0,115
Khori,F,72,0,72
Khris,M,33,33,0
Khristi,F,5,0,5
Khristian,M,981,976,5
Khristina,F,196,0,196
Khristine,F,20,0,20
Khristopher,M,480,480,0
Khriz,M,50,50,0
Khrystal,F,11,0,11
Khrystina,F,6,0,6
Khrystyna,F,5,0,5
Khrystyne,F,12,0,12
Khushi,F,678,0,678
Khushpreet,F,5,0,5
Khya,F,5,0,5
Khyir,M,19,19,0
Khyla,F,121,0,121
Khylan,M,54,54,0
Khyle,M,5,5,0
Khylee,F,192,0,192
Khyleigh,F,5,0,5
Khyler,M,23,23,0
Khyli,F,5,0,5
Khylie,F,108,0,108
Khyree,M,294,294,0
Khyren,M,6,6,0
Khyri,M,6,6,0
Khyrie,M,39,39,0
Khyson,M,6,6,0
Ki,M,6,6,0
Kia,F,5512,28,5484
Kiaan,M,415,415,0
Kiah,F,958,0,958
Kiahna,F,29,0,29
Kiai,M,14,14,0
Kiaira,F,38,0,38
Kiamesha,F,13,0,13
Kian,M,6444,6444,0
Kiana,F,22181,8,22173
Kiandra,F,102,0,102
Kianga,F,5,0,5
Kiani,F,419,0,419
Kianie,F,5,0,5
Kianna,F,5772,0,5772
Kiannah,F,11,0,11
Kiante,M,59,59,0
Kiara,F,46753,93,46660
Kiarah,F,269,0,269
Kiaraliz,F,12,0,12
Kiari,F,16,0,16
Kiarra,F,2144,0,2144
Kiasia,F,15,0,15
Kiauna,F,10,0,10
Kiaya,F,33,0,33
Kidus,M,181,181,0
Kieara,F,69,0,69
Kiefer,M,589,589,0
Kiel,M,1140,1140,0
Kiela,F,9,0,9
Kiele,F,48,0,48
Kiely,F,122,0,122
Kien,M,16,16,0
Kier,M,10,10,0
Kiera,F,17943,0,17943
Kierah,F,5,0,5
Kieran,M,10277,10090,187
Kieren,M,40,40,0
Kiernan,M,402,391,11
Kierra,F,13728,0,13728
Kierre,M,11,11,0
Kierstan,F,15,0,15
Kiersten,F,12213,0,12213
Kierstin,F,1509,0,1509
Kierston,F,33,0,33
Kierstyn,F,921,0,921
Kiesha,F,1151,0,1151
Kiet,M,24,24,0
Kieth,M,392,392,0
Kieu,F,16,0,16
Kiichi,M,7,7,0
Kijana,M,61,55,6
Kijuan,M,10,10,0
Kiki,F,69,0,69
Kikue,F,247,0,247
Kikumi,F,6,0,6
Kikuye,F,48,0,48
Kikuyo,F,13,0,13
Kila,F,17,0,17
Kilani,F,6,0,6
Kile,M,49,49,0
Kilee,F,360,0,360
Kileigh,F,26,0,26
Kiley,F,16602,84,16518
Kilian,M,380,380,0
Killian,M,6948,6948,0
Kilynn,F,17,0,17
Kim,F,208838,32085,176753
Kima,F,5,0,5
Kimala,F,15,0,15
Kimanh,F,5,0,5
Kimani,F,1032,508,524
Kimara,F,21,0,21
Kimari,F,23,0,23
Kimaya,F,205,0,205
Kimball,M,391,391,0
Kimbella,F,29,0,29
Kimber,F,5232,21,5211
Kimberely,F,722,0,722
Kimberl,F,29,0,29
Kimberle,F,287,0,287
Kimberlea,F,25,0,25
Kimberlee,F,13875,0,13875
Kimberleigh,F,11,0,11
Kimberley,F,35126,0,35126
Kimberli,F,1637,0,1637
Kimberlie,F,1375,0,1375
Kimberlin,F,146,0,146
Kimberlina,F,18,0,18
Kimberly,F,836150,1846,834304
Kimberlyann,F,45,0,45
Kimberlyanne,F,10,0,10
Kimberlyn,F,1213,0,1213
Kimberlynn,F,88,0,88
Kimbery,F,5,0,5
Kimble,M,11,11,0
Kimbley,F,92,0,92
Kimbra,F,300,0,300
Kimela,F,16,0,16
Kimerly,F,5,0,5
Kimetha,F,10,0,10
Kimi,F,483,138,345
Kimia,F,140,0,140
Kimie,F,218,0,218
Kimiko,F,778,0,778
Kimitra,F,6,0,6
Kimiya,F,23,0,23
Kimiye,F,52,0,52
Kimiyo,F,67,0,67
Kimla,F,5,0,5
Kimm,F,31,0,31
Kimmarie,F,65,0,65
Kimmi,F,10,0,10
Kimmie,F,188,5,183
Kimmy,F,81,0,81
Kimo,M,370,370,0
Kimora,F,7097,0,7097
Kimorah,F,22,0,22
Kimothy,M,5,5,0
Kimsey,M,5,5,0
Kimya,F,65,0,65
Kimyata,F,5,0,5
Kimyatta,F,38,0,38
Kimyetta,F,10,0,10
Kin,M,5,5,0
Kina,F,133,0,133
Kinan,M,10,10,0
Kinberly,F,11,0,11
Kincaid,M,5,5,0
Kinda,F,10,0,10
Kindall,F,36,0,36
Kindell,F,5,0,5
Kindle,F,30,0,30
Kindra,F,1561,0,1561
Kindu,M,5,5,0
King,M,19387,19387,0
Kinga,F,22,0,22
Kingdavid,M,10,10,0
Kingslee,M,6,6,0
Kingsley,M,2619,2292,327
Kingsten,M,44,44,0
Kingston,M,22966,22966,0
Kingstyn,M,11,11,0
Kinisha,F,6,0,6
Kinlee,F,1203,0,1203
Kinleigh,F,949,0,949
Kinley,F,14048,0,14048
Kinnick,M,322,317,5
Kinsey,F,4900,0,4900
Kinslee,F,1902,0,1902
Kinsleigh,F,522,0,522
Kinsler,M,201,185,16
Kinsley,F,21441,5,21436
Kinslie,F,15,0,15
Kinston,M,41,41,0
Kinta,U,17,11,6
Kinte,M,72,72,0
Kinue,F,10,0,10
Kinya,F,17,0,17
Kinza,F,11,0,11
Kinze,F,7,0,7
Kinzee,F,5,0,5
Kinzey,F,15,0,15
Kinzie,F,306,0,306
Kinzlee,F,346,0,346
Kinzleigh,F,13,0,13
Kinzley,F,832,0,832
Kion,M,188,188,0
Kiona,F,225,0,225
Kioni,F,5,0,5
Kionna,F,97,0,97
Kiora,F,5,0,5
Kip,M,4227,4227,0
Kipp,M,239,239,0
Kippy,F,11,6,5
Kipton,M,338,338,0
Kiptyn,M,178,178,0
Kira,F,32358,0,32358
Kirah,F,49,0,49
Kiran,U,1680,1025,655
Kirandeep,F,28,0,28
Kirbie,F,17,0,17
Kirby,M,10476,8716,1760
Kiri,F,56,0,56
Kiriaki,F,6,0,6
Kiril,M,5,5,0
Kirill,M,75,75,0
Kirin,U,100,76,24
Kirk,M,63444,63444,0
Kirkland,M,406,406,0
Kiron,M,5,5,0
Kirra,F,1093,0,1093
Kirstan,F,5,0,5
Kirsten,F,50029,9,50020
Kirsti,F,175,0,175
Kirstie,F,2536,0,2536
Kirstin,F,6043,0,6043
Kirsty,F,156,0,156
Kirstyn,F,847,0,847
Kirt,M,1423,1423,0
Kirti,F,5,0,5
Kirubel,M,8,8,0
Kisa,F,10,0,10
Kisha,F,5168,0,5168
Kishan,M,338,338,0
Kishawn,M,6,6,0
Kishia,F,11,0,11
Kissie,F,5,0,5
Kissy,F,24,0,24
Kit,M,648,504,144
Kitai,M,20,20,0
Kitana,F,266,0,266
Kito,M,15,15,0
Kitt,F,10,0,10
Kittie,F,138,0,138
Kitty,F,7092,0,7092
Kitzia,F,112,0,112
Kiva,F,25,0,25
Kiven,M,10,10,0
Kiwane,M,10,10,0
Kiya,F,1709,0,1709
Kiyaan,M,14,14,0
Kiyah,F,728,0,728
Kiyan,M,636,636,0
Kiyana,F,283,0,283
Kiyanna,F,51,0,51
Kiyara,F,10,0,10
Kiyo,F,36,0,36
Kiyoko,F,613,0,613
Kiyomi,F,258,5,253
Kiyon,M,41,41,0
Kiyono,F,30,0,30
Kiyoshi,M,762,762,0
Kiyoto,M,21,21,0
Kizzie,F,522,0,522
Kizzy,F,1912,0,1912
Kjell,M,10,10,0
Kjersten,F,23,0,23
Kjerstin,F,16,0,16
Kla,F,5,0,5
Klaira,F,5,0,5
Klaire,F,327,0,327
Klara,F,639,0,639
Klarisa,F,33,0,33
Klarissa,F,1493,0,1493
Klaryssa,F,40,0,40
Klaudia,F,350,0,350
Klaus,M,81,81,0
Klay,M,96,96,0
Klayton,M,747,747,0
Klea,F,16,0,16
Kleber,M,34,34,0
Klee,F,48,0,48
Kleigh,F,36,0,36
Kleo,F,5,0,5
Klever,M,5,5,0
Kline,M,5,5,0
Klint,M,37,37,0
Klinton,M,49,49,0
Kloe,F,1684,0,1684
Kloee,F,70,0,70
Kloey,F,572,0,572
Kloie,F,194,0,194
Klyde,M,16,16,0
Klye,M,11,11,0
Klynn,F,99,0,99
Knight,M,88,88,0
Knoah,M,8,8,0
Knowledge,M,344,344,0
Knox,M,9055,9055,0
Knoxx,M,6,6,0
Knute,M,5,5,0
Koa,M,993,987,6
Koah,M,28,28,0
Koalii,M,5,5,0
Koamalu,M,13,13,0
Kobe,M,15251,15244,7
Koben,M,5,5,0
Kobey,M,38,38,0
Kobi,M,324,309,15
Kobie,M,316,311,5
Koby,M,3454,3454,0
Koda,M,1148,1148,0
Kodah,M,20,20,0
Kodey,M,19,19,0
Kodi,F,1425,699,726
Kodiak,M,48,48,0
Kodie,U,271,160,111
Kody,M,20254,20231,23
Koen,M,1880,1880,0
Kofi,M,272,272,0
Kohana,F,5,0,5
Kohei,M,5,5,0
Kohen,M,2171,2171,0
Kohl,M,404,404,0
Koi,U,50,37,13
Koichi,M,71,71,0
Koji,M,101,101,0
Kolbe,M,176,176,0
Kolbi,F,39,0,39
Kolbie,F,150,6,144
Kolby,M,8522,8441,81
Kole,M,6232,6232,0
Koleta,F,5,0,5
Kolette,F,5,0,5
Kolin,M,370,370,0
Kolina,F,6,0,6
Kolleen,F,108,0,108
Kollin,M,862,862,0
Kollins,F,19,0,19
Kollyns,F,5,0,5
Kolsen,M,6,6,0
Kolson,M,33,33,0
Kolston,M,43,43,0
Kolt,M,590,590,0
Kolten,M,3082,3082,0
Kolter,M,106,106,0
Koltin,M,61,61,0
Kolton,M,11050,11050,0
Koltyn,M,166,166,0
Komal,F,141,0,141
Komalpreet,F,5,0,5
Kona,M,64,59,5
Koneta,F,6,0,6
Kong,M,675,675,0
Kongmeng,M,72,72,0
Koni,F,11,0,11
Konner,M,3503,3503,0
Konnie,F,74,0,74
Konnor,M,3245,3245,0
Konrad,M,1099,1099,0
Konstantin,M,83,83,0
Konstantina,F,42,0,42
Konstantine,M,12,12,0
Konstantinos,M,755,755,0
Konstanty,M,5,5,0
Koon,M,10,10,0
Kooper,M,1331,1306,25
Kora,F,3045,0,3045
Korah,F,11,0,11
Koraima,F,53,0,53
Koral,F,82,0,82
Koraline,F,28,0,28
Koran,M,28,28,0
Korban,M,23,23,0
Korben,M,628,628,0
Korbin,M,5811,5811,0
Korbyn,M,1195,1127,68
Kordae,M,17,17,0
Korde,M,5,5,0
Kordell,M,378,378,0
Koreen,F,26,0,26
Koren,F,238,0,238
Korena,F,11,0,11
Korey,M,8279,8170,109
Kori,F,9050,76,8974
Korie,F,478,0,478
Korin,F,124,0,124
Korina,F,1038,0,1038
Korinna,F,24,0,24
Korinne,F,96,0,96
Korissa,F,16,0,16
Korla,F,5,0,5
Kornelia,F,5,0,5
Korra,F,270,0,270
Korri,F,6,0,6
Korrie,F,29,0,29
Korrin,F,11,0,11
Korrina,F,16,0,16
Korrine,F,21,0,21
Korryn,F,11,0,11
Kort,M,6,6,0
Kortez,M,27,27,0
Kortlyn,F,5,0,5
Kortlynn,F,6,0,6
Kortnee,F,17,0,17
Kortney,F,3236,5,3231
Kortni,F,126,0,126
Kortnie,F,23,0,23
Korver,M,92,92,0
Kory,M,11194,11081,113
Koryn,F,35,0,35
Koryna,F,5,0,5
Kosta,M,7,7,0
Kostantinos,M,25,25,0
Kostas,M,31,31,0
Koston,M,27,27,0
Kota,M,61,61,0
Kotaro,M,17,17,0
Kotryna,F,5,0,5
Koty,M,21,21,0
Kou,M,472,472,0
Koua,M,10,10,0
Kourosh,M,28,28,0
Kourtlyn,F,10,0,10
Kourtlynn,F,5,0,5
Kourtnee,F,25,0,25
Kourtney,F,11362,61,11301
Kourtni,F,85,0,85
Kourtnie,F,37,0,37
Kowan,M,5,5,0
Kowen,M,5,5,0
Koy,M,84,79,5
Kraig,M,3288,3288,0
Kramer,M,130,130,0
Kraven,M,10,10,0
Kree,F,47,15,32
Kreed,M,57,57,0
Kreg,M,49,49,0
Kreig,M,5,5,0
Kreigh,M,10,10,0
Kreindy,F,20,0,20
Kresta,F,5,0,5
Krew,M,542,542,0
Krikor,M,17,17,0
Krimson,F,49,0,49
Kris,F,21854,10834,11020
Krisalyn,F,11,0,11
Krisann,F,5,0,5
Krish,M,2881,2881,0
Krisha,F,593,0,593
Krishan,M,53,53,0
Krishang,M,10,10,0
Krishav,M,18,18,0
Krishawn,M,5,5,0
Krishiv,M,96,96,0
Krishna,U,1199,717,482
Krisi,F,5,0,5
Krisinda,F,11,0,11
Krislyn,F,225,0,225
Krislynn,F,105,0,105
Krisna,M,5,5,0
Kriss,U,15,10,5
Krissa,F,15,0,15
Krissi,F,31,0,31
Krissie,F,10,0,10
Krissy,F,601,0,601
Krista,F,71044,0,71044
Kristal,F,9044,0,9044
Kristalyn,F,20,0,20
Kristan,F,2988,0,2988
Kriste,F,15,0,15
Kristeen,F,155,0,155
Kristeena,F,6,0,6
Kristel,F,838,0,838
Kristela,F,5,0,5
Kristell,F,32,0,32
Kristelle,F,12,0,12
Kristen,F,216374,462,215912
Kristena,F,35,0,35
Kristene,F,99,0,99
Kristi,F,74210,0,74210
Kristian,M,20480,15999,4481
Kristiana,F,967,0,967
Kristiane,F,5,0,5
Kristiann,F,5,0,5
Kristianna,F,142,0,142
Kristianne,F,16,0,16
Kristie,F,35769,0,35769
Kristien,F,7,0,7
Kristin,F,177232,359,176873
Kristina,F,133462,21,133441
Kristinamarie,F,7,0,7
Kristine,F,81050,0,81050
Kristl,F,5,0,5
Kristle,F,232,0,232
Kristofe,M,9,9,0
Kristofer,M,6702,6702,0
Kristoff,M,49,49,0
Kristoffer,M,1862,1862,0
Kristofor,M,103,103,0
Kristol,F,10,0,10
Kriston,F,34,0,34
Kristoph,M,44,44,0
Kristopher,M,59419,59408,11
Kristy,F,67944,0,67944
Kristyl,F,12,0,12
Kristyn,F,6052,0,6052
Kristyna,F,61,0,61
Kristyne,F,17,0,17
Krithi,F,16,0,16
Krithik,M,37,37,0
Krithika,F,5,0,5
Kriti,F,38,0,38
Kritika,F,5,0,5
Krizia,F,172,0,172
Kross,M,25,25,0
Kroy,M,21,21,0
Krrish,M,5,5,0
Kru,M,11,11,0
Krue,M,43,43,0
Krunal,M,5,5,0
Krupa,F,32,0,32
Kruti,F,6,0,6
Kruz,M,460,460,0
Kruze,M,25,25,0
Krymson,F,10,0,10
Krysta,F,4269,0,4269
Krystal,F,71845,17,71828
Krystale,F,11,0,11
Krystalyn,F,15,0,15
Krystalynn,F,5,0,5
Krystan,F,21,0,21
Krystel,F,269,0,269
Krystelle,F,5,0,5
Krysten,F,2148,0,2148
Krysti,F,91,0,91
Krystian,M,688,665,23
Krystiana,F,15,0,15
Krystie,F,46,0,46
Krystin,F,1520,0,1520
Krystina,F,2893,0,2893
Krystine,F,193,0,193
Krystle,F,12007,0,12007
Krystn,F,6,0,6
Krystopher,M,30,30,0
Krystyn,F,40,0,40
Krystyna,F,418,0,418
Krystyne,F,10,0,10
Krzysztof,M,161,161,0
Ksenia,F,39,0,39
Kseniya,F,5,0,5
Kshawn,M,11,11,0
Ku,M,5,5,0
Kuba,M,31,31,0
Kue,M,22,22,0
Kuhao,M,8,8,0
Kujtim,M,6,6,0
Kulia,F,5,0,5
Kullen,M,97,97,0
Kum,F,17,0,17
Kumar,M,8,8,0
Kunal,M,538,538,0
Kunga,M,30,30,0
Kunio,M,29,29,0
Kunta,M,202,202,0
Kupaa,M,5,5,0
Kupono,M,33,33,0
Kuran,M,5,5,0
Kurk,M,5,5,0
Kursten,F,6,0,6
Kurstin,F,22,0,22
Kurt,M,81608,81608,0
Kurtis,M,14251,14251,0
Kush,M,359,359,0
Kushal,M,31,31,0
Kushtrim,M,5,5,0
Kutana,F,5,0,5
Kutter,M,182,182,0
Kuuipo,F,92,0,92
Kuulei,F,70,0,70
Kuzey,M,5,5,0
Kvon,M,5,5,0
Kwabena,M,74,74,0
Kwadwo,M,5,5,0
Kwaku,M,44,44,0
Kwamaine,M,19,19,0
Kwamane,M,19,19,0
Kwame,M,1863,1863,0
Kwamel,M,5,5,0
Kwan,M,11,11,0
Kwana,F,5,0,5
Kwane,M,5,5,0
Kwanza,F,10,0,10
Kwasi,M,80,80,0
Kweli,M,7,7,0
Kwesi,M,128,128,0
Ky,M,123,123,0
Kya,F,3221,0,3221
Kyah,F,970,0,970
Kyair,M,22,22,0
Kyaira,F,5,0,5
Kyaire,M,64,64,0
Kyan,M,1963,1963,0
Kyana,F,654,0,654
Kyanna,F,499,0,499
Kyara,F,1775,0,1775
Kyarah,F,6,0,6
Kyarra,F,8,0,8
Kyasia,F,176,0,176
Kyden,M,288,288,0
Kye,M,1746,1746,0
Kyeem,M,5,5,0
Kyera,F,10,0,10
Kyerra,F,5,0,5
Kyesha,F,59,0,59
Kyia,F,52,0,52
Kyiah,F,10,0,10
Kyian,M,5,5,0
Kyjuan,M,151,151,0
Kyla,F,36505,0,36505
Kylah,F,3411,0,3411
Kylan,M,5091,5006,85
Kyland,M,43,43,0
Kylani,F,5,0,5
Kylar,U,561,407,154
Kyle,M,481120,475621,5499
Kylea,F,225,0,225
Kyleah,F,29,0,29
Kyleanthony,M,5,5,0
Kylee,F,45252,13,45239
Kyleen,F,53,0,53
Kylei,F,196,0,196
Kyleigh,F,16466,0,16466
Kylematthew,M,6,6,0
Kylen,M,1580,1575,5
Kylene,F,459,0,459
Kyler,M,28415,27864,551
Kyley,F,224,0,224
Kyli,F,517,0,517
Kylia,F,50,0,50
Kylian,M,32,32,0
Kylie,F,106311,34,106277
Kyliee,F,93,0,93
Kyliegh,F,11,0,11
Kylin,U,551,370,181
Kylo,M,282,282,0
Kylon,M,355,355,0
Kylynn,F,149,0,149
Kym,F,328,6,322
Kymani,M,2771,2513,258
Kymari,M,23,23,0
Kymber,F,144,0,144
Kymberlee,F,50,0,50
Kymberli,F,33,0,33
Kymberly,F,816,0,816
Kymir,M,64,64,0
Kymora,F,143,0,143
Kyna,F,43,0,43
Kynadee,F,28,0,28
Kynadi,F,15,0,15
Kyndal,F,2926,5,2921
Kyndall,F,4010,5,4005
Kyndel,F,40,0,40
Kyndell,F,30,0,30
Kyndle,F,69,0,69
Kyndra,F,647,0,647
Kynedi,F,11,0,11
Kyng,M,462,462,0
Kyngston,M,65,65,0
Kynisha,F,13,0,13
Kynlea,F,5,0,5
Kynlee,F,3245,0,3245
Kynlei,F,5,0,5
Kynleigh,F,830,0,830
Kynley,F,54,0,54
Kynli,F,75,0,75
Kynlie,F,101,0,101
Kynnedi,F,350,0,350
Kynnedy,F,59,0,59
Kynslee,F,679,0,679
Kynsleigh,F,54,0,54
Kynsley,F,135,0,135
Kynslie,F,22,0,22
Kynzee,F,19,0,19
Kynzie,F,136,0,136
Kynzlee,F,246,0,246
Kynzleigh,F,33,0,33
Kynzlie,F,11,0,11
Kyo,M,5,5,0
Kyoko,F,11,0,11
Kyon,M,50,50,0
Kyong,F,45,0,45
Kyra,F,32253,0,32253
Kyrah,F,672,0,672
Kyran,M,953,953,0
Kyre,M,16,16,0
Kyree,M,3922,3867,55
Kyrell,M,20,20,0
Kyren,M,969,969,0
Kyrene,F,5,0,5
Kyrese,M,5,5,0
Kyri,F,15,0,15
Kyria,F,11,0,11
Kyriakos,M,13,13,0
Kyrian,M,10,10,0
Kyrie,M,6720,5219,1501
Kyrillos,M,25,25,0
Kyrin,M,399,399,0
Kyro,M,38,38,0
Kyron,M,2053,2053,0
Kyrsten,F,656,0,656
Kyrstie,F,5,0,5
Kyrstin,F,222,0,222
Kyseem,M,17,17,0
Kysen,M,180,180,0
Kyser,M,11,11,0
Kysha,F,35,0,35
Kyshawn,M,7,7,0
Kysir,M,12,12,0
Kyson,M,3793,3793,0
Kyung,F,55,0,55
Kyzer,M,176,176,0
La,F,565,21,544
Laakea,M,133,128,5
Laasya,F,56,0,56
Labarron,M,34,34,0
Labella,F,5,0,5
Labradford,M,5,5,0
Labrea,F,5,0,5
Labrenda,F,5,0,5
Labria,F,23,0,23
Labrittany,F,16,0,16
Labron,M,21,21,0
Lace,F,18,0,18
Lacee,F,796,0,796
Lacey,F,48893,43,48850
Lachanda,F,20,0,20
Lachandra,F,66,0,66
Lachelle,F,384,0,384
Lacheryl,F,5,0,5
Lachlan,M,1965,1965,0
Laci,F,6935,0,6935
Lacie,F,7568,0,7568
Lacinda,F,10,0,10
Lacole,F,10,0,10
Laconda,F,5,0,5
Laconya,F,5,0,5
Lacresha,F,281,0,281
Lacresia,F,6,0,6
Lacretia,F,78,0,78
Lacrisha,F,5,0,5
Lacrystal,F,10,0,10
Lacy,F,19681,3510,16171
Ladainian,M,78,78,0
Ladaisha,F,27,0,27
Ladamien,M,5,5,0
Ladan,F,10,0,10
Ladana,F,6,0,6
Ladarian,M,17,17,0
Ladarion,M,29,29,0
Ladarious,M,66,66,0
Ladarius,M,3540,3540,0
Ladarrion,M,6,6,0
Ladarrius,M,634,634,0
Ladasha,F,10,0,10
Ladasia,F,11,0,11
Ladavion,M,5,5,0
Ladawn,F,297,0,297
Ladawna,F,5,0,5
Ladd,M,26,26,0
Laddie,M,360,360,0
Ladean,F,15,0,15
Ladeana,F,7,0,7
Ladeja,F,36,0,36
Ladell,F,52,27,25
Ladelle,F,11,0,11
Ladena,F,5,0,5
Ladene,F,6,0,6
Laderrick,M,21,21,0
Ladina,F,5,0,5
Ladislado,M,12,12,0
Ladislaus,M,19,19,0
Ladislav,M,5,5,0
Ladon,M,73,73,0
Ladona,F,11,0,11
Ladonna,F,17836,0,17836
Ladonte,M,5,5,0
Ladora,F,5,0,5
Lady,F,216,0,216
Ladye,F,5,0,5
Lael,F,264,16,248
Laela,F,410,0,410
Laelah,F,23,0,23
Laelani,F,12,0,12
Laelia,F,5,0,5
Lafaun,F,5,0,5
Lafaye,F,5,0,5
Lafayette,M,1208,1208,0
Lafe,M,5,5,0
Lafonda,F,52,0,52
Lafondra,F,7,0,7
Lagina,F,5,0,5
Lahela,F,27,0,27
Lahna,F,10,0,10
Lahoma,F,549,0,549
Lai,F,75,0,75
Laia,F,81,0,81
Laiah,F,10,0,10
Laiba,F,267,0,267
Laiden,M,6,6,0
Laiken,F,267,5,262
Laiklyn,F,5,0,5
Laikyn,F,329,0,329
Laikynn,F,34,0,34
Laila,F,31927,0,31927
Lailah,F,4208,0,4208
Lailani,F,603,0,603
Lailany,F,18,0,18
Lailoni,F,22,0,22
Lain,M,11,11,0
Laina,F,780,0,780
Laine,F,907,67,840
Lainee,F,119,0,119
Lainey,F,6969,0,6969
Laini,F,6,0,6
Lainie,F,270,0,270
Laird,M,307,307,0
Laisa,F,31,0,31
Laisha,F,1547,0,1547
Laith,M,966,966,0
Laityn,F,16,0,16
Laiya,F,10,0,10
Laiyah,F,239,0,239
Laiyla,F,15,0,15
Laiza,F,109,0,109
Lajarvis,M,5,5,0
Lajessica,F,5,0,5
Lajoyce,F,13,0,13
Lajuan,F,247,97,150
Lajuana,F,646,0,646
Lajuane,M,7,7,0
Lajuanna,F,5,0,5
Lakai,M,52,52,0
Lakayla,F,329,0,329
Lake,M,477,395,82
Lakecia,F,69,0,69
Lakedra,F,17,0,17
Lakeem,M,10,10,0
Lakeesha,F,551,0,551
Lakeeta,F,5,0,5
Lakeia,F,29,0,29
Lakeisa,F,6,0,6
Lakeisha,F,11442,6,11436
Lakeita,F,5,0,5
Lakeith,M,38,38,0
Lakeitha,F,306,0,306
Lakely,F,8,0,8
Lakelyn,F,260,0,260
Lakelynn,F,69,0,69
Lakema,F,5,0,5
Laken,F,3766,319,3447
Lakendra,F,1303,0,1303
Lakendria,F,16,0,16
Lakendrick,M,355,355,0
Lakenya,F,495,0,495
Lakeria,F,46,0,46
Lakesha,F,7133,0,7133
Lakeshia,F,3837,0,3837
Lakesia,F,154,0,154
Lakessa,F,5,0,5
Laketa,F,73,0,73
Laketha,F,22,0,22
Lakevia,F,17,0,17
Lakeya,F,323,0,323
Lakeysha,F,461,0,461
Lakhi,M,5,5,0
Lakia,F,1309,0,1309
Lakie,F,11,0,11
Lakiesha,F,856,0,856
Lakima,F,21,0,21
Lakin,F,501,15,486
Lakindra,F,5,0,5
Lakira,F,5,0,5
Lakisa,F,5,0,5
Lakisha,F,11177,0,11177
Lakishia,F,23,0,23
Lakita,F,577,0,577
Lakiya,F,21,0,21
Lakota,F,221,79,142
Lakresha,F,5,0,5
Lakrisha,F,16,0,16
Laksh,M,12,12,0
Lakshmi,F,111,0,111
Laksmi,F,5,0,5
Lakyn,F,927,0,927
Lakynn,F,21,0,21
Lakyra,F,5,0,5
Lala,F,231,0,231
Lalani,F,10,0,10
Lalanya,F,5,0,5
Lalena,F,53,0,53
Lalia,F,5,0,5
Lalita,F,7,0,7
Lallie,F,10,0,10
Lalo,M,54,54,0
Lam,M,76,76,0
Lama,F,10,0,10
Lamanda,F,11,0,11
Lamar,M,28962,28756,206
Lamarcus,M,1678,1678,0
Lamari,M,23,23,0
Lamaria,F,49,0,49
Lamario,M,41,41,0
Lamarion,M,415,415,0
Lamark,M,5,5,0
Lamarr,M,873,868,5
Lamaya,F,41,0,41
Lambert,M,641,641,0
Lamberto,M,73,73,0
Lameek,M,21,21,0
Lameeka,F,5,0,5
Lamees,F,59,0,59
Lameka,F,16,0,16
Lamel,M,85,85,0
Lamerle,F,28,0,28
Lamesha,F,27,0,27
Lamia,F,131,0,131
Lamiah,F,10,0,10
Lamika,F,5,0,5
Lamine,M,37,37,0
Lamir,M,16,16,0
Lamiracle,F,7,0,7
Lamisha,F,13,0,13
Lamiya,F,52,0,52
Lamiyah,F,146,0,146
Lamon,M,77,77,0
Lamona,F,6,0,6
Lamond,M,22,22,0
Lamonica,F,479,0,479
Lamont,M,19645,19645,0
Lamontae,M,5,5,0
Lamonte,M,773,773,0
Lamorris,M,5,5,0
Lamya,F,928,0,928
Lan,F,244,13,231
Lana,F,47502,0,47502
Lanae,F,393,0,393
Lanah,F,34,0,34
Lanai,F,36,0,36
Lanasia,F,31,0,31
Lanay,F,5,0,5
Lanaya,F,165,0,165
Lance,M,100653,100653,0
Lancelot,M,23,23,0
Lancer,M,5,5,0
Landa,F,41,0,41
Landan,M,908,908,0
Landen,M,22387,22375,12
Lander,M,5,5,0
Landin,M,1251,1251,0
Landis,M,125,114,11
Landon,M,149201,149111,90
Landra,F,5,0,5
Landree,F,182,0,182
Landrey,F,29,0,29
Landri,F,330,0,330
Landrie,F,256,0,256
Landry,F,5545,2839,2706
Landy,F,6,0,6
Landyn,M,8420,8214,206
Lane,M,32984,32073,911
Lanea,F,11,0,11
Lanee,F,29,0,29
Laneisha,F,77,0,77
Lanell,F,688,0,688
Lanelle,F,348,0,348
Lanesha,F,115,0,115
Laneshia,F,10,0,10
Lanessa,F,10,0,10
Lanetta,F,65,0,65
Lanette,F,2329,0,2329
Laney,F,8730,0,8730
Lang,M,28,28,0
Langdon,M,5,5,0
Langley,F,19,0,19
Langston,M,2623,2612,11
Lani,F,3107,0,3107
Lania,F,116,0,116
Laniah,F,115,0,115
Lanie,F,2210,0,2210
Laniece,F,18,0,18
Lanier,M,76,71,5
Lanika,F,15,0,15
Laniqua,F,5,0,5
Lanique,F,10,0,10
Lanise,F,21,0,21
Lanisha,F,253,0,253
Lanita,F,1115,0,1115
Lanitra,F,10,0,10
Laniya,F,1919,0,1919
Laniyah,F,2080,0,2080
Lanna,F,151,0,151
Lannette,F,48,0,48
Lannie,U,437,304,133
Lanny,M,6728,6728,0
Lanora,F,224,0,224
Lanorris,M,26,26,0
Lansana,M,5,5,0
Lansing,M,35,35,0
Lantz,M,5,5,0
Lany,F,6,0,6
Lanya,F,169,0,169
Lanyah,F,10,0,10
Lanyia,F,5,0,5
Lanyiah,F,5,0,5
Laporcha,F,11,0,11
Laporche,F,19,0,19
Laporscha,F,5,0,5
Laporsche,F,19,0,19
Laporsha,F,325,0,325
Laportia,F,17,0,17
Laprecious,F,6,0,6
Laquan,M,1170,1165,5
Laquana,F,167,0,167
Laquanda,F,743,0,743
Laquandra,F,42,0,42
Laquanna,F,16,0,16
Laquanta,F,28,0,28
Laquasha,F,41,0,41
Laquasia,F,48,0,48
Laquesha,F,220,0,220
Laqueta,F,5,0,5
Laquetta,F,109,0,109
Laquinta,F,554,0,554
Laquinthia,F,5,0,5
Laquinton,M,34,34,0
Laquisha,F,1635,0,1635
Laquishia,F,5,0,5
Laquita,F,4601,0,4601
Laquitha,F,6,0,6
Laquitta,F,75,0,75
Lara,F,23641,0,23641
Larae,F,810,0,810
Laraine,F,1846,0,1846
Laramie,F,252,124,128
Larayne,F,30,0,30
Laree,F,183,0,183
Lareen,F,12,0,12
Lareina,F,56,0,56
Laren,F,22,0,22
Larena,F,29,0,29
Larence,M,55,55,0
Larene,F,34,0,34
Larenz,M,31,31,0
Larenzo,M,15,15,0
Laresha,F,5,0,5
Larhonda,F,1097,0,1097
Lari,F,37,0,37
Lariah,F,190,0,190
Larina,F,31,0,31
Larinda,F,5,0,5
Larisa,F,1106,0,1106
Larissa,F,19609,0,19609
Larita,F,141,0,141
Laritza,F,36,0,36
Lariyah,F,106,0,106
Lariza,F,29,0,29
Lark,F,193,0,193
Larkin,F,462,124,338
Larkyn,F,5,0,5
Larnell,M,52,52,0
Laron,M,2475,2475,0
Laronda,F,848,0,848
Laroy,M,23,23,0
Laroyce,M,5,5,0
Larraine,F,210,0,210
Larrie,U,34,24,10
Larry,M,803369,802377,992
Lars,M,2588,2588,0
Larsen,F,5,0,5
Larson,M,79,79,0
Larue,F,2169,254,1915
Laruen,F,11,0,11
Larwence,M,13,13,0
Lary,M,226,226,0
Laryssa,F,207,0,207
Lasalle,M,5,5,0
Lasandra,F,318,0,318
Lasaro,M,33,33,0
Lasasha,F,8,0,8
Lasaundra,F,5,0,5
Lasean,F,12,7,5
Lasha,F,81,0,81
Lashae,F,415,0,415
Lashan,F,97,0,97
Lashana,F,205,0,205
Lashanae,F,30,0,30
Lashanay,F,5,0,5
Lashanda,F,3697,0,3697
Lashandra,F,413,0,413
Lashane,F,12,0,12
Lashanique,F,14,0,14
Lashanna,F,125,0,125
Lashannon,F,6,0,6
Lashanta,F,21,0,21
Lashanti,F,104,0,104
Lashara,F,5,0,5
Lasharn,F,5,0,5
Lashaun,F,416,96,320
Lashauna,F,54,0,54
Lashaunda,F,483,0,483
Lashaundra,F,76,0,76
Lashavia,F,5,0,5
Lashawn,F,7167,1345,5822
Lashawna,F,416,0,416
Lashawnda,F,1138,0,1138
Lashawndra,F,15,0,15
Lashay,F,1012,0,1012
Lashea,F,54,0,54
Lasheena,F,63,0,63
Lasheika,F,5,0,5
Lasheka,F,16,0,16
Lashell,F,57,0,57
Lashelle,F,68,0,68
Lashera,F,5,0,5
Lashira,F,5,0,5
Lashon,F,760,86,674
Lashona,F,17,0,17
Lashond,F,5,0,5
Lashonda,F,8043,0,8043
Lashondra,F,514,0,514
Lashone,F,93,0,93
Lashonna,F,5,0,5
Lashun,F,188,17,171
Lashuna,F,5,0,5
Lashunda,F,1587,0,1587
Lashundra,F,572,0,572
Lashune,F,6,0,6
Lasondra,F,21,0,21
Lasonia,F,47,0,47
Lasonja,F,74,0,74
Lasonya,F,815,0,815
Lassie,F,202,0,202
Lasya,F,38,0,38
Laszlo,M,83,83,0
Latacha,F,12,0,12
Latamara,F,5,0,5
Latangela,F,5,0,5
Latania,F,49,0,49
Latanya,F,8226,0,8226
Latanza,F,10,0,10
Latara,F,510,0,510
Latarsha,F,1404,0,1404
Latarya,F,5,0,5
Latasha,F,28619,8,28611
Latashia,F,744,0,744
Latasia,F,20,0,20
Lataurus,M,5,5,0
Latausha,F,10,0,10
Latavia,F,1071,0,1071
Lataya,F,49,0,49
Latayna,F,5,0,5
Latayvia,F,5,0,5
Lateasha,F,16,0,16
Latecia,F,13,0,13
Lateef,M,215,215,0
Lateefa,F,5,0,5
Lateefah,F,189,0,189
Lateesha,F,24,0,24
Lateisha,F,174,0,174
Lateria,F,11,0,11
Laterica,F,21,0,21
Laterra,F,5,0,5
Laterrance,M,5,5,0
Laterrica,F,29,0,29
Latesha,F,1957,0,1957
Lateshia,F,69,0,69
Latham,M,5,5,0
Lathan,M,1642,1642,0
Lathen,M,10,10,0
Latia,F,1547,0,1547
Latiana,F,16,0,16
Laticia,F,776,0,776
Latiera,F,5,0,5
Latiesha,F,10,0,10
Latif,M,47,47,0
Latifa,F,211,0,211
Latifah,F,837,0,837
Latijera,F,11,0,11
Latika,F,16,0,16
Latima,F,6,0,6
Latina,F,708,0,708
Latiqua,F,15,0,15
Latisa,F,26,0,26
Latisha,F,16465,7,16458
Latishia,F,34,0,34
Latoi,F,5,0,5
Latoia,F,31,0,31
Latoiya,F,6,0,6
Latondra,F,5,0,5
Latonga,F,5,0,5
Latonia,F,3723,0,3723
Latonja,F,179,0,179
Latonya,F,20203,5,20198
Latora,F,39,0,39
Latoria,F,1677,0,1677
Latorria,F,6,0,6
Latorsha,F,11,0,11
Latorya,F,106,0,106
Latosha,F,5344,0,5344
Latoshia,F,308,0,308
Latoy,F,7,0,7
Latoya,F,43971,7,43964
Latoyah,F,5,0,5
Latoyia,F,861,0,861
Latoyna,F,5,0,5
Latravia,F,12,0,12
Latravious,M,6,6,0
Latrease,F,5,0,5
Latrece,F,88,0,88
Latrecia,F,37,0,37
Latrell,M,2002,1954,48
Latrelle,F,148,0,148
Latrenda,F,89,0,89
Latresa,F,49,0,49
Latrese,F,91,0,91
Latresha,F,19,0,19
Latressa,F,5,0,5
Latrica,F,42,0,42
Latrice,F,7508,0,7508
Latricia,F,3499,0,3499
Latrina,F,1218,0,1218
Latrisha,F,599,0,599
Latronda,F,5,0,5
Latroy,M,41,41,0
Lattie,F,16,5,11
Latunya,F,21,0,21
Laudie,M,12,12,0
Launa,F,305,0,305
Laura,F,749872,602,749270
Lauraann,F,11,0,11
Laurabelle,F,5,0,5
Lauraine,F,89,0,89
Laurajean,F,5,0,5
Laural,F,43,0,43
Lauralee,F,246,0,246
Lauran,F,183,0,183
Laurance,M,169,169,0
Laure,F,459,0,459
Laureano,M,5,5,0
Laureat,M,6,6,0
Lauree,F,15,0,15
Laureen,F,4619,0,4619
Laurel,F,39152,321,38831
Lauren,F,466987,1990,464997
Laurena,F,15,0,15
Laurence,M,32566,32538,28
Laurencia,F,5,0,5
Laurencio,M,6,6,0
Laurene,F,1594,0,1594
Laurent,M,402,402,0
Lauretta,F,4623,0,4623
Laurette,F,1250,0,1250
Laurey,F,12,0,12
Lauri,F,8893,0,8893
Laurice,F,128,0,128
Laurie,F,162857,265,162592
Laurieann,F,92,0,92
Laurien,M,5,5,0
Laurier,M,172,172,0
Laurin,F,193,0,193
Laurinda,F,184,0,184
Laurine,F,330,0,330
Laurissa,F,62,0,62
Laurita,F,5,0,5
Lauro,M,1348,1348,0
Laury,F,105,0,105
Lauryn,F,17963,6,17957
Laurynn,F,44,0,44
Lautaro,M,6,6,0
Lavada,F,1724,0,1724
Lavaeh,F,5,0,5
Lavance,M,5,5,0
Lavante,M,7,7,0
Lavanya,F,10,0,10
Lavar,M,856,856,0
Lavaris,M,12,12,0
Lavasia,F,5,0,5
Lavaughn,F,65,15,50
Lavaun,F,17,0,17
Laveah,F,16,0,16
Laveda,F,44,0,44
Lavell,M,912,902,10
Lavelle,U,854,574,280
Lavena,F,93,0,93
Lavender,F,169,0,169
Lavenia,F,80,0,80
Lavera,F,504,0,504
Laverda,F,10,0,10
Lavere,M,10,10,0
Lavergne,F,335,0,335
Laverle,F,5,0,5
Lavern,U,10452,6735,3717
Laverna,F,1309,0,1309
Laverne,F,49780,10350,39430
Laveta,F,396,0,396
Lavetta,F,25,0,25
Lavette,F,195,0,195
Lavi,M,15,15,0
Lavina,F,2173,0,2173
Lavinia,F,1089,0,1089
Lavita,F,12,0,12
Lavon,F,4054,1172,2882
Lavona,F,309,0,309
Lavonda,F,1469,0,1469
Lavone,F,58,0,58
Lavonia,F,285,0,285
Lavonna,F,190,0,190
Lavonne,F,12966,0,12966
Lavonta,M,5,5,0
Lavontae,M,11,11,0
Lavonte,M,216,216,0
Lavoris,F,29,5,24
Lavren,F,22,0,22
Lawaia,M,10,10,0
Lawan,F,7,0,7
Lawana,F,1043,0,1043
Lawanda,F,9734,0,9734
Lawandra,F,5,0,5
Lawanna,F,652,0,652
Lawayne,M,12,12,0
Lawerance,M,24,24,0
Lawerence,M,1258,1258,0
Lawernce,M,26,26,0
Lawless,M,5,5,0
Lawrance,M,400,400,0
Lawren,F,72,0,72
Lawrence,M,441231,441129,102
Lawsen,M,5,5,0
Lawson,M,7675,7641,34
Lawton,M,498,498,0
Lawyer,M,113,113,0
Laya,F,422,0,422
Layah,F,250,0,250
Layal,F,134,0,134
Layan,F,812,0,812
Layana,F,32,0,32
Layani,F,5,0,5
Layanna,F,5,0,5
Laycee,F,34,0,34
Layden,M,188,188,0
Layken,F,160,0,160
Laykin,F,10,0,10
Layla,F,79076,9,79067
Laylah,F,4117,0,4117
Laylani,F,657,0,657
Laylanie,F,62,0,62
Layleen,F,7,0,7
Laylene,F,5,0,5
Layloni,F,12,0,12
Laylonie,F,31,0,31
Laymon,M,31,31,0
Layna,F,774,0,774
Layne,M,8790,7644,1146
Laynee,F,276,0,276
Layni,F,22,0,22
Laynie,F,394,0,394
Layonna,F,5,0,5
Laysha,F,394,0,394
Layten,M,5,5,0
Layth,M,42,42,0
Layton,M,5180,5118,62
Lazar,M,160,160,0
Lazara,F,20,0,20
Lazaria,F,77,0,77
Lazariah,F,10,0,10
Lazaro,M,4756,4756,0
Lazarus,M,839,839,0
Lazer,M,400,400,0
Lazerrick,M,5,5,0
Lazlo,M,15,15,0
Lc,M,6,6,0
Le,F,61,5,56
Lea,F,25236,0,25236
Leaann,F,6,0,6
Leah,F,214563,23,214540
Leahna,F,5,0,5
Leala,F,5,0,5
Lealer,F,5,0,5
Lealon,M,6,6,0
Leam,M,16,16,0
Leamon,M,906,906,0
Lean,F,19,5,14
Leana,F,1513,0,1513
Leanah,F,5,0,5
Leander,M,1616,1616,0
Leandra,F,3688,0,3688
Leandre,M,272,272,0
Leandrea,F,27,0,27
Leandrew,M,34,34,0
Leandro,M,5004,5004,0
Leane,F,25,0,25
Leaner,F,25,0,25
Leann,F,20482,0,20482
Leanna,F,18500,0,18500
Leanne,F,25237,0,25237
Leanny,F,34,0,34
Leanora,F,127,0,127
Leanore,F,230,0,230
Leanza,F,5,0,5
Lear,F,21,0,21
Leart,M,5,5,0
Leasa,F,129,0,129
Leasha,F,5,0,5
Leasia,F,143,0,143
Leatha,F,2107,0,2107
Leatrice,F,3032,0,3032
Leavy,M,7,7,0
Leba,F,46,0,46
Lebaron,M,12,12,0
Lebarron,M,6,6,0
Lebron,M,468,468,0
Lecia,F,213,0,213
Lecil,M,47,47,0
Lectoria,F,5,0,5
Leda,F,275,0,275
Ledarius,M,86,86,0
Ledarrius,M,11,11,0
Leddy,F,6,0,6
Ledell,M,49,49,0
Ledford,M,18,18,0
Ledger,M,724,724,0
Ledia,F,5,0,5
Ledora,F,113,0,113
Lee,M,271000,215388,55612
Leea,F,10,0,10
Leeah,F,284,0,284
Leeam,M,5,5,0
Leeana,F,114,0,114
Leeandra,F,25,0,25
Leeann,F,9931,0,9931
Leeanna,F,1057,0,1057
Leeanne,F,957,0,957
Leeasia,F,5,0,5
Leeba,F,113,0,113
Leela,F,1676,0,1676
Leelah,F,34,0,34
Leelan,M,24,24,0
Leeland,M,1015,1015,0
Leelee,F,5,0,5
Leeman,M,17,17,0
Leen,F,359,0,359
Leena,F,2434,0,2434
Leeon,M,6,6,0
Leeroy,M,1398,1398,0
Leesa,F,1952,0,1952
Leesha,F,5,0,5
Leevi,M,42,42,0
Leeya,F,33,0,33
Leeyah,F,25,0,25
Leeza,F,199,0,199
Legaci,F,31,0,31
Legacy,F,818,120,698
Legend,M,5093,5038,55
Legrand,M,41,41,0
Legrande,M,10,10,0
Lehi,M,6,6,0
Lehiwa,F,5,0,5
Lehman,M,24,24,0
Lehua,F,91,0,91
Lehuanani,F,6,0,6
Lei,F,80,0,80
Leia,F,7230,0,7230
Leiah,F,223,0,223
Leialoha,F,11,0,11
Leiana,F,170,0,170
Leiani,F,5,0,5
Leianna,F,88,0,88
Leib,M,209,209,0
Leibish,M,103,103,0
Leiby,M,60,60,0
Leida,F,44,0,44
Leidi,F,10,0,10
Leidy,F,163,0,163
Leif,M,4094,4094,0
Leigh,F,38290,1668,36622
Leigha,F,3611,0,3611
Leighann,F,1095,0,1095
Leighanna,F,50,0,50
Leighanne,F,111,0,111
Leighla,F,100,0,100
Leighton,F,7966,2856,5110
Leightyn,F,5,0,5
Leila,F,35266,0,35266
Leilah,F,1879,0,1879
Leilana,F,40,0,40
Leiland,M,57,57,0
Leilanee,F,5,0,5
Leilaney,F,5,0,5
Leilani,F,26872,0,26872
Leilanie,F,315,0,315
Leilanni,F,46,0,46
Leilany,F,1568,0,1568
Leileen,F,6,0,6
Leilene,F,94,0,94
Leiloni,F,43,0,43
Leily,F,5,0,5
Leimomi,F,27,0,27
Leina,F,56,0,56
Leinaala,F,23,0,23
Leira,F,21,0,21
Leisa,F,3260,0,3260
Leisha,F,399,0,399
Leita,F,5,0,5
Leiya,F,10,0,10
Leiyah,F,5,0,5
Lejla,F,122,0,122
Lejon,M,55,55,0
Lekeisha,F,136,0,136
Lekendrick,M,16,16,0
Lekesha,F,127,0,127
Lekeshia,F,70,0,70
Lekisha,F,300,0,300
Lela,F,27115,0,27115
Lelah,F,102,0,102
Lelan,M,34,34,0
Leland,M,46829,46829,0
Lelani,F,107,0,107
Lelania,F,5,0,5
Lelar,F,36,0,36
Leldon,M,97,97,0
Lelia,F,7697,0,7697
Leliana,F,5,0,5
Lella,F,31,0,31
Lelon,M,12,12,0
Lelton,M,15,15,0
Lem,M,78,78,0
Lema,F,6,0,6
Lemar,M,178,178,0
Lemarcus,M,28,28,0
Lemmie,M,31,26,5
Lemon,M,86,86,0
Lemond,M,5,5,0
Lemont,M,41,41,0
Lemoyne,M,5,5,0
Lempi,F,60,0,60
Lemuel,M,3980,3980,0
Len,M,982,982,0
Lena,F,99364,0,99364
Lenae,F,15,0,15
Lenard,M,5538,5538,0
Lenda,F,155,0,155
Lendora,F,11,0,11
Lenee,F,15,0,15
Lenell,M,50,50,0
Lenette,F,79,0,79
Leng,M,190,190,0
Leni,F,108,0,108
Lenin,M,514,514,0
Lenina,F,5,0,5
Lenis,M,5,5,0
Lenise,F,18,0,18
Lenita,F,53,0,53
Lenna,F,251,0,251
Lennan,F,5,0,5
Lennard,M,26,26,0
Lennart,M,35,35,0
Lennie,F,1730,296,1434
Lennin,M,10,10,0
Lennis,M,90,83,7
Lennix,F,15,0,15
Lennon,F,5685,3019,2666
Lennox,U,4930,3552,1378
Lenny,M,4072,4062,10
Lennyn,F,15,0,15
Leno,M,21,21,0
Lenoard,M,5,5,0
Lenon,M,20,20,0
Lenora,F,26713,0,26713
Lenord,M,198,198,0
Lenore,F,16497,0,16497
Lenox,M,241,215,26
Lenton,M,144,144,0
Lenvil,M,5,5,0
Lenville,M,49,49,0
Lenward,M,6,6,0
Lenwood,M,961,961,0
Lenya,F,5,0,5
Lenyx,F,5,0,5
Lenzy,M,13,13,0
Leo,M,183200,183009,191
Leobardo,M,1751,1751,0
Leocadia,F,263,0,263
Leocadio,M,26,26,0
Leoda,F,5,0,5
Leodis,M,56,56,0
Leola,F,20179,0,20179
Leoma,F,112,0,112
Leon,M,156143,156122,21
Leona,F,87199,0,87199
Leonard,M,278549,278483,66
Leonarda,F,206,0,206
Leonardo,M,60117,60109,8
Leonce,M,234,234,0
Leoncio,M,54,54,0
Leondra,F,86,0,86
Leondre,M,28,28,0
Leone,F,2783,12,2771
Leonel,M,17053,17053,0
Leonela,F,512,0,512
Leoni,F,9,0,9
Leonia,F,205,0,205
Leonid,M,28,28,0
Leonidas,M,3408,3408,0
Leonide,M,5,5,0
Leonides,M,87,87,0
Leonie,F,179,0,179
Leonila,F,88,0,88
Leonilda,F,5,0,5
Leonise,F,5,0,5
Leonna,F,53,0,53
Leonor,F,4112,0,4112
Leonora,F,2961,0,2961
Leonore,F,817,0,817
Leontine,F,105,0,105
Leopold,M,1006,1006,0
Leopoldo,M,4215,4215,0
Leor,M,37,37,0
Leora,F,5309,0,5309
Leory,M,5,5,0
Leota,F,6087,0,6087
Leotha,F,63,0,63
Leotis,M,85,85,0
Leovardo,M,42,42,0
Lequan,M,22,22,0
Lera,F,679,0,679
Leron,M,196,196,0
Lerone,M,5,5,0
Leronia,F,5,0,5
Leroy,M,187535,187511,24
Les,M,1190,1190,0
Lesa,F,9298,0,9298
Lesha,F,137,0,137
Leshawn,M,46,36,10
Leshia,F,103,0,103
Lesia,F,2078,0,2078
Lesieli,F,6,0,6
Leslea,F,10,0,10
Leslee,F,1956,0,1956
Lesley,F,31303,1202,30101
Lesleyann,F,5,0,5
Lesli,F,2921,0,2921
Leslie,F,367256,103893,263363
Leslieann,F,85,0,85
Lesliee,F,5,0,5
Lesly,F,11930,59,11871
Leslye,F,821,0,821
Lessie,F,9449,178,9271
Lessley,F,6,0,6
Lesslie,F,136,0,136
Lessly,F,285,0,285
Lesta,F,5,0,5
Lestat,M,27,27,0
Lester,M,118113,118080,33
Lesvia,F,6,0,6
Leta,F,5888,0,5888
Letcher,M,41,41,0
Letecia,F,57,0,57
Letesha,F,5,0,5
Letetia,F,5,0,5
Letha,F,12749,0,12749
Lether,F,16,0,16
Lethia,F,39,0,39
Letica,F,10,0,10
Leticia,F,38698,59,38639
Letisha,F,670,0,670
Letisia,F,380,0,380
Letitia,F,6756,0,6756
Letizia,F,5,0,5
Letoya,F,16,0,16
Letrice,F,22,0,22
Letricia,F,16,0,16
Letta,F,16,0,16
Letti,F,6,0,6
Letticia,F,121,0,121
Lettie,F,3678,0,3678
Letty,F,856,0,856
Lety,F,10,0,10
Letzy,F,5,0,5
Lev,M,681,681,0
Leva,F,30,0,30
Levada,F,5,0,5
Levan,M,11,11,0
Levar,M,1129,1129,0
Levell,M,51,51,0
Levelle,M,5,5,0
Levent,M,5,5,0
Leveon,M,6,6,0
Levere,M,5,5,0
Levern,M,737,732,5
Leverne,M,135,135,0
Levert,M,47,47,0
Levester,M,88,88,0
Levi,M,133855,133706,149
Leviathan,M,30,30,0
Levie,M,87,87,0
Levii,M,5,5,0
Levin,M,131,131,0
Levis,F,5,0,5
Leviticus,M,64,64,0
Levon,M,1674,1658,16
Levonia,F,23,0,23
Levonte,M,5,5,0
Levy,M,853,853,0
Lew,M,110,110,0
Lewie,M,64,64,0
Lewis,M,135660,135650,10
Lex,M,715,715,0
Lexa,F,199,0,199
Lexani,F,34,0,34
Lexee,F,20,0,20
Lexey,F,5,0,5
Lexi,F,20984,0,20984
Lexia,F,85,0,85
Lexie,F,11324,6,11318
Lexii,F,10,0,10
Lexine,F,33,0,33
Lexington,F,271,43,228
Lexis,F,1743,0,1743
Lexus,F,4943,22,4921
Lexxi,F,7,0,7
Lexxie,F,5,0,5
Lexxus,F,6,0,6
Lexy,F,1135,0,1135
Leya,F,192,0,192
Leyah,F,324,0,324
Leyanna,F,5,0,5
Leyda,F,28,0,28
Leydi,F,73,0,73
Leyla,F,5146,0,5146
Leylah,F,259,0,259
Leyland,M,10,10,0
Leylani,F,540,0,540
Leylanie,F,68,0,68
Leylany,F,11,0,11
Leyna,F,720,0,720
Leyre,F,6,0,6
Leyton,M,865,855,10
Leza,F,6,0,6
Lezer,M,5,5,0
Lezlee,F,5,0,5
Lezli,F,5,0,5
Lezlie,F,628,0,628
Lezly,F,233,0,233
Li,F,50,12,38
Lia,F,15123,0,15123
Liah,F,717,0,717
Liahna,F,6,0,6
Liam,M,191279,191263,16
Lian,U,884,679,205
Liana,F,11893,0,11893
Liandra,F,11,0,11
Liane,F,1599,0,1599
Lianet,F,18,0,18
Liani,F,155,0,155
Liann,F,6,0,6
Lianna,F,3078,0,3078
Liannah,F,6,0,6
Lianne,F,1044,0,1044
Lianni,F,5,0,5
Lianny,F,34,0,34
Liany,F,5,0,5
Liara,F,56,0,56
Liat,F,52,0,52
Liav,M,5,5,0
Liba,F,500,0,500
Liban,M,42,42,0
Libbie,F,155,0,155
Libby,F,10684,0,10684
Liberato,M,5,5,0
Libertad,F,5,0,5
Liberty,F,9915,0,9915
Libni,F,45,0,45
Liboria,F,7,0,7
Liborio,M,77,77,0
Libra,F,12,0,12
Librada,F,328,0,328
Librado,M,679,679,0
Licet,F,32,0,32
Licette,F,11,0,11
Licia,F,45,0,45
Lida,F,929,0,929
Liddie,F,81,0,81
Lidia,F,7491,0,7491
Liduvina,F,5,0,5
Lidwina,F,5,0,5
Lidya,F,10,0,10
Liel,F,96,0,96
Lielle,F,76,0,76
Liem,M,91,91,0
Lien,F,116,0,116
Liese,F,5,0,5
Liesel,F,74,0,74
Liesl,F,239,0,239
Lieutenant,M,5,5,0
Liev,M,94,94,0
Liezl,F,6,0,6
Lige,M,73,73,0
Ligia,F,183,0,183
Liisa,F,15,0,15
Lila,F,56115,0,56115
Lilac,F,10,0,10
Lilah,F,11293,0,11293
Lilas,F,10,0,10
Lilburn,M,132,132,0
Lile,F,5,0,5
Lilee,F,91,0,91
Lileigh,F,5,0,5
Lili,F,1240,0,1240
Lilia,F,9278,0,9278
Liliah,F,5,0,5
Lilian,F,12817,0,12817
Liliana,F,51273,80,51193
Liliane,F,49,0,49
Liliann,F,49,0,49
Lilianna,F,5176,0,5176
Lilianne,F,100,0,100
Lilibet,F,5,0,5
Lilibeth,F,794,0,794
Lilie,F,123,0,123
Lilikoi,F,8,0,8
Lilinoe,F,70,0,70
Lilit,F,234,0,234
Lilith,F,3853,0,3853
Liliya,F,88,0,88
Lilla,F,819,0,819
Lillard,M,144,144,0
Lillee,F,124,0,124
Liller,F,10,0,10
Lilley,F,8,0,8
Lilli,F,1047,0,1047
Lillia,F,244,0,244
Lilliam,F,189,0,189
Lillian,F,369425,71,369354
Lilliana,F,14545,0,14545
Lilliann,F,153,0,153
Lillianna,F,3742,0,3742
Lillianne,F,147,0,147
Lillie,F,113013,48,112965
Lilliemae,F,20,0,20
Lillion,F,5,0,5
Lillith,F,368,0,368
Lilly,F,47962,6,47956
Lillyan,F,1015,0,1015
Lillyana,F,1925,0,1925
Lillyann,F,980,0,980
Lillyanna,F,1657,0,1657
Lillyanne,F,176,0,176
Lillybeth,F,5,0,5
Lilou,F,26,0,26
Lilu,F,5,0,5
Lily,F,135142,12,135130
Lilya,F,20,0,20
Lilyan,F,1845,0,1845
Lilyana,F,6465,0,6465
Lilyanah,F,6,0,6
Lilyann,F,1427,0,1427
Lilyanna,F,2744,0,2744
Lilyanne,F,360,0,360
Lilybeth,F,72,0,72
Lilyona,F,5,0,5
Lilyrose,F,67,0,67
Lilyth,F,18,0,18
Limairy,F,5,0,5
Limayri,F,6,0,6
Limmie,M,5,5,0
Lin,F,98,0,98
Lina,F,9561,0,9561
Linas,M,33,33,0
Linc,M,5,5,0
Lincoln,M,50734,50262,472
Linda,F,1449316,1763,1447553
Lindalee,F,34,0,34
Lindberg,M,32,32,0
Lindbergh,M,153,153,0
Linde,F,6,0,6
Lindell,M,901,901,0
Linden,U,583,407,176
Linder,F,11,0,11
Lindi,F,59,0,59
Lindia,F,5,0,5
Lindita,F,5,0,5
Lindley,F,89,5,84
Lindon,M,14,14,0
Lindsay,F,128812,1595,127217
Lindsee,F,15,0,15
Lindsey,F,157505,3454,154051
Lindsi,F,52,0,52
Lindsie,F,135,0,135
Lindsy,F,657,0,657
Lindwood,M,6,6,0
Lindy,F,4398,460,3938
Lindzy,F,6,0,6
Linell,F,6,0,6
Linette,F,1961,0,1961
Linford,M,142,142,0
Ling,F,31,0,31
Linh,F,595,51,544
Link,M,308,308,0
Linkin,M,454,454,0
Linkoln,M,49,49,0
Linley,F,242,0,242
Linn,U,199,135,64
Linna,F,24,0,24
Linnae,F,16,0,16
Linnea,F,4851,0,4851
Linnette,F,122,0,122
Linnie,F,3456,10,3446
Lino,M,2099,2099,0
Linsay,F,42,0,42
Linsey,F,2860,0,2860
Linsy,F,5,0,5
Linton,M,648,648,0
Linus,M,1492,1492,0
Linville,M,107,107,0
Linward,M,5,5,0
Linwood,M,9671,9671,0
Linzi,F,5,0,5
Linzie,F,10,0,10
Linzy,F,49,0,49
Lio,M,11,11,0
Lion,M,12,12,0
Lionardo,M,10,10,0
Lionel,M,24199,24199,0
Lionell,M,285,285,0
Lionor,F,5,0,5
Lior,M,189,166,23
Liora,F,281,0,281
Lipa,M,696,696,0
Liria,F,5,0,5
Liridon,M,18,18,0
Liridona,F,35,0,35
Lirio,F,10,0,10
Liron,F,6,0,6
Lisa,F,964180,1305,962875
Lisaann,F,215,0,215
Lisabeth,F,163,0,163
Lisamarie,F,833,0,833
Lisandra,F,792,0,792
Lisandro,M,940,940,0
Lisania,F,16,0,16
Lisanne,F,39,0,39
Lisbel,F,5,0,5
Lisbet,F,485,0,485
Lisbeth,F,3172,0,3172
Lise,F,1154,0,1154
Liset,F,571,0,571
Liseth,F,316,0,316
Lisett,F,198,0,198
Lisette,F,7272,0,7272
Lisha,F,886,0,886
Lisia,F,5,0,5
Lisle,M,10,10,0
Lismary,F,5,0,5
Lissa,F,1401,0,1401
Lissandra,F,22,0,22
Lisset,F,812,0,812
Lissete,F,137,0,137
Lisseth,F,249,0,249
Lissett,F,181,0,181
Lissette,F,6272,0,6272
Lissie,F,51,0,51
Lister,M,7,7,0
Liston,M,191,191,0
Lisvet,F,5,0,5
Lita,F,1173,0,1173
Lithzy,F,5,0,5
Litsy,F,10,0,10
Littie,F,22,0,22
Little,M,105,105,0
Littleton,M,10,10,0
Litzi,F,238,0,238
Litzy,F,5467,0,5467
Liv,F,2563,0,2563
Livan,M,93,93,0
Lively,F,10,0,10
Livi,F,27,0,27
Livia,F,4921,0,4921
Liviana,F,36,0,36
Livie,F,16,0,16
Livier,F,160,0,160
Livingston,M,6,6,0
Livio,M,5,5,0
Livvy,F,10,0,10
Livy,F,6,0,6
Liya,F,633,0,633
Liyah,F,851,0,851
Liyana,F,255,0,255
Liyat,F,6,0,6
Liz,F,6518,0,6518
Liza,F,11427,0,11427
Lizabeth,F,2479,0,2479
Lizandra,F,60,0,60
Lizandro,M,315,315,0
Lizania,F,29,0,29
Lizanne,F,134,0,134
Lizbet,F,701,0,701
Lizbeth,F,22042,0,22042
Lizbett,F,10,0,10
Lizel,F,5,0,5
Lizet,F,1768,0,1768
Lizeth,F,7067,5,7062
Lizett,F,772,0,772
Lizette,F,10080,5,10075
Lizmarie,F,97,0,97
Lizmary,F,31,0,31
Lizvet,F,10,0,10
Lizveth,F,5,0,5
Lizvette,F,5,0,5
Lizza,F,5,0,5
Lizzet,F,336,0,336
Lizzete,F,20,0,20
Lizzeth,F,243,0,243
Lizzett,F,45,0,45
Lizzette,F,1132,0,1132
Lizzie,F,20413,0,20413
Lizzieann,F,5,0,5
Lizzy,F,26,0,26
Lladira,F,5,0,5
Llana,F,5,0,5
Llesenia,F,101,0,101
Llewellyn,M,582,582,0
Llewyn,M,36,36,0
Lleyton,M,89,89,0
Lliam,M,16,16,0
Lloana,F,5,0,5
Lloyd,M,149963,149948,15
Lluliana,F,8,0,8
Lluvia,F,2205,0,2205
Lo,M,6,6,0
Loa,F,49,0,49
Loan,F,120,0,120
Loana,F,6,0,6
Loann,F,16,0,16
Loay,M,5,5,0
Loc,M,32,32,0
Locadio,M,6,6,0
Lochlan,M,1339,1339,0
Lochlann,M,5,5,0
Lochlyn,F,5,0,5
Locke,M,82,82,0
Lockie,F,16,0,16
Locklyn,F,16,0,16
Lodell,F,5,0,5
Lodema,F,5,0,5
Lodena,F,5,0,5
Loeta,F,20,0,20
Loetta,F,10,0,10
Loette,F,6,0,6
Lofton,M,6,6,0
Logan,M,339833,316925,22908
Logann,F,42,0,42
Logen,M,201,201,0
Loghan,U,35,23,12
Logun,M,16,16,0
Logyn,F,5,0,5
Loic,M,30,30,0
Loida,F,133,0,133
Lois,F,318023,858,317165
Loise,F,54,5,49
Lokelani,F,20,0,20
Loki,M,290,290,0
Lola,F,71304,0,71304
Lolah,F,6,0,6
Loleta,F,15,0,15
Lolita,F,4583,0,4583
Lollie,F,61,0,61
Lolly,F,5,0,5
Loma,F,333,0,333
Loman,M,5,5,0
Lomax,M,36,36,0
Lometa,F,29,0,29
Lon,M,5028,5028,0
Lona,F,4380,0,4380
Lonas,M,6,6,0
Londa,F,227,0,227
Londell,M,11,11,0
Londen,F,37,5,32
Londin,F,5,0,5
London,F,39393,6315,33078
Londyn,F,15742,0,15742
Londynn,F,1264,0,1264
Lonell,M,10,10,0
Loney,U,17,11,6
Long,M,879,879,0
Loni,F,1546,0,1546
Lonia,F,5,0,5
Lonie,F,320,41,279
Lonn,M,5,5,0
Lonna,F,866,0,866
Lonnell,M,100,100,0
Lonnie,M,89913,86855,3058
Lonny,M,3424,3424,0
Lonza,M,10,10,0
Lonzell,M,5,5,0
Lonzie,M,109,109,0
Lonzo,M,1286,1286,0
Lonzy,M,5,5,0
Loomis,M,5,5,0
Lopaka,M,93,93,0
Lora,F,43309,0,43309
Lorain,F,31,0,31
Loraine,F,12059,27,12032
Loralai,F,5,0,5
Loralee,F,219,0,219
Loralei,F,296,0,296
Lorali,F,10,0,10
Loralie,F,10,0,10
Loralye,F,5,0,5
Loran,M,594,562,32
Loras,M,195,195,0
Lorayne,F,308,0,308
Lord,M,17,17,0
Lore,F,146,0,146
Loreal,F,428,0,428
Lorean,F,273,0,273
Loredana,F,34,0,34
Loree,F,857,0,857
Loreen,F,1402,0,1402
Lorel,F,32,0,32
Lorelai,F,4194,0,4194
Lorelei,F,9367,0,9367
Loreley,F,6,0,6
Loreli,F,16,0,16
Lorelie,F,5,0,5
Lorell,F,5,0,5
Lorella,F,5,0,5
Lorelle,F,25,0,25
Lorely,F,28,0,28
Loren,M,49417,40235,9182
Lorena,F,34827,70,34757
Lorenda,F,26,0,26
Lorene,F,33376,0,33376
Lorenia,F,16,0,16
Lorenso,M,33,33,0
Lorenz,M,115,115,0
Lorenza,F,3368,1902,1466
Lorenzo,M,58946,58946,0
Loreta,F,237,0,237
Loretha,F,339,0,339
Loreto,M,16,16,0
Loretta,F,162054,5,162049
Lorette,F,151,0,151
Loretto,F,34,0,34
Lorez,F,5,0,5
Lori,F,338804,90,338714
Loria,F,416,0,416
Loriana,F,29,0,29
Loriann,F,2128,0,2128
Lorianna,F,6,0,6
Lorianne,F,392,0,392
Lorie,F,19267,0,19267
Lorien,F,74,0,74
Loriene,F,15,0,15
Lorik,M,10,10,0
Lorilee,F,68,0,68
Lorilei,F,6,0,6
Lorilyn,F,15,0,15
Lorin,U,2058,1322,736
Lorina,F,367,0,367
Lorinda,F,1896,0,1896
Lorine,F,6039,0,6039
Loring,M,103,103,0
Loris,F,86,0,86
Lorisa,F,10,0,10
Lorissa,F,201,0,201
Lorita,F,243,0,243
Lorma,F,5,0,5
Lorn,M,5,5,0
Lorna,F,22856,0,22856
Lorne,M,1454,1454,0
Lorra,F,10,0,10
Lorrain,F,6,0,6
Lorraina,F,17,0,17
Lorraine,F,203353,57,203296
Lorrayne,F,211,0,211
Lorre,F,10,0,10
Lorren,F,5,0,5
Lorrene,F,5,0,5
Lorretta,F,400,0,400
Lorri,F,6333,0,6333
Lorriane,F,26,0,26
Lorrie,F,14935,0,14935
Lorrin,M,10,10,0
Lorrine,F,11,0,11
Lorry,F,110,0,110
Lory,F,698,11,687
Loryn,F,318,0,318
Lossie,F,437,0,437
Lota,F,17,0,17
Lothar,M,5,5,0
Lothrop,M,5,5,0
Lotoya,F,49,0,49
Lotta,F,5,0,5
Lottie,F,27784,0,27784
Lotus,F,345,0,345
Lou,F,27305,493,26812
Louann,F,2665,0,2665
Louanna,F,53,0,53
Louanne,F,331,0,331
Louard,M,5,5,0
Louay,M,5,5,0
Louden,M,5,5,0
Louella,F,7530,0,7530
Louelle,F,6,0,6
Louetta,F,74,0,74
Lougenia,F,6,0,6
Louie,M,22141,21756,385
Louis,M,366607,366241,366
Louisa,F,9332,0,9332
Louise,F,282118,226,281892
Louisiana,F,16,0,16
Loukas,M,33,33,0
Loukisha,F,6,0,6
Loula,F,5,0,5
Louna,F,19,0,19
Loura,F,17,0,17
Lourdes,F,11938,5,11933
Louren,F,5,0,5
Lourie,F,57,0,57
Lousie,F,5,0,5
Louvenia,F,1795,0,1795
Louvinia,F,5,0,5
Love,F,801,43,758
Loveah,F,13,0,13
Loveda,F,6,0,6
Lovelace,M,18,18,0
Loveless,M,5,5,0
Lovell,M,767,757,10
Lovella,F,45,0,45
Lovely,F,455,0,455
Lovelyn,F,5,0,5
Lovenia,F,99,0,99
Loveta,F,42,0,42
Lovett,M,62,62,0
Lovetta,F,26,0,26
Lovette,F,26,0,26
Lovey,F,5,0,5
Lovie,F,2636,17,2619
Lovina,F,201,0,201
Lowana,F,7,0,7
Lowanda,F,10,0,10
Lowell,M,36111,36111,0
Lowen,M,5,5,0
Lowery,M,5,5,0
Lowry,M,5,5,0
Loxley,F,22,0,22
Loy,M,1651,1580,71
Loyal,M,940,930,10
Loyalty,F,277,5,272
Loyce,F,1927,77,1850
Loyd,M,17855,17850,5
Loyda,F,7,0,7
Loyde,M,5,5,0
Loye,M,19,19,0
Loyola,F,34,0,34
Ltanya,F,47,0,47
Lu,F,2097,0,2097
Lua,F,53,0,53
Luan,M,50,40,10
Luana,F,1585,0,1585
Luann,F,12990,0,12990
Luanna,F,112,0,112
Luanne,F,6221,0,6221
Luba,F,88,0,88
Luberdie,F,5,0,5
Luberta,F,165,0,165
Lubertha,F,189,0,189
Lubna,F,10,0,10
Lubov,F,5,0,5
Luby,M,108,108,0
Luc,M,1693,1693,0
Luca,M,24332,23996,336
Lucan,M,19,19,0
Lucas,M,237664,237620,44
Lucca,M,2452,2332,120
Luccas,M,10,10,0
Lucciana,F,29,0,29
Lucciano,M,22,22,0
Luceal,F,27,0,27
Lucecita,F,8,0,8
Lucely,F,5,0,5
Lucerito,F,185,0,185
Lucero,F,5406,70,5336
Lucesita,F,5,0,5
Lucetta,F,57,0,57
Luci,F,368,0,368
Lucia,F,35811,5,35806
Lucian,M,5750,5750,0
Luciana,F,7504,0,7504
Lucianna,F,457,0,457
Luciano,M,8734,8734,0
Lucie,F,1881,0,1881
Luciel,F,84,0,84
Lucielle,F,5,0,5
Lucien,M,4274,4274,0
Lucienne,F,331,0,331
Lucifer,M,12,12,0
Lucila,F,1438,0,1438
Lucile,F,24242,0,24242
Lucilla,F,63,0,63
Lucille,F,198697,5,198692
Lucina,F,215,0,215
Lucinda,F,29637,0,29637
Lucine,F,37,0,37
Lucio,M,3654,3654,0
Lucious,M,2073,2073,0
Lucius,M,3972,3972,0
Lucky,M,712,689,23
Lucrecia,F,129,0,129
Lucretia,F,5073,0,5073
Lucrezia,F,23,0,23
Lucus,M,126,126,0
Lucy,F,166362,10,166352
Lucyann,F,5,0,5
Lucyle,F,10,0,10
Luddie,F,10,5,5
Ludean,F,21,0,21
Ludell,F,19,0,19
Ludger,M,36,36,0
Ludie,F,909,33,876
Ludivina,F,271,0,271
Ludmilla,F,6,0,6
Ludwig,M,863,863,0
Ludwika,F,5,0,5
Ludwin,M,17,17,0
Lue,F,4097,77,4020
Luecile,F,5,0,5
Luella,F,20143,0,20143
Luetta,F,383,0,383
Luevenia,F,43,0,43
Lugarda,F,16,0,16
Lugardita,F,5,0,5
Lugene,F,153,57,96
Lugenia,F,87,0,87
Luigi,M,2222,2222,0
Luis,M,267625,266935,690
Luisa,F,9082,0,9082
Luisalberto,M,103,103,0
Luisalfredo,M,17,17,0
Luisana,F,311,0,311
Luisangel,M,723,723,0
Luisantonio,M,54,54,0
Luisdavid,M,5,5,0
Luise,F,38,0,38
Luiseduardo,M,6,6,0
Luisenrique,M,116,116,0
Luisfelipe,M,10,10,0
Luisfernando,M,76,76,0
Luisgustavo,M,6,6,0
Luismanuel,M,16,16,0
Luismario,M,14,14,0
Luismiguel,M,32,32,0
Luiz,M,1556,1556,0
Luiza,F,223,0,223
Lujain,F,33,0,33
Lujean,F,5,0,5
Luka,M,5050,5026,24
Lukah,M,28,28,0
Lukas,M,30067,30060,7
Lukasz,M,202,202,0
Luke,M,257169,257136,33
Luken,M,5,5,0
Lukus,M,26,26,0
Lula,F,52535,10,52525
Lulabelle,F,6,0,6
Lular,F,23,0,23
Lulu,F,2121,0,2121
Luma,F,5,0,5
Lumen,F,20,0,20
Lumi,F,6,0,6
Lumir,M,74,74,0
Lun,F,5,0,5
Luna,F,24182,0,24182
Lunabella,F,5,0,5
Lunabelle,F,6,0,6
Lunden,F,12,5,7
Lundon,F,5,0,5
Lundy,M,10,10,0
Lundyn,F,216,0,216
Lunette,F,16,0,16
Lunna,F,21,0,21
Lupe,F,21533,4847,16686
Lupie,F,6,0,6
Lupita,F,3948,0,3948
Luqman,M,126,126,0
Lura,F,3390,0,3390
Lurdes,F,106,0,106
Lurene,F,37,0,37
Luretha,F,32,0,32
Lurlean,F,5,0,5
Lurleen,F,5,0,5
Lurlene,F,124,0,124
Lurline,F,683,0,683
Lus,F,129,0,129
Lusero,F,34,0,34
Lusia,F,35,0,35
Lusiano,M,13,13,0
Lusine,F,72,0,72
Luster,M,177,177,0
Luther,M,53643,53638,5
Lutrelle,F,5,0,5
Lutricia,F,51,0,51
Luvender,M,5,5,0
Luvenia,F,1448,0,1448
Luvern,M,40,40,0
Luverne,U,1133,766,367
Luvina,F,7,0,7
Luvinia,F,5,0,5
Luwana,F,6,0,6
Luwanda,F,5,0,5
Lux,F,383,30,353
Luxe,F,6,0,6
Luz,F,23272,335,22937
Luzelena,F,87,0,87
Luzer,M,14,14,0
Luzia,F,5,0,5
Luzmaria,F,294,0,294
Ly,F,57,13,44
Lya,F,223,0,223
Lyah,F,26,0,26
Lyall,M,10,10,0
Lyam,M,316,316,0
Lyan,M,27,27,0
Lyana,F,61,0,61
Lyann,F,21,0,21
Lyanna,F,651,0,651
Lyanne,F,175,0,175
Lyasia,F,5,0,5
Lyda,F,1044,0,1044
Lydell,M,283,283,0
Lydia,F,146189,28,146161
Lydiann,F,39,0,39
Lydie,F,10,0,10
Lyfe,M,5,5,0
Lyla,F,24699,0,24699
Lylah,F,3771,0,3771
Lyle,M,51434,51411,23
Lylia,F,6,0,6
Lyliana,F,25,0,25
Lyllian,F,16,0,16
Lyly,F,5,0,5
Lyman,M,3292,3292,0
Lyn,F,4492,178,4314
Lyna,F,103,0,103
Lynae,F,72,0,72
Lynanne,F,6,0,6
Lyncoln,M,5,5,0
Lynda,F,74350,0,74350
Lyndal,M,6,6,0
Lyndall,M,5,5,0
Lyndee,F,78,0,78
Lyndel,M,5,5,0
Lyndell,M,272,245,27
Lynden,U,45,32,13
Lyndi,F,223,0,223
Lyndia,F,167,0,167
Lyndie,F,5,0,5
Lyndle,M,16,16,0
Lyndon,M,4352,4345,7
Lyndsay,F,4712,0,4712
Lyndsee,F,12,0,12
Lyndsey,F,12270,0,12270
Lyndsi,F,171,0,171
Lyndsie,F,286,0,286
Lyndsy,F,28,0,28
Lynea,F,5,0,5
Lynee,F,5,0,5
Lynell,F,431,26,405
Lynelle,F,386,0,386
Lynetta,F,166,0,166
Lynette,F,38772,0,38772
Lynford,M,6,6,0
Lyniah,F,6,0,6
Lynix,F,5,0,5
Lynlee,F,454,0,454
Lynleigh,F,28,0,28
Lynley,F,33,0,33
Lynn,F,225663,47595,178068
Lynna,F,202,0,202
Lynnae,F,75,0,75
Lynnann,F,5,0,5
Lynnda,F,72,0,72
Lynne,F,58732,10,58722
Lynnea,F,82,0,82
Lynnel,F,7,0,7
Lynnell,F,17,0,17
Lynnett,F,5,0,5
Lynnetta,F,10,0,10
Lynnette,F,11663,0,11663
Lynnex,F,5,0,5
Lynnlee,F,136,0,136
Lynnleigh,F,5,0,5
Lynnmarie,F,18,0,18
Lynnox,F,17,0,17
Lynnsey,F,15,0,15
Lynsey,F,2911,0,2911
Lynsie,F,100,0,100
Lynwood,M,2165,2165,0
Lynzee,F,41,0,41
Lynzi,F,17,0,17
Lynzie,F,22,0,22
Lyon,M,73,73,0
Lyra,F,2121,0,2121
Lyric,F,16347,2157,14190
Lyrica,F,59,0,59
Lyrical,F,10,0,10
Lyrik,F,320,95,225
Lyriq,F,100,0,100
Lysa,F,37,0,37
Lysander,M,57,57,0
Lysandra,F,27,0,27
Lysette,F,258,0,258
Lysle,M,11,11,0
Lyssa,F,160,0,160
Lytzy,F,5,0,5
Lyvia,F,5,0,5
Lyza,F,17,0,17
Lyzeth,F,5,0,5
Lyzette,F,69,0,69
Ma,F,153,0,153
Maahi,F,53,0,53
Maahir,M,5,5,0
Maalik,M,26,26,0
Maaliyah,F,10,0,10
Maame,F,5,0,5
Maanvi,F,18,0,18
Maanya,F,45,0,45
Maayan,F,141,0,141
Maaz,M,77,77,0
Mabel,F,73703,0,73703
Mabell,F,62,0,62
Mabelle,F,69,0,69
Mable,F,39990,0,39990
Mabry,F,336,0,336
Mac,M,3710,3710,0
Macady,F,11,0,11
Macaela,F,27,0,27
Macala,F,5,0,5
Macallan,M,11,11,0
Macarena,F,12,0,12
Macaria,F,85,0,85
Macario,M,1501,1501,0
Macarthur,M,173,173,0
Macaulay,M,16,16,0
Macayla,F,858,0,858
Mace,M,122,122,0
Macedonio,M,56,56,0
Macee,F,500,0,500
Macel,F,308,0,308
Macen,M,50,50,0
Macenzie,F,5,0,5
Maceo,M,431,431,0
Macey,F,8779,0,8779
Machai,M,10,10,0
Machele,F,16,0,16
Machell,F,10,0,10
Machelle,F,1290,0,1290
Machi,M,15,15,0
Maci,F,15609,0,15609
Maciah,M,5,5,0
Macie,F,15590,0,15590
Maciej,M,102,102,0
Maciel,F,31,0,31
Macil,F,87,0,87
Mack,M,29948,29948,0
Mackay,M,12,12,0
Mackayla,F,238,0,238
Mackenna,F,1678,0,1678
Mackensie,F,64,0,64
Mackenson,M,5,5,0
Mackenzee,F,81,0,81
Mackenzi,F,605,9,596
Mackenzie,F,129155,5442,123713
Mackenzy,F,140,0,140
Mackey,M,15,15,0
Mackie,F,67,35,32
Mackinzie,F,80,0,80
Macklin,M,207,207,0
Macklyn,F,5,0,5
Mackson,M,5,5,0
Mackynzie,F,17,0,17
Maclain,M,10,10,0
Maclean,M,5,5,0
Maclin,M,5,5,0
Maclovia,F,10,0,10
Maclovio,M,5,5,0
Macon,M,352,347,5
Macrina,F,10,0,10
Macsen,M,16,16,0
Macy,F,26575,13,26562
Macyn,F,104,0,104
Mada,F,11,0,11
Madai,F,161,0,161
Madailein,F,6,0,6
Madaleine,F,5,0,5
Madalena,F,30,0,30
Madalene,F,102,0,102
Madalin,F,12,0,12
Madaline,F,1251,0,1251
Madalyn,F,17427,0,17427
Madalyne,F,61,0,61
Madalynn,F,6350,0,6350
Madalynne,F,33,0,33
Madasyn,F,5,0,5
Maday,F,6,0,6
Maddalena,F,121,0,121
Maddalyn,F,61,0,61
Maddax,M,21,21,0
Maddelyn,F,52,0,52
Madden,M,4352,4174,178
Maddex,M,474,474,0
Maddi,F,5,0,5
Maddie,F,2096,0,2096
Maddilyn,F,176,0,176
Maddilynn,F,100,0,100
Maddisen,F,20,0,20
Maddison,F,17530,0,17530
Maddisyn,F,220,0,220
Maddix,M,656,650,6
Maddon,M,37,37,0
Maddox,M,29962,29549,413
Maddux,M,1598,1593,5
Maddy,F,43,0,43
Maddyn,F,99,0,99
Maddyson,F,153,0,153
Madeira,F,5,0,5
Madelaine,F,929,0,929
Madelein,F,18,0,18
Madeleine,F,34337,8,34329
Madelena,F,5,0,5
Madelene,F,357,0,357
Madeley,F,5,0,5
Madeleyn,F,38,0,38
Madeliene,F,11,0,11
Madelin,F,1031,0,1031
Madeline,F,174397,30,174367
Madelis,F,6,0,6
Madell,F,7,0,7
Madelon,F,284,0,284
Madelyn,F,82892,9,82883
Madelyne,F,1036,0,1036
Madelynn,F,12521,0,12521
Madelynne,F,451,0,451
Madge,F,7590,0,7590
Madgeline,F,5,0,5
Madgie,F,45,0,45
Madhav,M,59,59,0
Madie,F,1373,0,1373
Madigan,F,97,0,97
Madiha,F,16,0,16
Madilyn,F,15401,0,15401
Madilynn,F,6567,0,6567
Madilynne,F,37,0,37
Madina,F,312,0,312
Madisen,F,3475,0,3475
Madison,F,376575,3203,373372
Madissen,F,5,0,5
Madisson,F,300,0,300
Madisyn,F,13945,0,13945
Madisynn,F,11,0,11
Madix,M,52,52,0
Madlyn,F,319,0,319
Madoc,M,5,5,0
Madolyn,F,133,0,133
Madonna,F,6089,0,6089
Madox,M,14,14,0
Madylin,F,44,0,44
Madysen,F,1351,0,1351
Madysin,F,7,0,7
Madyson,F,11327,0,11327
Mae,F,76802,11,76791
Maebell,F,192,0,192
Maebelle,F,75,0,75
Maebry,F,24,0,24
Maedell,F,32,0,32
Maedelle,F,5,0,5
Maegan,F,7036,0,7036
Maegen,F,132,0,132
Maeghan,F,119,0,119
Mael,M,56,56,0
Maela,F,5,0,5
Maelani,F,32,0,32
Maelee,F,186,0,186
Maeleigh,F,83,0,83
Maeli,F,5,0,5
Maelie,F,21,0,21
Maelle,F,26,0,26
Maelyn,F,310,0,310
Maelynn,F,394,0,394
Maeson,M,49,44,5
Maesyn,F,14,0,14
Maeva,F,37,0,37
Maeve,F,9788,0,9788
Mafalda,F,861,0,861
Magaby,F,52,0,52
Magalene,F,37,0,37
Magali,F,2222,0,2222
Magalie,F,41,0,41
Magaline,F,29,0,29
Magalis,F,5,0,5
Magally,F,25,0,25
Magaly,F,3532,0,3532
Magan,F,1406,0,1406
Magda,F,1539,0,1539
Magdala,F,17,0,17
Magdalen,F,608,0,608
Magdalena,F,12894,0,12894
Magdalene,F,3964,0,3964
Magdaleno,M,400,400,0
Magdaline,F,96,0,96
Magdalyn,F,6,0,6
Magdelena,F,10,0,10
Magdelene,F,5,0,5
Magdiel,M,70,70,0
Magen,F,1803,0,1803
Maggi,F,10,0,10
Maggie,F,87282,15,87267
Maggy,F,12,0,12
Maghan,F,16,0,16
Magnolia,F,5975,0,5975
Magnus,M,1896,1896,0
Maguadalupe,F,11,0,11
Maguire,M,6,6,0
Maha,F,616,0,616
Mahad,M,135,135,0
Mahala,F,256,0,256
Mahaley,F,5,0,5
Mahalia,F,242,0,242
Maham,F,17,0,17
Mahamadou,M,231,231,0
Mahamed,M,45,45,0
Mahari,F,11,0,11
Mahathi,F,27,0,27
Mahati,F,5,0,5
Mahayla,F,67,0,67
Mahdi,M,811,811,0
Mahdiya,F,16,0,16
Mahealani,F,302,0,302
Maheen,F,106,0,106
Mahek,F,85,0,85
Mahendra,M,6,6,0
Maher,M,106,106,0
Mahesh,M,5,5,0
Mahi,F,468,0,468
Mahika,F,87,0,87
Mahima,F,60,0,60
Mahin,M,5,5,0
Mahina,F,234,0,234
Mahir,M,239,239,0
Mahira,F,97,0,97
Mahiyah,F,14,0,14
Mahjabeen,F,5,0,5
Mahkai,M,15,15,0
Mahki,M,201,201,0
Mahlia,F,42,0,42
Mahlik,M,10,10,0
Mahlon,M,1708,1708,0
Mahmoud,M,1144,1144,0
Mahmud,M,5,5,0
Mahnoor,F,247,0,247
Mahogany,F,1907,0,1907
Mahreen,F,11,0,11
Mahrosh,F,5,0,5
Mahsa,F,6,0,6
Mahum,F,16,0,16
Mai,F,3245,5,3240
Maia,F,10472,0,10472
Maiah,F,209,0,209
Maida,F,380,0,380
Maie,F,5,0,5
Maigan,F,11,0,11
Maija,F,137,0,137
Maika,U,92,63,29
Maikel,M,39,39,0
Maikol,M,22,22,0
Maila,F,48,0,48
Mailani,F,49,0,49
Maile,F,2166,0,2166
Mailee,F,51,0,51
Mailen,F,116,0,116
Mailey,F,42,0,42
Maili,F,32,0,32
Mailin,F,6,0,6
Maille,F,10,0,10
Maily,F,116,0,116
Mailyn,F,217,0,217
Maimouna,F,192,0,192
Maimuna,F,29,0,29
Mainor,M,6,6,0
Maiquel,F,6,0,6
Maira,F,4367,5,4362
Mairani,F,6,0,6
Mairany,F,16,0,16
Maire,F,5,0,5
Mairead,F,473,0,473
Mairim,F,10,0,10
Mairin,F,39,0,39
Mairyn,F,27,0,27
Maisee,F,7,0,7
Maisey,F,16,0,16
Maisha,F,719,0,719
Maisie,F,2813,0,2813
Maison,M,1816,1788,28
Maisy,F,889,0,889
Maisyn,F,147,0,147
Maite,F,2020,0,2020
Maitland,M,5,5,0
Maiya,F,2175,0,2175
Maiyah,F,16,0,16
Maiyer,F,8,0,8
Maizee,F,6,0,6
Maizen,M,5,5,0
Maizey,F,16,0,16
Maizie,F,203,0,203
Maizy,F,165,0,165
Maja,F,463,0,463
Majd,M,36,36,0
Majed,M,5,5,0
Majel,F,10,0,10
Majerle,F,5,0,5
Majestic,F,5,0,5
Majesty,F,407,24,383
Majid,M,11,11,0
Major,M,10847,10847,0
Majorie,F,47,0,47
Makaela,F,1136,0,1136
Makai,M,3962,3962,0
Makaila,F,3197,0,3197
Makailah,F,81,0,81
Makailyn,F,5,0,5
Makaio,M,273,273,0
Makaiya,F,20,0,20
Makala,F,2004,0,2004
Makalah,F,123,0,123
Makalia,F,10,0,10
Makalyn,F,10,0,10
Makalynn,F,5,0,5
Makamae,F,10,0,10
Makana,M,294,272,22
Makani,M,36,36,0
Makar,M,14,14,0
Makari,M,86,86,0
Makay,M,5,5,0
Makaya,F,92,0,92
Makayla,F,100162,20,100142
Makaylah,F,1847,0,1847
Makaylee,F,384,0,384
Makaylie,F,5,0,5
Makaylin,F,6,0,6
Makeba,F,188,0,188
Makeda,F,470,0,470
Makel,M,74,74,0
Makell,F,57,6,51
Makelle,F,22,0,22
Makena,F,4320,5,4315
Makenah,F,16,0,16
Makenize,F,5,0,5
Makenlee,F,11,0,11
Makenlie,F,5,0,5
Makenna,F,26877,0,26877
Makennah,F,42,0,42
Makensie,F,22,0,22
Makenzee,F,103,0,103
Makenzi,F,1841,0,1841
Makenzie,F,38249,10,38239
Makenzy,F,325,0,325
Makesha,F,72,0,72
Makeyla,F,61,0,61
Makhai,M,118,118,0
Makhi,M,2394,2394,0
Makhia,F,230,0,230
Maki,U,20,15,5
Makia,F,115,0,115
Makiah,F,805,0,805
Makinlee,F,5,0,5
Makinley,F,654,0,654
Makinna,F,16,0,16
Makinsey,F,15,0,15
Makinzie,F,88,0,88
Makisha,F,42,0,42
Makiya,F,1762,0,1762
Makiyah,F,2090,0,2090
Makoa,M,387,387,0
Makoto,M,128,128,0
Maks,M,10,10,0
Maksim,M,1293,1293,0
Maksym,M,107,107,0
Maksymilian,M,137,137,0
Makua,M,5,5,0
Makya,F,236,0,236
Makyah,F,27,0,27
Makye,M,10,10,0
Makyia,F,5,0,5
Makyla,F,1066,0,1066
Makylah,F,23,0,23
Makynlee,F,85,0,85
Makynli,F,18,0,18
Makynna,F,25,0,25
Makynzee,F,10,0,10
Makynzi,F,6,0,6
Makynzie,F,186,0,186
Mala,F,16,0,16
Malaak,F,15,0,15
Malacai,M,5,5,0
Malachai,M,170,170,0
Malachi,M,43562,43557,5
Malachy,M,58,58,0
Malai,F,5,0,5
Malaia,F,10,0,10
Malaika,F,675,0,675
Malaina,F,62,0,62
Malaiya,F,12,0,12
Malajah,F,5,0,5
Malak,F,1964,0,1964
Malakai,M,6039,6039,0
Malakhai,M,12,12,0
Malakhi,M,783,783,0
Malaki,M,2388,2388,0
Malakye,M,21,21,0
Malana,F,116,0,116
Malani,F,936,0,936
Malania,F,10,0,10
Malanie,F,50,0,50
Malarie,F,61,0,61
Malasia,F,53,0,53
Malaya,F,4236,0,4236
Malayah,F,1526,0,1526
Malayjah,F,10,0,10
Malayna,F,241,0,241
Malaysha,F,30,0,30
Malayshia,F,15,0,15
Malaysia,F,6437,0,6437
Malcolm,M,56152,56152,0
Malcom,M,1650,1650,0
Male,M,1355,1355,0
Malea,F,407,0,407
Maleah,F,5623,0,5623
Maleeha,F,5,0,5
Maleek,M,610,610,0
Maleeka,F,10,0,10
Maleena,F,108,0,108
Maleia,F,80,0,80
Maleiah,F,11,0,11
Maleigh,F,5,0,5
Maleigha,F,308,0,308
Maleik,M,20,20,0
Malek,M,1010,1010,0
Maleka,F,11,0,11
Maleko,M,5,5,0
Malena,F,1350,0,1350
Maleni,F,64,0,64
Maleny,F,189,0,189
Malerie,F,246,0,246
Maleya,F,35,0,35
Maleyah,F,62,0,62
Malgorzata,F,21,0,21
Mali,F,154,0,154
Malia,F,20115,0,20115
Maliah,F,2712,0,2712
Malibu,F,6,0,6
Malichi,M,11,11,0
Malick,M,63,63,0
Malie,F,73,0,73
Maliek,M,204,204,0
Maliha,F,428,0,428
Malik,M,41611,41605,6
Malika,F,2494,0,2494
Malikah,F,199,0,199
Malikai,M,269,269,0
Malike,M,11,11,0
Malikhi,M,5,5,0
Maliki,M,122,122,0
Malillany,F,49,0,49
Malin,F,75,0,75
Malina,F,1697,0,1697
Malinda,F,14711,0,14711
Malini,F,5,0,5
Maliq,M,57,57,0
Malique,M,766,766,0
Malisa,F,644,0,644
Malisha,F,16,0,16
Malissa,F,4781,0,4781
Malissia,F,5,0,5
Malissie,F,5,0,5
Maliya,F,910,0,910
Maliyah,F,9609,0,9609
Malka,F,4149,0,4149
Malke,F,30,0,30
Malkie,F,54,0,54
Malky,F,1705,0,1705
Mallary,F,47,0,47
Mallie,F,712,10,702
Mallika,F,21,0,21
Mallori,F,338,0,338
Mallorie,F,2195,0,2195
Mallory,F,52384,40,52344
Malo,M,6,6,0
Malone,F,8,0,8
Maloni,F,12,0,12
Maloree,F,10,0,10
Malori,F,93,0,93
Malorie,F,1666,0,1666
Malory,F,215,0,215
Malosi,M,5,5,0
Malta,F,17,0,17
Malvern,M,6,6,0
Malvery,F,11,0,11
Malvin,M,458,458,0
Malvina,F,270,0,270
Maly,F,37,0,37
Malya,F,5,0,5
Malyk,M,5,5,0
Malyn,F,5,0,5
Malynda,F,23,0,23
Malyssa,F,36,0,36
Mama,F,10,0,10
Mamadi,M,5,5,0
Mamadou,M,892,892,0
Mamady,M,5,5,0
Mame,F,94,0,94
Mamie,F,47244,0,47244
Mammie,F,956,0,956
Mamon,M,6,6,0
Mamoru,M,116,116,0
Mamye,F,5,0,5
Man,F,37,20,17
Mana,F,105,16,89
Manaal,F,6,0,6
Manabu,M,6,6,0
Manahil,F,31,0,31
Manaia,F,40,0,40
Manal,F,223,0,223
Manar,F,121,0,121
Manas,M,17,17,0
Manasa,F,17,0,17
Manases,M,12,12,0
Manasi,F,24,0,24
Manasvi,F,36,0,36
Manav,M,225,225,0
Manda,F,529,0,529
Mandalyn,F,5,0,5
Mandee,F,135,0,135
Mandeep,F,132,69,63
Mandel,M,5,5,0
Mandela,M,10,10,0
Mandi,F,7711,0,7711
Mandie,F,812,0,812
Mandisa,F,49,0,49
Mandy,F,36886,6,36880
Mane,F,32,0,32
Maneh,F,55,0,55
Manessa,F,7,0,7
Manette,F,5,0,5
Manford,M,156,156,0
Manfred,M,175,175,0
Manha,F,391,0,391
Maniah,F,11,0,11
Manish,M,50,50,0
Manisha,F,129,0,129
Maniya,F,47,0,47
Maniyah,F,121,0,121
Manjot,U,69,48,21
Mankirat,M,5,5,0
Manley,M,285,285,0
Manly,M,24,24,0
Manmeet,F,5,0,5
Mannat,F,157,0,157
Mannie,M,118,101,17
Manning,M,234,234,0
Mannix,M,26,26,0
Manny,M,1798,1798,0
Manoah,M,6,6,0
Manoj,M,5,5,0
Manolo,M,291,291,0
Manon,F,65,0,65
Manpreet,F,243,77,166
Manraj,M,121,121,0
Manreet,F,58,0,58
Manrique,M,5,5,0
Mansa,M,7,7,0
Mansfield,M,5,5,0
Mansi,F,105,0,105
Mansirat,F,5,0,5
Mansoor,M,5,5,0
Mansour,M,6,6,0
Mantas,M,5,5,0
Mantej,M,5,5,0
Manu,M,36,36,0
Manual,M,38,38,0
Manuel,M,176479,176059,420
Manuela,F,7775,5,7770
Manuelita,F,396,0,396
Manuelito,M,6,6,0
Manuella,F,34,0,34
Manveer,M,65,65,0
Manvi,F,5,0,5
Manvir,M,52,42,10
Manya,F,107,0,107
Mao,F,83,0,83
Maor,M,6,6,0
Maple,F,532,0,532
Mar,F,15,0,15
Mara,F,16198,0,16198
Maragret,F,5,0,5
Marah,F,613,0,613
Maral,F,82,0,82
Maralee,F,51,0,51
Maralyn,F,159,0,159
Maram,F,236,0,236
Maranda,F,9055,0,9055
Maraya,F,131,0,131
Marayah,F,31,0,31
Marbella,F,1043,0,1043
Marc,M,136407,136396,11
Marcanthony,M,684,684,0
Marcea,F,5,0,5
Marcedes,F,5,0,5
Marcee,F,17,0,17
Marceil,F,26,0,26
Marcel,M,12774,12747,27
Marcela,F,6004,0,6004
Marcelene,F,5,0,5
Marcelina,F,1488,0,1488
Marceline,F,1242,0,1242
Marcelino,M,4407,4407,0
Marcell,M,1725,1681,44
Marcella,F,56488,0,56488
Marcelle,F,1847,10,1837
Marcellina,F,5,0,5
Marcelline,F,67,0,67
Marcellino,M,6,6,0
Marcello,M,3050,3050,0
Marcellous,M,20,20,0
Marcellus,M,3031,3031,0
Marcelo,M,6848,6848,0
Marcelus,M,10,10,0
Marcelyn,F,15,0,15
Marcene,F,111,0,111
Marcey,F,135,0,135
Marche,F,10,0,10
Marchelle,F,147,0,147
Marchello,M,112,112,0
Marcheta,F,48,0,48
Marci,F,11023,0,11023
Marcia,F,128644,0,128644
Marcial,M,794,794,0
Marciana,F,6,0,6
Marciano,M,187,187,0
Marcie,F,11585,0,11585
Marcile,F,92,0,92
Marcille,F,56,0,56
Marcin,M,194,194,0
Marcine,F,21,0,21
Marcio,M,16,16,0
Marcjacob,M,5,5,0
Marck,M,122,122,0
Marco,M,66826,66787,39
Marcoantonio,M,914,914,0
Marcos,M,46039,46027,12
Marcua,M,5,5,0
Marcus,M,225308,225082,226
Marcuz,M,5,5,0
Marcy,F,17807,6,17801
Mardel,F,5,0,5
Mardell,F,544,0,544
Mardella,F,15,0,15
Mardelle,F,176,0,176
Mardi,F,70,0,70
Mardochee,M,5,5,0
Mare,M,5,5,0
Marea,F,5,0,5
Mareco,M,7,7,0
Mareena,F,19,0,19
Marek,M,1156,1156,0
Mareli,F,680,0,680
Marelie,F,6,0,6
Marelin,F,29,0,29
Marelly,F,9,0,9
Marely,F,2043,0,2043
Marelyn,F,188,0,188
Maren,F,5010,0,5010
Marena,F,137,0,137
Marene,F,5,0,5
Mareo,M,5,5,0
Maresa,F,22,0,22
Maressa,F,10,0,10
Maretta,F,5,0,5
Marfa,F,5,0,5
Margaree,F,101,0,101
Margaret,F,1129354,760,1128594
Margaretann,F,21,0,21
Margarete,F,244,0,244
Margaretmary,F,12,0,12
Margarett,F,2281,0,2281
Margaretta,F,691,0,691
Margarette,F,2736,0,2736
Margarit,F,5,0,5
Margarita,F,35008,32,34976
Margarite,F,155,0,155
Margarito,M,3752,3752,0
Margaux,F,1115,0,1115
Marge,F,1648,0,1648
Margeaux,F,32,0,32
Margene,F,371,0,371
Margeret,F,10,0,10
Margert,F,20,0,20
Margery,F,11487,0,11487
Marget,F,20,0,20
Margherita,F,303,0,303
Margia,F,5,0,5
Margie,F,99350,0,99350
Margit,F,11,0,11
Margo,F,18749,0,18749
Margorie,F,7,0,7
Margot,F,8287,0,8287
Margree,F,12,0,12
Margret,F,4432,0,4432
Margrett,F,212,0,212
Margretta,F,26,0,26
Margrette,F,65,0,65
Marguarite,F,5,0,5
Marguerita,F,90,0,90
Marguerite,F,73762,0,73762
Margueritte,F,74,0,74
Marguis,M,7,7,0
Marguita,F,143,0,143
Margulia,F,5,0,5
Margurette,F,10,0,10
Margurite,F,153,0,153
Margy,F,157,0,157
Mari,F,10529,0,10529
Maria,F,535284,2731,532553
Mariaangelica,F,5,0,5
Mariabelen,F,6,0,6
Mariaceleste,F,15,0,15
Mariaclara,F,70,0,70
Mariacristina,F,5,0,5
Mariade,F,25,0,25
Mariadejesus,F,320,0,320
Mariadel,F,10,0,10
Mariadelaluz,F,18,0,18
Mariadelcarmen,F,229,0,229
Mariadelosang,F,54,0,54
Mariadelosangel,F,5,0,5
Mariadelourdes,F,11,0,11
Mariaeduard,F,11,0,11
Mariaeduarda,F,125,0,125
Mariaelena,F,915,0,915
Mariaemilia,F,5,0,5
Mariaesther,F,5,0,5
Mariafernanda,F,604,0,604
Mariaguadalupe,F,421,0,421
Mariah,F,104326,7,104319
Mariaisabel,F,203,0,203
Mariajose,F,1273,0,1273
Mariali,F,6,0,6
Marializ,F,40,0,40
Marialuisa,F,198,0,198
Marialuiza,F,17,0,17
Marialy,F,8,0,8
Mariam,F,10378,0,10378
Mariama,F,754,0,754
Mariamawit,F,10,0,10
Mariame,F,49,0,49
Marian,F,129293,59,129234
Mariana,F,33103,10,33093
Mariane,F,22,0,22
Marianela,F,92,0,92
Mariangel,F,108,0,108
Mariangela,F,29,0,29
Mariann,F,4167,0,4167
Marianna,F,10827,0,10827
Marianne,F,59712,0,59712
Marianny,F,25,0,25
Mariano,M,5942,5942,0
Mariapaula,F,5,0,5
Mariateresa,F,51,0,51
Mariatheresa,F,5,0,5
Maribel,F,21517,73,21444
Maribell,F,143,0,143
Maribella,F,177,0,177
Maribelle,F,202,0,202
Maribeth,F,3392,0,3392
Marica,F,23,0,23
Maricar,F,7,0,7
Maricarmen,F,574,0,574
Marice,F,11,6,5
Maricel,F,82,0,82
Maricela,F,10924,5,10919
Maricelda,F,16,0,16
Maricella,F,936,0,936
Marico,M,87,87,0
Maricris,F,5,0,5
Maricruz,F,2043,0,2043
Maricsa,F,11,0,11
Maricus,M,10,10,0
Maridee,F,5,0,5
Marie,F,463434,183,463251
Mariel,F,3858,0,3858
Mariela,F,8766,5,8761
Mariele,F,5,0,5
Marielena,F,607,0,607
Marieli,F,17,0,17
Marielis,F,15,0,15
Mariella,F,1812,0,1812
Marielle,F,1954,0,1954
Mariellen,F,207,0,207
Mariely,F,355,0,355
Marielys,F,43,0,43
Mariem,F,5,0,5
Marieme,F,5,0,5
Marietta,F,9147,0,9147
Mariette,F,17,0,17
Marifer,F,116,0,116
Marigny,F,16,0,16
Marigold,F,115,0,115
Mariha,F,10,0,10
Marija,F,12,0,12
Marijane,F,138,0,138
Marijo,F,214,0,214
Marijose,F,32,0,32
Marika,F,527,0,527
Marikay,F,12,0,12
Mariko,F,438,0,438
Marilee,F,3926,0,3926
Marilena,F,46,0,46
Marili,F,58,0,58
Marilin,F,192,0,192
Marillyn,F,61,0,61
Marilou,F,1333,0,1333
Marilouise,F,13,0,13
Marilu,F,945,0,945
Mariluz,F,28,0,28
Marily,F,213,0,213
Marilyn,F,367450,95,367355
Marilyne,F,5,0,5
Marilynn,F,9321,0,9321
Marilynne,F,134,0,134
Marimar,F,151,0,151
Marin,F,3319,119,3200
Marina,F,31364,0,31364
Marinda,F,65,0,65
Marine,F,151,0,151
Marinell,F,7,0,7
Marines,F,6,0,6
Marinna,F,65,0,65
Marino,M,457,457,0
Marinus,M,42,42,0
Mario,M,141298,140940,358
Marioalberto,M,16,16,0
Marion,F,226704,63342,163362
Marionna,F,42,0,42
Marios,M,5,5,0
Maripaz,F,22,0,22
Mariposa,F,6,0,6
Maris,F,314,0,314
Marisa,F,45638,0,45638
Marisabel,F,129,0,129
Marisal,F,8,0,8
Marisel,F,70,0,70
Marisela,F,8353,5,8348
Mariselda,F,32,0,32
Marisella,F,41,0,41
Marisha,F,238,0,238
Mariska,F,189,0,189
Marisleysis,F,13,0,13
Marisol,F,30683,141,30542
Marison,F,5,0,5
Marissa,F,117388,42,117346
Marit,F,83,0,83
Marita,F,1579,0,1579
Maritere,F,14,0,14
Marites,F,22,0,22
Maritsa,F,342,0,342
Maritssa,F,11,0,11
Maritza,F,20416,23,20393
Marium,F,10,0,10
Marius,M,430,430,0
Mariusz,M,11,11,0
Marivel,F,1454,0,1454
Marivi,F,19,0,19
Marivic,F,5,0,5
Marixa,F,39,0,39
Mariya,F,928,0,928
Mariyah,F,4350,0,4350
Mariza,F,529,0,529
Marizela,F,6,0,6
Marizol,F,88,0,88
Marja,F,22,0,22
Marjan,F,17,0,17
Marjani,F,6,0,6
Marjean,F,263,0,263
Marji,F,5,0,5
Marjie,F,24,0,24
Marjo,F,12,0,12
Marjona,F,6,0,6
Marjorie,F,258365,10,258355
Marjory,F,4655,0,4655
Mark,M,1347631,1345794,1837
Marka,F,5,0,5
Markandrew,M,5,5,0
Markanthony,M,957,957,0
Markavion,M,5,5,0
Markavious,M,12,12,0
Markayla,F,1121,0,1121
Markee,M,18,18,0
Markeese,M,11,11,0
Markeisha,F,439,0,439
Markeith,M,549,549,0
Markel,M,2473,2473,0
Markell,M,2520,2520,0
Markella,F,5,0,5
Markeria,F,5,0,5
Markese,M,106,106,0
Markesha,F,201,0,201
Markeshia,F,54,0,54
Markesia,F,5,0,5
Marketa,F,38,0,38
Marketia,F,5,0,5
Marketta,F,25,0,25
Markevia,F,5,0,5
Markevion,M,5,5,0
Markevious,M,75,75,0
Markham,M,11,11,0
Marki,F,5,0,5
Markia,F,488,0,488
Markie,F,503,11,492
Markiesha,F,11,0,11
Markis,M,36,36,0
Markisha,F,229,0,229
Markita,F,1151,0,1151
Markiyah,F,5,0,5
Markjoseph,M,13,13,0
Marko,M,1865,1865,0
Markos,M,108,108,0
Markus,M,10300,10300,0
Marky,M,6,6,0
Marla,F,34764,0,34764
Marlaina,F,125,0,125
Marlaine,F,10,0,10
Marlan,M,27,27,0
Marlana,F,633,0,633
Marland,M,104,104,0
Marlane,F,151,0,151
Marlayna,F,17,0,17
Marlaysia,F,5,0,5
Marlea,F,5,0,5
Marlee,F,10073,0,10073
Marleen,F,1877,0,1877
Marleena,F,5,0,5
Marlei,F,51,0,51
Marleigh,F,2378,0,2378
Marlen,F,3789,21,3768
Marlena,F,7093,0,7093
Marlene,F,125721,15,125706
Marleni,F,202,0,202
Marlenne,F,163,0,163
Marleny,F,466,0,466
Marlet,F,6,0,6
Marley,F,23883,2302,21581
Marli,F,558,0,558
Marlie,F,1787,0,1787
Marlies,F,5,0,5
Marlin,M,15935,15531,404
Marlina,F,189,0,189
Marlinda,F,26,0,26
Marline,F,122,0,122
Marlis,F,129,0,129
Marlisa,F,30,0,30
Marlise,F,5,0,5
Marlisha,F,5,0,5
Marliss,F,7,0,7
Marlissa,F,17,0,17
Marlo,F,4604,689,3915
Marlon,M,25763,25763,0
Marlow,F,287,95,192
Marlowe,F,1161,104,1057
Marly,F,267,0,267
Marlyce,F,127,0,127
Marlyn,F,4477,1021,3456
Marlyne,F,20,0,20
Marlynn,F,31,0,31
Marlys,F,7508,0,7508
Marlyss,F,17,0,17
Marna,F,575,0,575
Marne,F,81,10,71
Marnee,F,26,0,26
Marney,F,15,0,15
Marni,F,1602,0,1602
Marnice,F,11,0,11
Marnie,F,3498,0,3498
Marnisha,F,5,0,5
Marnita,F,308,0,308
Marny,F,5,0,5
Marolyn,F,179,0,179
Marqavious,M,5,5,0
Marquan,M,749,749,0
Marquarius,M,5,5,0
Marquavion,M,7,7,0
Marquavious,M,358,358,0
Marquavis,M,10,10,0
Marquavius,M,113,113,0
Marque,M,85,85,0
Marquel,M,981,981,0
Marquell,M,332,332,0
Marquelle,F,10,5,5
Marquerite,F,10,0,10
Marques,M,5550,5550,0
Marquese,M,192,192,0
Marquesha,F,40,0,40
Marquetta,F,482,0,482
Marquette,M,209,194,15
Marquez,M,3703,3703,0
Marqui,F,5,0,5
Marquia,F,16,0,16
Marquice,M,106,106,0
Marquies,M,15,15,0
Marquis,M,21010,20998,12
Marquise,M,8294,8294,0
Marquisha,F,474,0,474
Marquita,F,8327,6,8321
Marquite,F,5,0,5
Marquitta,F,336,0,336
Marquize,M,5,5,0
Marqus,M,56,56,0
Marriah,F,81,0,81
Marrie,F,52,0,52
Marrio,M,21,21,0
Marrion,F,10,5,5
Marrisa,F,165,0,165
Marrissa,F,294,0,294
Marry,F,103,0,103
Mars,M,87,87,0
Marsalis,M,12,12,0
Marsean,M,26,26,0
Marsela,F,36,0,36
Marselino,M,33,33,0
Marsha,F,101214,0,101214
Marshae,F,51,0,51
Marshal,M,995,995,0
Marshall,M,84253,84226,27
Marshaun,M,221,221,0
Marshawn,M,1252,1252,0
Marshay,F,115,0,115
Marshel,M,10,10,0
Marshelia,F,5,0,5
Marshell,M,44,39,5
Marshelle,F,5,0,5
Marshon,M,81,81,0
Marshun,M,6,6,0
Marsi,F,38,0,38
Mart,M,27,27,0
Marta,F,12752,5,12747
Martavion,M,10,10,0
Martavious,M,696,696,0
Martavis,M,5,5,0
Martavius,M,258,258,0
Martel,M,466,466,0
Martell,M,1226,1226,0
Marten,M,5,5,0
Martese,M,23,23,0
Martez,M,2450,2450,0
Martha,F,491773,196,491577
Martharee,F,6,0,6
Marti,F,1428,0,1428
Martia,F,5,0,5
Martice,M,11,11,0
Martie,F,26,0,26
Martika,F,650,0,650
Martin,M,294722,294516,206
Martina,F,11548,5,11543
Martine,F,1100,21,1079
Martinez,M,42,42,0
Martinique,F,35,0,35
Martinjr,M,10,10,0
Martino,M,12,12,0
Martisha,F,10,0,10
Martiza,F,85,0,85
Martrell,M,48,48,0
Marty,M,29758,28224,1534
Martyna,F,96,0,96
Martynas,M,6,6,0
Marv,M,6,6,0
Marva,F,7666,0,7666
Marvel,F,2360,34,2326
Marvelene,F,5,0,5
Marveline,F,11,0,11
Marvell,M,148,148,0
Marvella,F,56,0,56
Marvelle,F,5,0,5
Marven,M,11,11,0
Marvene,F,5,0,5
Marvens,M,138,138,0
Marvie,F,5,0,5
Marvin,M,244352,244304,48
Marvine,F,32,0,32
Marvins,M,10,10,0
Marvion,M,5,5,0
Marvis,F,93,21,72
Marvyl,F,5,0,5
Marvyn,M,20,20,0
Marwa,F,775,0,775
Marwah,F,24,0,24
Marwan,M,156,156,0
Marwin,M,11,11,0
Marx,M,7,7,0
Mary,F,3748377,9638,3738739
Marya,F,208,0,208
Maryah,F,756,0,756
Maryalice,F,474,0,474
Maryam,F,6672,0,6672
Maryama,F,165,0,165
Maryan,F,135,0,135
Maryana,F,50,0,50
Maryann,F,56604,0,56604
Maryanna,F,245,0,245
Maryanne,F,9924,0,9924
Marybel,F,225,0,225
Marybell,F,46,0,46
Marybella,F,6,0,6
Marybelle,F,341,0,341
Marybeth,F,7199,0,7199
Marycarmen,F,102,0,102
Marycatherine,F,25,0,25
Maryclaire,F,15,0,15
Marycruz,F,213,0,213
Marye,F,102,0,102
Maryela,F,6,0,6
Maryelizabeth,F,287,0,287
Maryella,F,5,0,5
Maryellen,F,9573,0,9573
Maryetta,F,27,0,27
Maryfer,F,17,0,17
Maryfrances,F,35,0,35
Marygrace,F,359,0,359
Maryhelen,F,124,0,124
Maryjane,F,8994,0,8994
Maryjean,F,182,0,182
Maryjo,F,4486,0,4486
Marykate,F,784,0,784
Marykatherine,F,30,0,30
Marykathryn,F,10,0,10
Marykay,F,280,0,280
Maryl,F,6,0,6
Maryland,F,71,39,32
Marylee,F,667,0,667
Marylin,F,1683,0,1683
Maryln,F,15,0,15
Marylou,F,9743,0,9743
Marylouise,F,502,0,502
Marylu,F,98,0,98
Marylyn,F,1118,0,1118
Marylynn,F,365,0,365
Marylynne,F,5,0,5
Marymargaret,F,16,0,16
Maryn,F,886,0,886
Maryon,F,18,0,18
Marypat,F,11,0,11
Maryrose,F,558,0,558
Marysa,F,47,0,47
Maryse,F,5,0,5
Marysol,F,779,0,779
Maryssa,F,576,0,576
Marysue,F,16,0,16
Marytheresa,F,10,0,10
Marytza,F,11,0,11
Maryum,F,5,0,5
Marzell,F,16,0,16
Mas,M,5,5,0
Masa,F,11,0,11
Masaaki,M,5,5,0
Masae,F,114,0,114
Masaharu,M,6,6,0
Masai,M,22,22,0
Masaichi,M,136,136,0
Masaji,M,34,34,0
Masakatsu,M,5,5,0
Masaki,M,5,5,0
Masako,F,684,0,684
Masami,M,215,215,0
Masanobu,M,17,17,0
Masanori,M,21,21,0
Masao,M,876,876,0
Masaru,M,369,369,0
Masashi,M,48,48,0
Masato,M,240,240,0
Masatoshi,M,13,13,0
Masaye,F,13,0,13
Masayo,F,57,0,57
Masayoshi,M,91,91,0
Masayuki,M,140,140,0
Mase,M,5,5,0
Masen,M,1445,1445,0
Masha,F,10,0,10
Mashawn,F,5,0,5
Mashayla,F,5,0,5
Masiah,M,115,115,0
Masiel,F,24,0,24
Masiya,F,5,0,5
Masiyah,F,16,0,16
Mason,M,267622,266232,1390
Masood,M,5,5,0
Massiah,M,259,259,0
Massie,M,11,11,0
Massiel,F,325,0,325
Massimiliano,M,28,28,0
Massimo,M,1569,1569,0
Masson,M,5,5,0
Masud,M,14,14,0
Masue,F,18,0,18
Masuma,F,5,0,5
Masuo,M,13,13,0
Masyn,M,376,315,61
Mat,M,10,10,0
Matai,M,53,53,0
Mataio,M,8,8,0
Matalie,F,7,0,7
Matalyn,F,5,0,5
Matan,M,217,217,0
Matas,M,50,50,0
Mataya,F,128,0,128
Matea,F,87,0,87
Mateen,M,136,136,0
Mateo,M,45694,45694,0
Mates,M,11,11,0
Mateus,M,218,218,0
Mateusz,M,798,798,0
Matha,F,5,0,5
Mathayus,M,5,5,0
Mathea,F,5,0,5
Matheo,M,398,398,0
Mather,M,5,5,0
Matheus,M,757,757,0
Mathew,M,69513,69513,0
Mathews,M,19,19,0
Mathhew,M,7,7,0
Mathias,M,5338,5338,0
Mathieu,M,668,668,0
Mathilda,F,2115,0,2115
Mathilde,F,205,0,205
Mathis,M,362,362,0
Matiana,F,10,0,10
Matias,M,8011,8011,0
Matilda,F,18238,0,18238
Matilde,F,1755,148,1607
Matilyn,F,72,0,72
Matin,M,17,17,0
Matina,F,5,0,5
Matis,M,11,11,0
Matison,F,5,0,5
Matisse,F,45,22,23
Matisyahu,M,10,10,0
Matix,M,241,241,0
Matline,F,5,0,5
Mato,M,5,5,0
Matraca,F,5,0,5
Matsue,F,137,0,137
Matsuichi,M,5,5,0
Matsuko,F,80,0,80
Matsuo,M,16,16,0
Matsuye,F,6,0,6
Matsuyo,F,14,0,14
Matt,M,18027,18027,0
Mattea,F,358,0,358
Matteo,M,13475,13475,0
Matteus,M,11,11,0
Mattew,M,99,99,0
Mattheus,M,6,6,0
Matthew,M,1588944,1585662,3282
Matthewjames,M,11,11,0
Matthewjoseph,M,5,5,0
Matthews,M,113,113,0
Matthias,M,5064,5064,0
Matthieu,M,125,125,0
Matti,F,15,0,15
Mattia,M,15,15,0
Mattias,M,622,622,0
Mattie,F,91051,39,91012
Mattilyn,F,23,0,23
Mattilynn,F,5,0,5
Mattingly,F,5,0,5
Mattis,M,42,42,0
Mattison,F,801,0,801
Mattix,M,60,60,0
Mattox,M,69,69,0
Matty,F,147,7,140
Mattye,F,24,0,24
Matvey,M,24,24,0
Maud,F,2168,0,2168
Maude,F,12871,0,12871
Maudell,F,84,0,84
Maudie,F,6646,0,6646
Maudine,F,329,0,329
Maudrey,F,16,0,16
Maudry,F,164,0,164
Mauel,M,5,5,0
Maui,M,9,9,0
Maura,F,15320,0,15320
Maureen,F,139817,10,139807
Maurene,F,5,0,5
Mauri,F,11,0,11
Maurice,M,127853,127258,595
Mauricia,F,23,0,23
Mauricio,M,18850,18850,0
Maurilio,M,285,285,0
Maurine,F,5301,0,5301
Maurion,M,20,20,0
Maurisio,M,50,50,0
Maurissa,F,41,0,41
Maurita,F,5,0,5
Maurizio,M,78,78,0
Mauro,M,3839,3839,0
Maury,M,382,382,0
Maven,F,93,23,70
Maveric,M,20,20,0
Maverick,M,18665,18654,11
Maverik,M,98,98,0
Mavis,F,15677,5,15672
Mavrick,M,144,144,0
Mavrik,M,10,10,0
Max,M,141950,141909,41
Maxamillion,M,10,10,0
Maxcine,F,189,0,189
Maxemiliano,M,101,101,0
Maxen,M,54,54,0
Maxene,F,15,0,15
Maxfield,M,140,140,0
Maxi,F,11,6,5
Maxie,F,3963,2136,1827
Maxiel,F,5,0,5
Maxim,M,4176,4176,0
Maxima,F,5,0,5
Maxime,M,246,246,0
Maximiano,M,5,5,0
Maximili,M,5,5,0
Maximilian,M,12588,12588,0
Maximiliano,M,12633,12633,0
Maximilien,M,35,35,0
Maximillan,M,5,5,0
Maximillian,M,3455,3455,0
Maximilliano,M,192,192,0
Maximillion,M,57,57,0
Maximina,F,37,0,37
Maximino,M,857,857,0
Maximo,M,4414,4414,0
Maximos,M,86,86,0
Maximus,M,23283,23283,0
Maxine,F,106542,0,106542
Maxmillian,M,5,5,0
Maxon,M,250,250,0
Maxson,M,143,143,0
Maxton,M,2047,2047,0
Maxwell,M,85476,85431,45
Maxx,M,1850,1850,0
Maxximus,M,37,37,0
Maxymilian,M,5,5,0
May,F,25101,0,25101
Maya,F,89959,8,89951
Mayah,F,1228,0,1228
Mayalen,F,6,0,6
Mayan,F,19,5,14
Mayank,M,5,5,0
Mayar,F,169,0,169
Mayara,F,5,0,5
Maybell,F,413,0,413
Maybelle,F,1765,0,1765
Maybelline,F,38,0,38
Maybree,F,30,0,30
Maycee,F,1112,0,1112
Mayci,F,30,0,30
Maycie,F,268,0,268
Mayda,F,70,0,70
Maydeen,F,5,0,5
Maydell,F,49,0,49
Maye,F,106,0,106
Mayela,F,380,0,380
Mayeli,F,212,0,212
Mayer,M,1275,1275,0
Mayerli,F,26,0,26
Mayerly,F,19,0,19
Mayford,M,73,73,0
Mayfred,F,5,0,5
Maygan,F,37,0,37
Maygen,F,6,0,6
Maykel,M,5,5,0
Mayla,F,161,0,161
Maylani,F,118,0,118
Maylea,F,10,0,10
Maylee,F,1745,0,1745
Mayleen,F,295,0,295
Mayleigh,F,64,0,64
Maylen,F,163,0,163
Maylene,F,204,0,204
Mayli,F,29,0,29
Maylie,F,36,0,36
Maylin,F,1186,0,1186
Mayline,F,19,0,19
Mayling,F,5,0,5
Maylyn,F,18,0,18
Maylynn,F,18,0,18
Mayme,F,3348,0,3348
Maymie,F,137,0,137
Maynard,M,10379,10379,0
Maynor,M,207,207,0
Mayo,M,59,59,0
Mayola,F,167,0,167
Mayra,F,30594,233,30361
Mayraalejandra,F,36,0,36
Mayrani,F,29,0,29
Mayrin,F,544,0,544
Mays,M,5,5,0
Maysa,F,48,0,48
Maysel,F,69,0,69
Maysen,F,63,35,28
Mayson,M,2341,2210,131
Maytal,F,7,0,7
Mayte,F,2008,0,2008
Maytte,F,8,0,8
Mayumi,F,98,0,98
Mayuri,F,5,0,5
Mayvis,F,5,0,5
Mayzie,F,55,0,55
Mazal,F,74,0,74
Mazel,F,45,0,45
Mazell,F,15,0,15
Mazelle,F,11,0,11
Mazen,M,198,198,0
Mazi,M,5,5,0
Mazie,F,3338,0,3338
Mazin,M,23,23,0
Maziyah,F,15,0,15
Mazzie,F,5,0,5
Mazzy,F,150,0,150
Mc,F,130,0,130
Mcadoo,M,5,5,0
Mcarther,M,12,12,0
Mcarthur,M,1086,1086,0
Mccall,F,373,0,373
Mcclinton,M,6,6,0
Mccoy,M,908,908,0
Mccrae,M,5,5,0
Mcdonald,M,37,37,0
Mcgwire,M,5,5,0
Mckade,M,93,93,0
Mckaela,F,5,0,5
Mckala,F,5,0,5
Mckall,F,5,0,5
Mckay,M,1258,1252,6
Mckayla,F,11127,0,11127
Mckaylah,F,5,0,5
Mckaylee,F,63,0,63
Mckaylynn,F,5,0,5
Mckell,F,295,0,295
Mckelle,F,34,0,34
Mckenize,F,5,0,5
Mckenleigh,F,6,0,6
Mckenna,F,35144,10,35134
Mckennah,F,11,0,11
Mckensie,F,30,0,30
Mckenzee,F,69,0,69
Mckenzey,F,5,0,5
Mckenzi,F,459,0,459
Mckenzie,F,56285,509,55776
Mckenzy,F,45,0,45
Mckenzye,F,5,0,5
Mckinlee,F,284,0,284
Mckinleigh,F,11,0,11
Mckinley,F,12124,4336,7788
Mckinnley,F,5,0,5
Mckinsey,F,94,0,94
Mckinzee,F,5,0,5
Mckinzie,F,289,0,289
Mckinzy,F,6,0,6
Mckoy,M,28,28,0
Mckynlee,F,54,0,54
Mckynna,F,5,0,5
Mckynzie,F,61,0,61
Mcneva,F,5,0,5
Md,M,156,156,0
Mea,F,323,0,323
Meade,M,31,31,0
Meadow,F,4847,0,4847
Meagan,F,39715,0,39715
Meagen,F,288,0,288
Meaghan,F,12000,6,11994
Meaghen,F,6,0,6
Meagon,F,5,0,5
Meah,F,476,0,476
Meara,F,118,0,118
Mearl,M,78,78,0
Mecca,F,705,22,683
Mechel,M,114,114,0
Mechele,F,56,0,56
Mechell,F,5,0,5
Mechelle,F,2274,0,2274
Meda,F,81,0,81
Medard,M,5,5,0
Medardo,M,23,23,0
Medford,M,15,15,0
Medgar,M,5,5,0
Medha,F,235,0,235
Medhansh,M,5,5,0
Medina,F,387,0,387
Mee,F,155,0,155
Meegan,F,113,0,113
Meeka,F,5,0,5
Meela,F,33,0,33
Meelad,M,6,6,0
Meelah,F,10,0,10
Meena,F,276,0,276
Meenakshi,F,20,0,20
Meera,F,1288,0,1288
Meerab,F,18,0,18
Meesha,F,5,0,5
Meeya,F,5,0,5
Meg,F,2327,0,2327
Megan,F,435337,235,435102
Meganelizabeth,F,5,0,5
Megann,F,39,0,39
Megen,F,17,0,17
Meggan,F,1219,0,1219
Meggie,F,23,0,23
Meggin,F,5,0,5
Megha,F,283,0,283
Meghaan,F,5,0,5
Meghan,F,93035,18,93017
Meghana,F,235,0,235
Meghann,F,2356,0,2356
Meghin,F,10,0,10
Meghna,F,131,0,131
Megin,F,5,0,5
Megumi,F,95,0,95
Megyn,F,17,0,17
Mehak,F,60,0,60
Mehana,F,24,0,24
Mehar,F,65,0,65
Mehdi,M,123,123,0
Mehek,F,5,0,5
Meher,F,91,0,91
Mehgan,F,34,0,34
Mehjabeen,F,5,0,5
Mehki,M,518,518,0
Mehmet,M,112,112,0
Mehr,F,6,0,6
Mehran,M,5,5,0
Mehreen,F,12,0,12
Mehtab,M,52,52,0
Mei,F,396,0,396
Meichele,F,5,0,5
Meighan,F,25,0,25
Meika,F,10,0,10
Meila,F,15,0,15
Meilan,F,5,0,5
Meilani,F,895,0,895
Meilany,F,8,0,8
Meilech,M,131,131,0
Meili,F,22,0,22
Meilich,M,12,12,0
Meiling,F,10,0,10
Meily,F,10,0,10
Meilyn,F,5,0,5
Meir,M,2254,2254,0
Meira,F,364,0,364
Meirav,F,5,0,5
Meisha,F,71,0,71
Meka,F,16,0,16
Mekai,M,15,15,0
Mekayla,F,480,0,480
Mekenna,F,24,0,24
Mekenzie,F,144,0,144
Mekesha,F,5,0,5
Mekhai,M,42,42,0
Mekhi,M,9302,9302,0
Meklit,F,56,0,56
Mel,M,1263,1236,27
Mela,F,138,0,138
Melaina,F,119,0,119
Melaine,F,394,0,394
Melana,F,29,0,29
Melane,F,18,0,18
Melanee,F,90,0,90
Melaney,F,103,0,103
Melani,F,1860,0,1860
Melania,F,1047,0,1047
Melanie,F,242100,34,242066
Melanieann,F,5,0,5
Melannie,F,705,0,705
Melanny,F,357,0,357
Melany,F,10662,0,10662
Melanye,F,34,0,34
Melayna,F,25,0,25
Melaysia,F,5,0,5
Melba,F,30970,0,30970
Melbourne,M,120,120,0
Melburn,M,12,12,0
Melchor,M,288,288,0
Melchora,F,5,0,5
Melda,F,165,0,165
Mele,F,428,0,428
Melea,F,15,0,15
Meleah,F,87,0,87
Meleana,F,9,0,9
Meleane,F,5,0,5
Melecio,M,52,52,0
Meleena,F,5,0,5
Melena,F,99,0,99
Meleni,F,5,0,5
Melenie,F,225,0,225
Meleny,F,232,0,232
Melessa,F,5,0,5
Melford,M,59,59,0
Melia,F,1943,0,1943
Meliah,F,78,0,78
Melida,F,117,0,117
Melik,M,26,26,0
Melika,F,15,0,15
Melina,F,13094,0,13094
Melinda,F,131807,0,131807
Meline,F,13,0,13
Melinna,F,42,0,42
Melio,M,5,5,0
Melis,F,5,0,5
Melisa,F,15757,0,15757
Melisha,F,83,0,83
Meliss,F,5,0,5
Melissa,F,750638,1019,749619
Melissaann,F,33,0,33
Melissia,F,574,0,574
Melita,F,55,0,55
Meliton,M,122,122,0
Melitza,F,5,0,5
Meliyah,F,12,0,12
Meliza,F,375,0,375
Melizza,F,10,0,10
Mell,M,17,17,0
Mellanie,F,133,0,133
Mellany,F,25,0,25
Mellie,F,208,0,208
Mellisa,F,2375,0,2375
Mellissa,F,3267,0,3267
Mellody,F,35,0,35
Melodee,F,679,0,679
Melodi,F,135,0,135
Melodie,F,5939,0,5939
Melody,F,92049,0,92049
Melodye,F,139,0,139
Melonee,F,6,0,6
Meloney,F,21,0,21
Melonie,F,2524,0,2524
Melony,F,1755,0,1755
Melquan,M,87,87,0
Melquiades,M,19,19,0
Melrose,F,96,0,96
Melroy,M,10,10,0
Melton,M,1809,1809,0
Melva,F,9872,0,9872
Melveen,F,5,0,5
Melverine,F,6,0,6
Melvia,F,34,0,34
Melville,M,377,377,0
Melvin,M,235307,235079,228
Melvina,F,1690,0,1690
Melvis,F,5,0,5
Melvyn,M,2182,2182,0
Melyna,F,20,0,20
Melynda,F,727,0,727
Melysa,F,5,0,5
Melyssa,F,673,0,673
Memory,F,81,0,81
Memphis,M,4564,4258,306
Mena,F,110,13,97
Menaal,F,11,0,11
Menachem,M,4617,4617,0
Menasha,M,5,5,0
Menashe,M,218,218,0
Mendel,M,1565,1565,0
Mendi,F,77,0,77
Mendy,F,1447,436,1011
Meng,M,363,357,6
Menna,F,5,0,5
Mennie,F,125,0,125
Menno,M,170,170,0
Menucha,F,188,0,188
Meosha,F,43,0,43
Meoshia,F,5,0,5
Meranda,F,1168,0,1168
Merari,F,558,0,558
Merary,F,137,0,137
Mercades,F,33,0,33
Mercadies,F,5,0,5
Merced,M,329,269,60
Mercede,F,18,0,18
Mercedes,F,39647,47,39600
Mercedez,F,1346,0,1346
Mercer,M,102,102,0
Merci,F,28,0,28
Mercie,F,12,0,12
Mercy,F,4732,0,4732
Merdis,F,11,0,11
Meredith,F,70149,1243,68906
Merelyn,F,12,0,12
Mergim,M,5,5,0
Meri,F,476,0,476
Meriah,F,86,0,86
Meriam,F,104,0,104
Meribeth,F,21,0,21
Merida,F,269,0,269
Merideth,F,153,0,153
Meridian,F,5,0,5
Meridith,F,643,0,643
Merik,M,16,16,0
Merikay,F,5,0,5
Merilee,F,161,0,161
Merilyn,F,342,0,342
Merina,F,32,0,32
Merisa,F,30,0,30
Merissa,F,1553,0,1553
Merit,F,5,0,5
Merita,F,111,0,111
Merl,M,610,610,0
Merla,F,5,0,5
Merle,U,35321,25291,10030
Merlene,F,531,0,531
Merlie,F,5,0,5
Merlin,M,10238,10153,85
Merlina,F,29,0,29
Merlinda,F,93,0,93
Merline,F,267,0,267
Merly,F,11,0,11
Merlyn,M,1845,1750,95
Merna,F,517,0,517
Meron,F,15,0,15
Merrell,M,5,5,0
Merri,F,1237,0,1237
Merrick,M,1713,1707,6
Merrie,F,747,0,747
Merrik,M,6,6,0
Merril,U,43,28,15
Merrilee,F,554,0,554
Merrill,M,8156,7887,269
Merrily,F,387,0,387
Merrilyn,F,16,0,16
Merritt,U,1847,1364,483
Merry,F,6170,0,6170
Merryl,F,95,0,95
Mersades,F,10,0,10
Mersadies,F,5,0,5
Mert,M,44,44,0
Mertha,F,7,0,7
Mertice,F,10,0,10
Mertie,F,95,0,95
Mertis,F,14,0,14
Merton,M,1854,1854,0
Merve,F,11,0,11
Mervin,M,7071,7065,6
Mervyn,M,338,338,0
Merwin,M,271,271,0
Merwyn,M,46,46,0
Mery,F,5,0,5
Meryem,F,59,0,59
Meryl,F,2446,10,2436
Meryle,F,20,0,20
Mesha,F,154,0,154
Meshach,M,25,25,0
Meshell,F,10,0,10
Meshelle,F,5,0,5
Meshilem,M,17,17,0
Meshulem,M,51,51,0
Mesiah,M,11,11,0
Messi,M,5,5,0
Messiah,M,10772,10529,243
Meta,F,1072,0,1072
Metro,M,329,329,0
Metta,F,12,0,12
Mettie,F,15,0,15
Metzli,F,96,0,96
Metztli,F,85,0,85
Meuy,F,17,0,17
Mey,F,5,0,5
Meya,F,96,0,96
Meyah,F,32,0,32
Meyer,M,2953,2946,7
Meygan,F,12,0,12
Meylin,F,21,0,21
Meztli,F,101,0,101
Mher,M,16,16,0
Mi,F,159,0,159
Mia,F,214665,25,214640
Miaa,F,25,0,25
Miabella,F,855,0,855
Miah,F,6083,0,6083
Miaisabella,F,5,0,5
Mialani,F,23,0,23
Mialynn,F,5,0,5
Miamor,F,54,0,54
Miana,F,16,0,16
Miangel,F,252,0,252
Mianna,F,26,0,26
Miarose,F,43,0,43
Miasia,F,43,0,43
Miaya,F,5,0,5
Mica,F,532,26,506
Micaela,F,10495,0,10495
Micaella,F,6,0,6
Micah,M,97378,87952,9426
Micahel,M,420,420,0
Micaiah,U,1037,795,242
Micala,F,6,0,6
Micalah,F,5,0,5
Micayla,F,1195,0,1195
Micel,F,5,0,5
Micha,F,90,36,54
Michael,M,4354622,4337408,17214
Michaela,F,47011,5,47006
Michaelangelo,M,548,548,0
Michaelann,F,5,0,5
Michaelanthony,M,162,162,0
Michaele,F,347,0,347
Michaeleen,F,11,0,11
Michaelene,F,477,0,477
Michaelina,F,5,0,5
Michaeline,F,158,0,158
Michaeljames,M,14,14,0
Michaeljohn,M,21,21,0
Michaeljoseph,M,5,5,0
Michaella,F,689,0,689
Michaelle,F,154,0,154
Michaelvincent,M,12,12,0
Michaelyn,F,5,0,5
Michaila,F,10,0,10
Michal,F,2296,1059,1237
Michala,F,465,0,465
Michale,M,959,959,0
Michalene,F,31,0,31
Micharl,M,5,5,0
Michayla,F,282,0,282
Micheal,M,150454,150194,260
Micheala,F,238,0,238
Michel,M,7055,5766,1289
Michela,F,616,0,616
Michelangelo,M,312,312,0
Michele,F,221759,942,220817
Michelena,F,12,0,12
Michelene,F,82,0,82
Michelina,F,898,0,898
Micheline,F,233,0,233
Michell,F,4377,16,4361
Michella,F,53,0,53
Michelle,F,809581,1517,808064
Michelleann,F,5,0,5
Michellee,F,5,0,5
Michi,F,23,0,23
Michiah,F,5,0,5
Michial,M,71,71,0
Michie,F,59,0,59
Michiel,M,69,69,0
Michiko,F,446,0,446
Michio,M,20,20,0
Michiye,F,5,0,5
Michoel,M,31,31,0
Michon,F,28,0,28
Mick,M,188,188,0
Mickael,M,46,46,0
Mickaela,F,29,0,29
Mickala,F,11,0,11
Mickayla,F,652,0,652
Mickeal,M,17,17,0
Mickel,M,153,153,0
Mickenzie,F,15,0,15
Mickey,M,24859,21986,2873
Micki,F,570,0,570
Mickie,F,1073,10,1063
Micky,M,331,316,15
Micole,F,67,0,67
Midge,F,36,0,36
Midori,F,373,0,373
Mieczyslaw,M,21,21,0
Mieko,F,91,0,91
Miesha,F,1107,0,1107
Mieshia,F,5,0,5
Miette,F,11,0,11
Migdalia,F,3414,0,3414
Migel,M,739,739,0
Migna,F,5,0,5
Mignon,F,221,0,221
Miguel,M,171901,171501,400
Miguelangel,M,2625,2625,0
Miguelina,F,129,0,129
Mihika,F,140,0,140
Mihir,M,498,498,0
Mihira,F,11,0,11
Mihran,M,19,19,0
Miia,F,20,0,20
Mija,F,5,0,5
Mika,F,2911,115,2796
Mikaeel,M,23,23,0
Mikael,M,2134,2134,0
Mikaela,F,16049,0,16049
Mikaella,F,105,0,105
Mikah,M,1327,1040,287
Mikai,M,103,103,0
Mikail,M,142,142,0
Mikaila,F,979,0,979
Mikal,M,986,976,10
Mikala,F,2293,0,2293
Mikalah,F,333,0,333
Mikalyn,F,5,0,5
Mikaya,F,15,0,15
Mikayla,F,51755,0,51755
Mikaylah,F,506,0,506
Mike,M,197845,197806,39
Mikea,F,5,0,5
Mikeal,M,173,173,0
Mikeila,F,5,0,5
Mikeisha,F,7,0,7
Mikel,M,6215,6198,17
Mikela,F,71,0,71
Mikell,U,174,125,49
Mikelle,F,143,0,143
Mikenna,F,96,0,96
Mikenzie,F,103,0,103
Mikeria,F,14,0,14
Mikesha,F,7,0,7
Mikeshia,F,5,0,5
Mikey,M,237,237,0
Mikeyla,F,22,0,22
Mikhael,M,145,145,0
Mikhaela,F,11,0,11
Mikhail,M,1575,1575,0
Mikhaila,F,41,0,41
Miki,F,327,0,327
Mikia,F,43,0,43
Mikiala,F,5,0,5
Mikie,M,5,5,0
Miking,M,53,53,0
Mikio,M,11,11,0
Mikiya,F,5,0,5
Mikiyah,F,19,0,19
Mikkel,M,26,26,0
Mikki,F,225,0,225
Mikko,M,101,101,0
Miklo,M,10,10,0
Miklos,M,5,5,0
Miko,F,92,54,38
Mikolaj,M,59,59,0
Miku,F,12,0,12
Mikyla,F,161,0,161
Mila,F,31017,0,31017
Milad,M,98,98,0
Miladie,F,5,0,5
Milady,F,29,0,29
Milagro,F,553,6,547
Milagros,F,7889,0,7889
Milah,F,836,0,836
Milam,M,21,21,0
Milan,F,11702,6722,4980
Milana,F,3082,0,3082
Milani,F,2466,0,2466
Milania,F,2022,0,2022
Milanie,F,13,0,13
Milany,F,7,0,7
Milarain,F,8,0,8
Milarose,F,5,0,5
Milas,M,20,20,0
Milbert,M,79,79,0
Milburn,M,680,680,0
Milca,F,140,0,140
Milda,F,17,0,17
Mildred,F,394936,120,394816
Mileah,F,7,0,7
Milee,F,72,0,72
Mileena,F,474,0,474
Mileidy,F,22,0,22
Mileigh,F,5,0,5
Milena,F,3346,0,3346
Milenia,F,6,0,6
Milenka,F,5,0,5
Miles,M,71899,71894,5
Miley,F,10712,0,10712
Mileydi,F,11,0,11
Milford,M,4539,4539,0
Mili,F,60,0,60
Miliana,F,168,0,168
Miliani,F,107,0,107
Miliano,M,18,18,0
Milica,F,15,0,15
Mililani,F,5,0,5
Milinda,F,25,0,25
Milissa,F,1239,0,1239
Milka,F,33,0,33
Milla,F,921,0,921
Millard,M,11560,11560,0
Milledge,M,21,21,0
Millen,M,5,5,0
Millenia,F,6,0,6
Miller,M,3328,3128,200
Millette,F,24,0,24
Milli,F,13,0,13
Milliana,F,54,0,54
Millicent,F,5564,0,5564
Millie,F,19314,5,19309
Mills,F,10,5,5
Milly,F,637,0,637
Milo,M,16329,16329,0
Miloh,M,5,5,0
Milos,M,15,15,0
Milta,F,39,0,39
Milton,M,107427,107415,12
Mily,F,92,0,92
Milynn,F,11,0,11
Mima,F,24,0,24
Mimi,F,3185,0,3185
Min,U,50,38,12
Mina,F,7944,179,7765
Minah,F,5,0,5
Minahil,F,49,0,49
Minami,F,16,0,16
Minda,F,61,0,61
Mindee,F,45,0,45
Mindel,F,61,0,61
Mindi,F,2414,0,2414
Mindie,F,15,0,15
Mindy,F,39298,0,39298
Mineola,F,11,0,11
Minerva,F,9098,0,9098
Minette,F,14,0,14
Ming,M,53,41,12
Mingo,M,12,12,0
Minh,M,869,805,64
Minha,F,24,0,24
Minka,F,38,0,38
Minna,F,498,0,498
Minnah,F,15,0,15
Minnette,F,10,0,10
Minnie,F,89272,20,89252
Minnis,M,5,5,0
Minor,M,76,76,0
Minoru,M,574,574,0
Minos,M,10,10,0
Minsa,F,6,0,6
Minta,F,35,0,35
Minter,M,6,6,0
Mio,F,18,0,18
Miosotis,F,21,0,21
Miqueas,M,10,10,0
Miquel,M,462,462,0
Miquela,F,26,0,26
Miquelle,F,5,0,5
Mir,M,20,20,0
Mira,F,6297,0,6297
Mirabai,F,5,0,5
Mirabel,F,83,0,83
Mirabella,F,214,0,214
Mirabelle,F,317,0,317
Miracle,F,13696,11,13685
Mirai,F,11,0,11
Miraj,M,6,6,0
Mirakle,F,5,0,5
Miral,F,16,0,16
Miranda,F,108194,0,108194
Mirasol,F,5,0,5
Miraya,F,91,0,91
Mirca,F,5,0,5
Mireille,F,77,0,77
Mirel,F,399,0,399
Mirella,F,1796,0,1796
Mirely,F,10,0,10
Mireya,F,6818,0,6818
Mireyah,F,10,0,10
Miri,F,217,0,217
Miriah,F,468,0,468
Miriam,F,99882,24,99858
Mirian,F,1557,0,1557
Mirielle,F,31,0,31
Mirka,F,288,0,288
Mirlande,F,11,0,11
Mirna,F,2649,0,2649
Miro,M,25,25,0
Miron,M,27,27,0
Miroslav,M,5,5,0
Miroslava,F,251,0,251
Mirriam,F,6,0,6
Mirta,F,314,0,314
Mirtha,F,94,0,94
Miryam,F,200,0,200
Mirza,F,31,16,15
Misa,F,90,0,90
Misae,F,11,0,11
Misael,M,6337,6337,0
Misaki,F,19,0,19
Misako,F,21,0,21
Misao,F,241,0,241
Misayo,F,6,0,6
Mischa,F,389,10,379
Mischelle,F,127,0,127
Misel,F,5,0,5
Misha,F,1356,32,1324
Mishael,M,10,10,0
Mishel,F,12,0,12
Mishell,F,5,0,5
Mishelle,F,99,0,99
Mishika,F,61,0,61
Mishka,F,88,0,88
Misk,F,5,0,5
Miski,F,10,0,10
Missael,M,140,140,0
Missi,F,5,0,5
Missie,F,20,0,20
Missouri,F,129,0,129
Missy,F,3381,0,3381
Mistee,F,5,0,5
Mistelle,F,11,0,11
Mister,M,52,52,0
Misti,F,6440,0,6440
Mistica,F,6,0,6
Mistie,F,832,0,832
Misty,F,82202,19,82183
Misue,F,5,0,5
Mitali,F,10,0,10
Mitch,M,2691,2691,0
Mitchel,M,7873,7873,0
Mitchell,M,157793,157717,76
Mitchelle,F,36,0,36
Mithra,F,28,0,28
Mithran,M,27,27,0
Mitra,F,35,0,35
Mitsue,F,309,0,309
Mitsugi,M,42,42,0
Mitsuko,F,468,0,468
Mitsuo,M,444,444,0
Mitsuru,M,91,86,5
Mitsuye,F,68,0,68
Mitsuyo,F,19,0,19
Mitsy,F,7,0,7
Mittie,F,2757,0,2757
Mitzi,F,9684,0,9684
Mitzie,F,203,0,203
Mitzy,F,377,0,377
Miu,F,5,0,5
Mixtli,F,16,0,16
Miya,F,4577,0,4577
Miyah,F,1590,0,1590
Miyako,F,30,0,30
Miyana,F,16,0,16
Miyani,F,5,0,5
Miyanna,F,10,0,10
Miye,F,5,0,5
Miyeko,F,50,0,50
Miyisha,F,5,0,5
Miyo,F,13,0,13
Miyoko,F,378,0,378
Miyonna,F,6,0,6
Miyoshi,F,10,0,10
Miyu,F,23,0,23
Miyuki,F,40,0,40
Mizael,M,151,151,0
Mizell,M,5,5,0
Mizraim,M,5,5,0
Mizuki,F,20,0,20
Mj,M,5,5,0
Mkayla,F,49,0,49
Mliss,F,5,0,5
Moana,F,228,0,228
Moani,F,5,0,5
Modean,F,74,0,74
Modell,F,8,0,8
Modelle,F,14,0,14
Modena,F,113,0,113
Modene,F,23,0,23
Modesta,F,634,0,634
Modestine,F,51,0,51
Modesto,M,1244,1244,0
Modesty,F,15,0,15
Modine,F,5,0,5
Moe,M,370,370,0
Moesha,F,795,0,795
Moeshia,F,5,0,5
Moet,F,29,0,29
Mohamad,M,1999,1999,0
Mohamadali,M,6,6,0
Mohamadou,M,23,23,0
Mohamed,M,13285,13285,0
Mohamedamiin,M,5,5,0
Mohamedamin,M,57,57,0
Mohammad,M,11644,11644,0
Mohammadali,M,6,6,0
Mohammed,M,10832,10832,0
Mohamud,M,26,26,0
Mohan,M,24,24,0
Mohid,M,26,26,0
Mohini,F,5,0,5
Mohit,M,38,38,0
Mohsen,M,6,6,0
Moir,M,6,6,0
Moira,F,3896,0,3896
Moise,M,226,226,0
Moises,M,24579,24573,6
Moishe,M,838,838,0
Moishy,M,63,63,0
Moisses,M,5,5,0
Moksh,M,33,33,0
Moksha,F,20,0,20
Molina,F,5,0,5
Mollee,F,5,0,5
Molli,F,162,0,162
Mollie,F,31366,0,31366
Molly,F,158912,41,158871
Mollye,F,10,0,10
Momina,F,5,0,5
Momoe,F,5,0,5
Momoka,F,17,0,17
Momoyo,F,6,0,6
Mona,F,39288,0,39288
Monae,F,837,0,837
Monalisa,F,151,0,151
Monasia,F,10,0,10
Monay,F,53,0,53
Moncerat,F,17,0,17
Moncerrat,F,163,0,163
Moncerrath,F,11,0,11
Monchel,F,13,0,13
Moncia,F,39,0,39
Monda,F,6,0,6
Mondo,M,5,5,0
Mone,F,43,0,43
Monea,F,10,0,10
Monee,F,41,0,41
Monesha,F,42,0,42
Monet,F,2357,6,2351
Monette,F,177,0,177
Monez,F,6,0,6
Mong,M,28,28,0
Monic,F,96,0,96
Monica,F,244807,367,244440
Monico,M,164,164,0
Monie,F,5,0,5
Monifa,F,184,0,184
Monifah,F,36,0,36
Monigue,F,77,0,77
Monik,F,5,0,5
Monika,F,6479,0,6479
Moniqua,F,11,0,11
Monique,F,75722,43,75679
Monisha,F,302,0,302
Monita,F,10,0,10
Monna,F,213,0,213
Monnie,F,423,0,423
Monquie,F,5,0,5
Monroe,M,12317,10174,2143
Monserat,F,181,0,181
Monserath,F,40,0,40
Monserrat,F,5745,0,5745
Monserrate,F,70,16,54
Monserrath,F,633,0,633
Monserratt,F,53,0,53
Monson,M,10,10,0
Mont,M,43,43,0
Monta,F,21,10,11
Montae,M,11,11,0
Montana,F,7032,1506,5526
Montanna,F,95,0,95
Montarius,M,5,5,0
Montavious,M,524,524,0
Montavius,M,94,94,0
Monte,M,17291,17259,32
Monteen,F,101,0,101
Montel,M,562,562,0
Montell,M,52,52,0
Monterio,M,25,25,0
Monterrio,M,6,6,0
Montez,M,1238,1148,90
Montgomery,M,919,914,5
Monti,M,5,5,0
Montie,M,183,156,27
Montine,F,256,0,256
Montoya,F,31,0,31
Montravious,M,11,11,0
Montravius,M,5,5,0
Montray,M,5,5,0
Montre,M,15,15,0
Montreal,M,134,134,0
Montrel,M,122,122,0
Montrell,M,1978,1978,0
Montressa,F,6,0,6
Montrez,M,72,72,0
Montserrat,F,3436,0,3436
Montserrath,F,21,0,21
Monty,M,10795,10795,0
Montzerrat,F,33,0,33
Monya,F,5,0,5
Monyae,F,5,0,5
Monyette,F,5,0,5
Monzelle,F,5,0,5
Monzeratt,F,5,0,5
Monzerrat,F,274,0,274
Monzerrath,F,27,0,27
Moody,M,32,32,0
Moon,F,6,0,6
Moorea,F,13,0,13
Moosa,M,5,5,0
Moraima,F,26,0,26
Moranda,F,5,0,5
Mordcha,M,32,32,0
Mordchai,M,5,5,0
Mordche,M,127,127,0
Mordecai,M,123,123,0
Mordechai,M,4165,4165,0
Morelia,F,313,0,313
Morena,F,21,0,21
Morene,F,5,0,5
Morey,M,6,6,0
Morgan,F,247661,36318,211343
Morgana,F,5,0,5
Morgane,F,5,0,5
Morgann,F,15,0,15
Morganne,F,183,0,183
Morgen,F,270,5,265
Morghan,F,93,0,93
Morgyn,F,47,0,47
Moria,F,25,0,25
Moriah,F,9447,0,9447
Morine,F,16,0,16
Morio,M,5,5,0
Moriyah,F,5,0,5
Morley,M,40,40,0
Morning,F,5,0,5
Moroni,M,93,93,0
Morrigan,F,67,0,67
Morris,M,62145,62140,5
Morrison,M,144,139,5
Morrissey,M,5,5,0
Mortimer,M,898,898,0
Morton,M,9156,9156,0
Morty,M,10,10,0
Mosby,M,5,5,0
Mose,M,3560,3560,0
Mosella,F,6,0,6
Moselle,F,10,0,10
Moses,M,31476,31476,0
Mosha,M,11,11,0
Moshe,M,11842,11842,0
Mosiah,M,40,40,0
Moss,M,5,5,0
Mossie,F,346,0,346
Mostafa,M,64,64,0
Motti,M,5,5,0
Motty,M,60,60,0
Moua,M,64,64,0
Mouhamad,M,11,11,0
Mouhamadou,M,93,93,0
Mouhamed,M,208,208,0
Moultrie,M,6,6,0
Mourad,M,11,11,0
Mousa,M,10,10,0
Moussa,M,358,358,0
Moustafa,M,16,16,0
Moustapha,M,83,83,0
Moxie,F,38,0,38
Moya,F,7,0,7
Moyer,M,7,7,0
Moyses,M,16,16,0
Mozel,F,20,0,20
Mozell,F,1968,12,1956
Mozella,F,412,0,412
Mozelle,F,3738,0,3738
Mozter,F,5,0,5
Muaad,M,6,6,0
Muad,M,101,101,0
Muaz,M,11,11,0
Mubarak,M,37,37,0
Mubashir,M,14,14,0
Mubina,F,5,0,5
Muguette,F,5,0,5
Muhamed,M,68,68,0
Muhammad,M,10682,10682,0
Muhammadali,M,27,27,0
Muhammed,M,861,861,0
Muhsin,M,88,88,0
Mui,F,5,0,5
Mujahid,M,21,21,0
Mujtaba,M,12,12,0
Mukhtar,M,5,5,0
Mukund,M,5,5,0
Mulan,F,32,0,32
Mulki,F,5,0,5
Mumtaz,F,63,0,63
Muna,F,203,0,203
Munachimso,F,28,12,16
Munachiso,F,10,5,5
Muneeb,M,10,10,0
Muneer,M,6,6,0
Mung,M,5,5,0
Munir,M,77,77,0
Munira,F,131,0,131
Munirah,F,5,0,5
Munisa,F,5,0,5
Muntaha,F,46,0,46
Muntas,F,10,0,10
Murad,M,112,112,0
Murat,M,5,5,0
Murdis,F,5,0,5
Murel,F,10,5,5
Muriel,F,47554,42,47512
Murielle,F,41,0,41
Murl,M,394,363,31
Murlene,F,80,0,80
Murline,F,17,0,17
Murphy,M,3041,2839,202
Murray,M,15873,15873,0
Murrel,M,37,37,0
Murrell,M,133,128,5
Murry,M,991,991,0
Mursal,F,10,0,10
Murtaza,M,10,10,0
Musa,M,1783,1783,0
Musab,M,139,139,0
Muscab,M,5,5,0
Mushka,F,196,0,196
Muskaan,F,65,0,65
Muskan,F,90,0,90
Muslima,F,7,0,7
Muslimah,F,6,0,6
Mustafa,M,3865,3865,0
Mustafe,M,5,5,0
Mustapha,M,52,52,0
Mutsuo,M,7,7,0
My,F,361,38,323
Mya,F,51876,0,51876
Myah,F,7108,0,7108
Myana,F,15,0,15
Myangel,F,17,0,17
Myanna,F,20,0,20
Myasia,F,823,0,823
Mycah,F,78,22,56
Mychael,M,234,234,0
Mychaela,F,17,0,17
Mychal,M,762,754,8
Mychelle,F,20,0,20
Myeisha,F,260,0,260
Myer,M,222,222,0
Myesha,F,2002,0,2002
Myeshia,F,221,0,221
Myia,F,529,0,529
Myiah,F,77,0,77
Myiesha,F,68,0,68
Myisha,F,605,0,605
Myka,F,732,5,727
Mykael,M,10,10,0
Mykaela,F,264,0,264
Mykah,F,353,128,225
Mykaila,F,26,0,26
Mykal,M,113,113,0
Mykala,F,311,0,311
Mykalah,F,5,0,5
Mykale,M,6,6,0
Mykayla,F,1185,0,1185
Mykel,M,1238,1200,38
Mykell,M,42,42,0
Mykenzie,F,156,0,156
Mykia,F,95,0,95
Myla,F,8879,0,8879
Mylah,F,1560,0,1560
Mylan,M,124,119,5
Mylani,F,5,0,5
Mylea,F,6,0,6
Myleah,F,50,0,50
Mylee,F,2644,0,2644
Myleen,F,35,0,35
Myleigh,F,277,0,277
Mylene,F,116,0,116
Myles,M,35084,35079,5
Myley,F,5,0,5
Myli,F,6,0,6
Mylie,F,855,0,855
Mylin,F,5,0,5
Mylinda,F,26,0,26
Mylinh,F,15,0,15
Mylissa,F,10,0,10
Mylo,M,254,254,0
Mynor,M,249,249,0
Myong,F,44,0,44
Myonna,F,40,0,40
Myra,F,51703,0,51703
Myracle,F,218,0,218
Myrah,F,42,0,42
Myranda,F,2675,0,2675
Myree,F,5,0,5
Myrene,F,5,0,5
Myriah,F,430,0,430
Myriam,F,1489,0,1489
Myrian,F,5,0,5
Myrissa,F,24,0,24
Myrka,F,268,0,268
Myrl,F,325,75,250
Myrlande,F,5,0,5
Myrle,F,437,15,422
Myrlene,F,5,0,5
Myrna,F,27792,0,27792
Myron,M,38903,38903,0
Myrta,F,45,0,45
Myrtice,F,3015,0,3015
Myrtie,F,1243,0,1243
Myrtis,F,4277,0,4277
Myrtle,F,87078,0,87078
Mysha,F,38,0,38
Myshia,F,5,0,5
Mysti,F,56,0,56
Mystic,F,5,0,5
Mystica,F,5,0,5
Mystique,F,15,0,15
Myung,F,11,0,11
Na,F,22,0,22
Naail,M,5,5,0
Naailah,F,5,0,5
Naama,F,22,0,22
Naaman,M,22,22,0
Naara,F,5,0,5
Naasia,F,10,0,10
Naasir,M,22,22,0
Naava,F,11,0,11
Naavya,F,5,0,5
Naba,F,5,0,5
Nabeeha,F,22,0,22
Nabeel,M,258,258,0
Nabiha,F,117,0,117
Nabil,M,563,545,18
Nabila,F,123,0,123
Nabor,M,58,58,0
Nachelle,F,15,0,15
Nachman,M,383,383,0
Nachmen,M,78,78,0
Nachum,M,87,87,0
Nacole,F,158,0,158
Nacy,F,5,0,5
Nada,F,1257,0,1257
Nadav,M,199,199,0
Nadean,F,58,0,58
Nadeem,M,39,39,0
Nadeen,F,179,0,179
Nadege,F,113,0,113
Nadeige,F,6,0,6
Nadene,F,144,0,144
Nader,M,475,475,0
Nadezhda,F,5,0,5
Nadia,F,38563,6,38557
Nadiah,F,33,0,33
Nadim,M,20,20,0
Nadina,F,5,0,5
Nadine,F,47453,0,47453
Nadir,M,355,355,0
Nadira,F,234,0,234
Nadirah,F,397,0,397
Nadiya,F,293,0,293
Nadiyah,F,122,0,122
Nadja,F,119,0,119
Nadolyn,F,8,0,8
Nadya,F,934,0,934
Nadyne,F,33,0,33
Naeem,M,745,745,0
Naeema,F,10,0,10
Naeemah,F,65,0,65
Nael,M,55,55,0
Naelle,F,15,0,15
Naetochukwu,M,7,7,0
Naevia,F,32,0,32
Nafeesa,F,7,0,7
Nafeesah,F,31,0,31
Nafis,M,269,269,0
Nafisa,F,82,0,82
Naftali,M,1156,1156,0
Naftoli,M,239,239,0
Naftula,M,92,92,0
Naftuli,M,396,396,0
Naftuly,M,28,28,0
Nagely,F,8,0,8
Naguan,M,5,5,0
Nahal,F,5,0,5
Naheem,M,22,22,0
Nahia,F,11,0,11
Nahima,F,18,0,18
Nahla,F,1543,0,1543
Nahlia,F,5,0,5
Nahom,M,195,195,0
Nahomi,F,588,0,588
Nahomy,F,461,0,461
Nahriah,F,6,0,6
Nahshon,M,24,24,0
Nahsir,M,6,6,0
Nahuel,M,26,26,0
Nahum,M,719,719,0
Nahun,M,5,5,0
Nahyan,M,6,6,0
Nai,F,118,21,97
Naia,F,578,0,578
Naiara,F,23,0,23
Naibe,F,21,0,21
Naida,F,124,0,124
Naidelin,F,86,0,86
Naidely,F,29,0,29
Naidelyn,F,277,0,277
Naiema,F,5,0,5
Naif,M,5,5,0
Naika,F,5,0,5
Naila,F,937,0,937
Nailah,F,2205,0,2205
Nailani,F,6,0,6
Nailea,F,557,0,557
Naileah,F,11,0,11
Naim,M,1004,1004,0
Naima,F,2634,0,2634
Naimah,F,569,0,569
Nain,M,25,25,0
Naina,F,119,0,119
Nainoa,M,383,383,0
Naiomi,F,123,0,123
Naiovy,F,5,0,5
Naira,F,84,0,84
Nairi,F,99,0,99
Nairobi,F,37,0,37
Nairoby,F,6,0,6
Naisha,F,466,0,466
Naithan,M,34,34,0
Naithen,M,5,5,0
Naiya,F,437,0,437
Naiyah,F,29,0,29
Naizeth,F,5,0,5
Naja,F,366,0,366
Najae,F,125,0,125
Najah,F,775,0,775
Naje,F,5,0,5
Najee,M,1579,1524,55
Naji,M,60,60,0
Najia,F,10,0,10
Najib,M,10,10,0
Najir,M,12,12,0
Najla,F,12,0,12
Najma,F,181,0,181
Najmo,F,6,0,6
Najwa,F,10,0,10
Nakai,M,70,70,0
Nakaya,F,6,0,6
Nakayla,F,706,0,706
Nakea,F,6,0,6
Nakeia,F,10,0,10
Nakeisha,F,341,0,341
Nakema,F,5,0,5
Nakesha,F,196,0,196
Nakeshia,F,20,0,20
Nakeya,F,75,0,75
Nakhi,M,5,5,0
Nakhia,F,22,0,22
Nakia,F,8211,1205,7006
Nakiah,F,11,0,11
Nakima,F,11,0,11
Nakira,F,5,0,5
Nakirah,F,10,0,10
Nakisha,F,1397,0,1397
Nakita,F,1220,0,1220
Nakiya,F,536,0,536
Nakiyah,F,299,0,299
Nakoa,M,158,158,0
Naksh,M,51,51,0
Nakya,F,55,0,55
Nakyia,F,5,0,5
Nakyla,F,5,0,5
Nala,F,2107,0,2107
Nalah,F,133,0,133
Nalani,F,2370,0,2370
Nalanie,F,24,0,24
Nalayah,F,46,0,46
Naleah,F,16,0,16
Nalee,F,10,0,10
Nalia,F,77,0,77
Nalina,F,5,0,5
Nalini,F,11,0,11
Naliyah,F,243,0,243
Nalleli,F,235,0,235
Nallely,F,2066,0,2066
Nalley,F,12,0,12
Nalu,M,20,20,0
Naly,F,13,0,13
Nam,M,522,522,0
Naman,M,47,47,0
Name,U,34,23,11
Nameera,F,5,0,5
Nami,F,50,0,50
Namir,M,126,126,0
Namirah,F,5,0,5
Namish,M,5,5,0
Namon,M,25,25,0
Namrata,F,12,0,12
Nan,F,5690,0,5690
Nana,F,526,166,360
Nanami,F,42,0,42
Nance,F,33,0,33
Nancee,F,384,0,384
Nancey,F,15,0,15
Nanci,F,3696,0,3696
Nancie,F,1119,0,1119
Nancy,F,985451,805,984646
Nancyann,F,31,0,31
Nancye,F,337,0,337
Nancylee,F,5,0,5
Nandan,M,5,5,0
Nandi,F,158,0,158
Nandini,F,210,0,210
Nandita,F,5,0,5
Nanea,F,118,0,118
Nanette,F,13413,0,13413
Nani,F,38,0,38
Nanie,F,46,0,46
Nannette,F,3310,0,3310
Nannie,F,14189,0,14189
Nansi,F,43,0,43
Nanya,M,6,6,0
Naoki,M,5,5,0
Naoko,F,5,0,5
Naoma,F,470,0,470
Naomi,F,147884,0,147884
Naomia,F,19,0,19
Naomie,F,232,0,232
Naomy,F,825,0,825
Naphtali,M,5,5,0
Napoleon,M,3579,3579,0
Napua,F,6,0,6
Naquan,M,700,700,0
Naquana,F,5,0,5
Naquasha,F,5,0,5
Naquon,M,5,5,0
Nara,F,80,0,80
Narada,M,41,41,0
Narali,F,6,0,6
Naraly,F,69,0,69
Narayan,M,5,5,0
Narcedalia,F,5,0,5
Narcille,F,5,0,5
Narcisa,F,70,0,70
Narciso,M,1044,1044,0
Narcissa,F,5,0,5
Narda,F,59,0,59
Nare,F,38,0,38
Nareg,M,75,75,0
Nareh,F,46,0,46
Narek,M,333,333,0
Narely,F,29,0,29
Naren,M,11,11,0
Nari,F,20,0,20
Nariah,F,1617,0,1617
Narice,F,5,0,5
Narine,F,23,0,23
Narissa,F,41,0,41
Nariya,F,11,0,11
Nariyah,F,639,0,639
Narjis,F,5,0,5
Narvis,F,5,0,5
Nary,F,40,0,40
Nasaria,F,17,0,17
Nasario,M,164,164,0
Nasean,M,6,6,0
Naseem,M,496,480,16
Naseer,M,57,57,0
Nash,M,8637,8637,0
Nashali,F,28,0,28
Nashalie,F,12,0,12
Nashaly,F,128,0,128
Nashaun,M,20,20,0
Nashawn,M,224,224,0
Nashay,F,22,0,22
Nashid,M,5,5,0
Nashira,F,10,0,10
Nashla,F,180,0,180
Nashley,F,85,0,85
Nashly,F,77,0,77
Nasia,F,26,0,26
Nasiah,F,11,6,5
Nasier,M,57,57,0
Nasif,M,5,5,0
Nasim,M,122,115,7
Nasir,M,10398,10398,0
Nasira,F,10,0,10
Nasirah,F,5,0,5
Nasire,M,5,5,0
Nasiyah,F,32,0,32
Nason,M,17,17,0
Nasra,F,44,0,44
Nasreen,F,5,0,5
Nasser,M,193,193,0
Nassim,F,5,0,5
Nassir,M,117,117,0
Nastasha,F,17,0,17
Nastasia,F,38,0,38
Nastassia,F,284,0,284
Nastassja,F,80,0,80
Nasya,F,46,0,46
Nat,M,483,483,0
Natacha,F,587,0,587
Nataki,F,21,0,21
Natale,M,385,385,0
Natalee,F,7044,0,7044
Nataleigh,F,338,0,338
Nataley,F,75,0,75
Natali,F,2905,0,2905
Natalia,F,60323,5,60318
Nataliah,F,10,0,10
Natalie,F,343447,109,343338
Natalina,F,21,0,21
Natalio,M,21,21,0
Nataliya,F,90,0,90
Natallie,F,65,0,65
Natally,F,130,0,130
Nataly,F,11786,0,11786
Natalya,F,4325,0,4325
Natalye,F,31,0,31
Natalyn,F,73,0,73
Natalynn,F,29,0,29
Natan,M,367,367,0
Natanael,M,625,625,0
Natanel,M,65,65,0
Natania,F,82,0,82
Nataniel,M,83,83,0
Natanya,F,10,0,10
Natara,F,5,0,5
Natarsha,F,74,0,74
Natascha,F,89,0,89
Natasha,F,93478,22,93456
Natashia,F,1060,0,1060
Natasia,F,153,0,153
Natassha,F,5,0,5
Natassia,F,156,0,156
Natassja,F,25,0,25
Natavia,F,46,0,46
Nataya,F,10,0,10
Nate,M,1165,1159,6
Nateria,F,5,0,5
Natesha,F,6,0,6
Nathalee,F,24,0,24
Nathali,F,139,0,139
Nathalia,F,4038,0,4038
Nathalie,F,14292,0,14292
Nathaly,F,5410,0,5410
Nathalya,F,15,0,15
Nathalye,F,5,0,5
Nathan,M,537193,536905,288
Nathanael,M,16714,16714,0
Nathanal,M,5,5,0
Nathaneal,M,64,64,0
Nathanel,M,41,41,0
Nathania,F,44,0,44
Nathanial,M,7020,7020,0
Nathanie,M,55,55,0
Nathaniel,M,260165,260122,43
Nathanuel,M,5,5,0
Nathasha,F,6,0,6
Nathen,M,3098,3098,0
Nathifa,F,6,0,6
Nathin,M,5,5,0
Nathon,M,214,214,0
Nathyn,M,17,17,0
Natia,F,5,0,5
Natilee,F,35,0,35
Natina,F,5,0,5
Natisha,F,653,0,653
Natividad,F,2127,1156,971
Natnael,M,5,5,0
Natori,F,42,0,42
Natoria,F,5,0,5
Natosha,F,1595,0,1595
Natoshia,F,5,0,5
Natoya,F,115,0,115
Natrone,M,5,5,0
Natsue,F,28,0,28
Natsuko,F,63,0,63
Natsumi,F,15,0,15
Nattalie,F,10,0,10
Nattaly,F,6,0,6
Naudia,F,349,0,349
Nautica,F,1342,0,1342
Nautika,F,15,0,15
Nava,F,318,0,318
Navaeh,F,383,0,383
Navah,F,10,0,10
Navarro,M,6,6,0
Navdeep,F,40,5,35
Naveah,F,301,0,301
Naveed,M,69,69,0
Naveen,M,292,240,52
Navey,F,5,0,5
Naveyah,F,10,0,10
Navi,F,92,0,92
Navia,F,5,0,5
Naviah,F,6,0,6
Navid,M,218,208,10
Navie,F,20,0,20
Navil,F,60,0,60
Navin,M,106,106,0
Navina,F,6,0,6
Navindra,M,5,5,0
Navjot,F,36,17,19
Navneet,F,71,0,71
Navpreet,F,17,0,17
Navraj,M,22,22,0
Navreet,F,15,0,15
Navy,F,438,17,421
Navya,F,729,0,729
Nawaal,F,5,0,5
Nawal,F,240,0,240
Naya,F,2654,0,2654
Nayab,F,5,0,5
Nayah,F,97,0,97
Nayan,M,55,55,0
Nayana,F,69,0,69
Nayara,F,26,0,26
Nayda,F,13,0,13
Naydeen,F,11,0,11
Naydeli,F,5,0,5
Naydelin,F,493,0,493
Naydeline,F,12,0,12
Naydelyn,F,28,0,28
Nayden,M,10,10,0
Nayel,M,6,6,0
Nayeli,F,16768,0,16768
Nayelie,F,204,0,204
Nayelis,F,159,0,159
Nayeliz,F,10,0,10
Nayelli,F,662,0,662
Nayelly,F,218,0,218
Nayely,F,1703,0,1703
Nayib,M,5,5,0
Nayla,F,1272,0,1272
Naylah,F,77,0,77
Naylani,F,50,0,50
Naylea,F,200,0,200
Nayleah,F,11,0,11
Naylee,F,5,0,5
Nayleen,F,83,0,83
Naylene,F,26,0,26
Nayomi,F,268,0,268
Nayquan,M,21,21,0
Nayra,F,11,0,11
Naysa,F,60,0,60
Naysha,F,5,0,5
Nayshawn,M,17,17,0
Naythan,M,274,274,0
Naythen,M,10,10,0
Nayvie,F,16,0,16
Nayzeth,F,70,0,70
Nazaire,M,5,5,0
Nazanin,F,6,0,6
Nazar,M,81,81,0
Nazaret,M,5,5,0
Nazareth,F,377,164,213
Nazaria,F,35,0,35
Nazario,M,163,163,0
Nazeer,M,5,5,0
Nazeli,F,5,0,5
Nazia,F,61,0,61
Naziah,F,20,5,15
Nazier,M,90,90,0
Nazifa,F,24,0,24
Nazir,M,1697,1697,0
Nazirah,F,5,0,5
Naziyah,F,88,0,88
Nazli,F,18,0,18
Nazly,F,6,0,6
Nazyia,F,15,0,15
Ndea,F,5,0,5
Ndeye,F,121,0,121
Ndia,F,5,0,5
Ndrew,M,6,6,0
Neah,F,12,0,12
Neal,M,48962,48962,0
Neala,F,37,0,37
Neale,M,5,5,0
Nealie,F,33,0,33
Neave,F,7,0,7
Necha,F,12,0,12
Nechama,F,2386,0,2386
Nechemia,M,11,11,0
Nechuma,F,95,0,95
Nechy,F,22,0,22
Necia,F,5,0,5
Necole,F,266,0,266
Ned,M,11913,11913,0
Neda,F,339,0,339
Nedra,F,3355,0,3355
Nedved,M,5,5,0
Needham,M,74,74,0
Neeka,F,10,0,10
Neeko,M,11,11,0
Neel,M,1358,1358,0
Neela,F,278,0,278
Neelah,F,5,0,5
Neelam,F,44,0,44
Neely,F,479,0,479
Neema,U,71,50,21
Neena,F,166,0,166
Neeraj,M,10,10,0
Neesha,F,5,0,5
Neev,M,146,146,0
Nefertari,F,32,0,32
Nefertiti,F,140,0,140
Nefi,M,5,5,0
Neftali,M,1037,871,166
Neftaly,F,82,43,39
Negan,M,23,18,5
Negar,F,5,0,5
Negin,F,16,0,16
Neha,F,2747,0,2747
Nehan,M,5,5,0
Nehemiah,M,13149,13116,33
Nehemias,M,462,462,0
Nehemie,F,45,0,45
Neiba,F,14,0,14
Neida,F,882,0,882
Neidy,F,6,0,6
Neiko,M,40,40,0
Neil,M,97757,97757,0
Neila,F,60,0,60
Neill,M,108,108,0
Neiman,M,110,110,0
Neira,F,12,0,12
Neisha,F,64,0,64
Neita,F,17,0,17
Neithan,M,35,35,0
Neiva,F,37,0,37
Neizan,M,17,17,0
Nekesha,F,10,0,10
Nekia,F,95,0,95
Nekisha,F,36,0,36
Nekita,F,26,0,26
Neko,M,64,59,5
Nelda,F,16883,0,16883
Neldon,M,40,40,0
Neleigh,F,6,0,6
Neli,F,26,0,26
Nelia,F,65,0,65
Nelida,F,718,0,718
Nelissa,F,5,0,5
Nell,F,17464,0,17464
Nella,F,935,0,935
Nelle,F,1384,0,1384
Nellene,F,10,0,10
Nelli,F,28,0,28
Nellie,F,97618,0,97618
Nello,M,179,179,0
Nellora,F,5,0,5
Nelly,F,4285,0,4285
Nelma,F,218,0,218
Nels,M,713,713,0
Nelsa,F,5,0,5
Nelson,M,69932,69932,0
Nelsy,F,7,0,7
Nelta,F,83,0,83
Nelva,F,178,0,178
Nelwyn,F,418,0,418
Nely,F,195,0,195
Nemesis,F,18,0,18
Nena,F,1216,0,1216
Nene,F,5,0,5
Neng,M,29,29,0
Neno,M,7,7,0
Neo,M,801,801,0
Neola,F,48,0,48
Neoma,F,1061,0,1061
Neomi,F,277,0,277
Neomia,F,120,0,120
Nephi,M,107,107,0
Nephtali,M,5,5,0
Nephtalie,F,5,0,5
Nereida,F,2555,5,2550
Nereo,M,5,5,0
Nereyda,F,695,0,695
Neri,M,200,184,16
Neriah,F,1239,0,1239
Nerida,F,6,0,6
Nerine,F,10,0,10
Nerissa,F,461,0,461
Neriyah,F,5,0,5
Nero,M,5,5,0
Nerses,M,6,6,0
Nery,M,800,783,17
Nesanel,M,92,92,0
Nesita,F,5,0,5
Nessa,F,119,0,119
Nestor,M,7018,7018,0
Nestora,F,5,0,5
Neta,F,801,0,801
Netanel,M,130,130,0
Netanya,F,21,0,21
Nethaniel,M,5,5,0
Nethra,F,29,0,29
Netra,F,6,0,6
Nettie,F,28508,0,28508
Neva,F,13087,0,13087
Nevaan,M,12,12,0
Nevada,F,207,5,202
Nevaeh,F,76153,39,76114
Nevaeha,F,361,0,361
Nevah,F,5,0,5
Nevan,M,272,272,0
Neve,F,327,0,327
Neveah,F,2905,0,2905
Neveen,F,10,0,10
Neven,M,10,10,0
Neviah,F,16,0,16
Neville,M,454,454,0
Nevin,M,3002,3002,0
Newborn,U,28,17,11
Newell,M,479,479,0
Newman,M,231,231,0
Newt,M,21,21,0
Newton,M,2947,2947,0
Ney,M,7,7,0
Neya,F,5,0,5
Neyda,F,290,0,290
Neyla,F,20,0,20
Neyland,M,210,210,0
Neymar,M,1817,1817,0
Neyra,F,10,0,10
Neysa,F,35,0,35
Neythan,M,17,17,0
Neyva,F,27,0,27
Nezar,M,5,5,0
Nezzie,F,69,0,69
Nga,F,120,0,120
Ngai,M,7,7,0
Ngan,F,5,0,5
Ngawang,F,16,5,11
Nghia,M,18,18,0
Ngoc,F,187,0,187
Ngozi,F,5,0,5
Ngun,F,5,0,5
Nguyen,M,71,71,0
Nguyet,F,10,0,10
Nhan,M,49,49,0
Nhi,F,342,0,342
Nhia,M,98,91,7
Nhu,F,44,0,44
Nhung,F,51,0,51
Nhyla,F,5,0,5
Nia,F,19364,0,19364
Niah,F,359,0,359
Niaja,F,5,0,5
Niall,M,332,332,0
Niam,M,389,389,0
Niambi,F,11,0,11
Niamh,F,651,0,651
Niana,F,5,0,5
Niang,F,32,0,32
Niara,F,169,0,169
Niasha,F,5,0,5
Niasia,F,322,0,322
Niaya,F,5,0,5
Nicandro,M,5,5,0
Nicanor,M,112,112,0
Nicasio,M,7,7,0
Nicco,M,196,196,0
Niccolas,M,5,5,0
Niccole,F,324,0,324
Niccolo,M,201,201,0
Nicha,F,23,0,23
Nichele,F,61,0,61
Nichelle,F,3278,5,3273
Nichoals,M,16,16,0
Nichol,F,1457,0,1457
Nichola,F,27,0,27
Nicholad,M,5,5,0
Nicholai,M,146,146,0
Nicholaos,M,10,10,0
Nicholas,M,891519,890183,1336
Nicholaus,M,1261,1261,0
Nichole,F,61584,0,61584
Nicholes,M,117,117,0
Nicholette,F,176,0,176
Nicholis,M,47,47,0
Nicholl,F,6,0,6
Nicholle,F,502,0,502
Nicholos,M,37,37,0
Nichols,M,60,60,0
Nicholus,M,21,21,0
Nick,M,42814,42814,0
Nickalas,M,11,11,0
Nickey,M,280,280,0
Nickholas,M,5,5,0
Nicki,F,2631,0,2631
Nickie,F,857,39,818
Nickita,M,5,5,0
Nicklas,M,719,719,0
Nicklaus,M,1263,1263,0
Nicko,M,18,18,0
Nickolaos,M,7,7,0
Nickolas,M,34215,34215,0
Nickolaus,M,334,334,0
Nickole,F,801,0,801
Nickson,M,5,5,0
Nicky,M,4289,4037,252
Nico,M,8885,8749,136
Nicodemus,M,85,85,0
Nicol,F,688,0,688
Nicola,F,3244,1026,2218
Nicolaas,M,12,12,0
Nicolai,M,404,404,0
Nicolaos,M,11,11,0
Nicolas,M,82726,82726,0
Nicolasa,F,618,0,618
Nicolaus,M,228,228,0
Nicole,F,585159,739,584420
Nicoleanne,F,5,0,5
Nicolemarie,F,5,0,5
Nicolet,F,5,0,5
Nicolett,F,12,0,12
Nicoletta,F,678,0,678
Nicolette,F,12790,0,12790
Nicoli,M,28,28,0
Nicolina,F,486,0,486
Nicollas,M,5,5,0
Nicolle,F,3671,0,3671
Nicollette,F,522,0,522
Nicolly,F,6,0,6
Nicolo,M,307,307,0
Nicosha,F,5,0,5
Nicy,F,5,0,5
Nida,F,205,0,205
Nidal,M,5,5,0
Nidhi,F,498,0,498
Nidia,F,1632,0,1632
Nidya,F,10,0,10
Niel,M,39,39,0
Niels,M,80,80,0
Niema,F,20,0,20
Niesha,F,959,0,959
Nieves,F,623,307,316
Nigel,M,8880,8880,0
Nigeria,F,203,0,203
Nihaal,M,18,18,0
Nihal,M,123,118,5
Nihar,M,28,28,0
Niharika,F,42,0,42
Nihira,F,51,0,51
Nija,F,139,0,139
Nijae,F,21,0,21
Nijah,F,270,5,265
Nik,M,5,5,0
Nika,F,683,0,683
Nikan,M,6,6,0
Nikash,M,10,10,0
Nikayla,F,156,0,156
Nikea,F,7,0,7
Nikema,F,5,0,5
Nikeria,F,32,0,32
Nikesha,F,35,0,35
Niketa,F,6,0,6
Nikeya,F,40,0,40
Nikhil,M,3542,3542,0
Nikhita,F,15,0,15
Niki,F,3636,0,3636
Nikia,F,2362,36,2326
Nikima,F,5,0,5
Nikisha,F,342,0,342
Nikita,F,9089,1097,7992
Nikitha,F,17,0,17
Nikiya,F,25,0,25
Nikka,F,17,0,17
Nikki,F,36221,47,36174
Nikkia,F,389,0,389
Nikkie,F,28,0,28
Nikkita,F,55,0,55
Nikko,M,1857,1857,0
Nikkolas,M,26,26,0
Nikkole,F,58,0,58
Niklas,M,427,427,0
Niklaus,M,196,196,0
Niko,M,5346,5334,12
Nikodem,M,15,15,0
Nikol,F,67,0,67
Nikola,M,1151,1136,15
Nikolai,M,4995,4995,0
Nikolaos,M,584,584,0
Nikolas,M,18346,18346,0
Nikolaus,M,724,724,0
Nikolay,M,47,47,0
Nikole,F,4303,0,4303
Nikolette,F,35,0,35
Nikoli,M,29,29,0
Nikoloz,M,5,5,0
Nikos,M,40,40,0
Nil,F,7,0,7
Nila,F,2160,0,2160
Nilah,F,298,0,298
Nilan,M,6,6,0
Nilani,F,5,0,5
Nilda,F,2115,0,2115
Nile,M,554,554,0
Niles,M,625,625,0
Nili,F,10,0,10
Nilka,F,6,0,6
Nilmar,M,5,5,0
Niloofar,F,5,0,5
Nils,M,578,578,0
Nilsa,F,1145,0,1145
Nilson,M,5,5,0
Nima,M,406,406,0
Nimco,F,10,0,10
Nimesh,M,6,6,0
Nimo,F,11,0,11
Nimra,F,28,0,28
Nimrat,F,59,0,59
Nimrit,F,26,0,26
Nina,F,113492,14,113478
Ninel,F,134,0,134
Ninette,F,65,0,65
Ninfa,F,1729,0,1729
Nini,F,5,0,5
Nino,M,555,555,0
Ninos,M,11,11,0
Ninoska,F,5,0,5
Niobe,F,17,0,17
Niomi,F,58,0,58
Nira,F,157,0,157
Niraj,M,10,10,0
Nirali,F,15,0,15
Nirav,M,46,46,0
Nirel,F,5,0,5
Nirvaan,M,73,73,0
Nirvan,M,23,23,0
Nirvana,F,279,0,279
Nirvi,F,18,0,18
Nisa,F,386,0,386
Nisha,F,1325,0,1325
Nishan,M,16,16,0
Nishant,M,83,83,0
Nishanth,M,12,12,0
Nishat,F,54,0,54
Nishi,F,10,0,10
Nishika,F,5,0,5
Nishka,F,139,0,139
Nissa,F,258,0,258
Nissan,M,12,12,0
Nissen,M,7,7,0
Nissi,F,43,0,43
Nissim,M,67,67,0
Nisson,M,10,10,0
Nita,F,9393,0,9393
Nitara,F,12,0,12
Nitasha,F,11,0,11
Nithila,F,6,0,6
Nithin,M,12,12,0
Nithya,F,143,0,143
Nitika,F,5,0,5
Nitin,M,43,43,0
Nitya,F,257,0,257
Nitza,F,123,0,123
Niurka,F,62,0,62
Niva,F,10,0,10
Nivaan,M,81,81,0
Nivea,F,344,0,344
Niveah,F,5,0,5
Nivia,F,53,0,53
Nixaliz,F,5,0,5
Nixie,F,18,0,18
Nixon,M,3381,3364,17
Nixzaliz,F,6,0,6
Niya,F,2423,0,2423
Niyah,F,1248,0,1248
Niyam,M,5,5,0
Niyana,F,5,0,5
Niyanna,F,6,0,6
Niyati,F,19,0,19
Niyla,F,36,0,36
Niylah,F,54,0,54
Niza,F,10,0,10
Nizar,M,23,23,0
Nizhoni,F,276,0,276
Njeri,F,31,0,31
Nkosi,M,28,28,0
Nnamdi,M,49,49,0
Nneka,F,227,0,227
No,F,11,0,11
Noa,F,4070,698,3372
Noach,M,121,121,0
Noah,M,371015,370305,710
Noahjames,M,5,5,0
Noal,M,5,5,0
Noam,M,1063,1053,10
Noami,F,29,0,29
Nobie,F,41,0,41
Noble,M,3711,3689,22
Noboru,M,400,400,0
Nobu,F,5,0,5
Nobue,F,7,0,7
Nobuichi,M,7,7,0
Nobuko,F,271,0,271
Nobuo,M,169,169,0
Nobuyoshi,M,6,6,0
Nobuyuki,M,11,11,0
Nochum,M,82,82,0
Nocole,F,5,0,5
Noe,M,18713,18654,59
Noeh,M,14,14,0
Noel,M,49777,40402,9375
Noelani,F,1500,0,1500
Noeli,F,67,0,67
Noelia,F,4988,0,4988
Noelie,F,45,0,45
Noell,F,10,0,10
Noella,F,560,0,560
Noelle,F,30143,0,30143
Noely,F,198,0,198
Noemi,F,17409,0,17409
Noemie,F,50,0,50
Noemy,F,921,0,921
Noey,M,10,10,0
Noga,F,10,0,10
Nohealani,F,54,0,54
Nohelani,F,31,0,31
Noheli,F,36,0,36
Nohelia,F,27,0,27
Nohely,F,448,0,448
Nohemi,F,1215,0,1215
Nohemy,F,59,0,59
Nola,F,15282,0,15282
Nolan,M,89352,89334,18
Noland,M,11,11,0
Nolberto,M,197,197,0
Nolen,M,672,672,0
Nolia,F,71,0,71
Nolie,F,22,7,15
Nolton,M,33,33,0
Nolyn,M,26,26,0
Noma,F,347,0,347
Nomar,M,200,200,0
Nomi,F,10,0,10
Nona,F,10123,0,10123
Noname,M,5,5,0
Nondas,F,5,0,5
Noni,F,28,0,28
Nonie,F,27,0,27
Nonnie,F,62,0,62
Noor,F,4303,89,4214
Noora,F,112,0,112
Nora,F,119519,12,119507
Norah,F,17919,0,17919
Noraida,F,7,0,7
Noralba,F,12,0,12
Noralee,F,15,0,15
Norbert,M,16481,16481,0
Norberto,M,3327,3327,0
Nord,M,5,5,0
Noreen,F,16250,0,16250
Norene,F,1869,0,1869
Noreta,F,44,0,44
Noretta,F,27,0,27
Norfleet,M,12,12,0
Nori,F,370,0,370
Noriah,F,12,0,12
Noriel,M,18,18,0
Noriko,F,22,0,22
Norine,F,2299,0,2299
Norio,M,10,10,0
Norita,F,182,0,182
Norm,M,70,70,0
Norma,F,268718,117,268601
Normajean,F,5,0,5
Normalee,F,5,0,5
Normalinda,F,15,0,15
Norman,M,243093,243021,72
Normand,M,4819,4819,0
Norrine,F,10,0,10
Norris,M,11548,11548,0
Norton,M,575,575,0
Norval,M,396,396,0
Norvel,M,42,42,0
Norvell,U,42,26,16
Norville,M,5,5,0
Norvin,M,14,14,0
Norvis,F,5,0,5
Norwood,M,994,994,0
Noshin,F,11,0,11
Nosson,M,450,450,0
Not,M,7,7,0
Notnamed,F,1363,721,642
Nou,F,205,6,199
Nour,F,1264,37,1227
Noura,F,118,0,118
Nova,F,11985,460,11525
Novah,F,304,7,297
Novak,M,14,14,0
Novalee,F,956,0,956
Novaleigh,F,59,0,59
Novalie,F,26,0,26
Novalynn,F,16,0,16
Novell,F,6,0,6
Novella,F,2536,0,2536
Novelle,F,15,0,15
November,F,5,0,5
Novice,F,5,0,5
Novie,F,21,0,21
Novis,F,23,0,23
Nox,M,5,5,0
Noya,F,42,0,42
Nuala,F,22,0,22
Nube,F,5,0,5
Nubia,F,1176,0,1176
Nuchem,M,150,150,0
Nugent,M,5,5,0
Nuh,M,6,6,0
Nuha,F,60,0,60
Numa,M,47,42,5
Nuno,M,11,11,0
Nunziata,F,6,0,6
Nunzio,M,939,939,0
Nur,F,10,0,10
Nura,F,27,0,27
Nuri,F,45,5,40
Nuria,F,107,0,107
Nury,F,5,0,5
Nusaiba,F,17,0,17
Nusaybah,F,5,0,5
Nusrat,F,89,0,89
Nussen,M,59,59,0
Nuvia,F,553,0,553
Nuzhat,F,5,0,5
Nya,F,3803,0,3803
Nyah,F,3367,0,3367
Nyair,M,7,7,0
Nyaisa,F,5,0,5
Nyala,F,5,0,5
Nyamal,F,6,0,6
Nyana,F,15,0,15
Nyanna,F,5,0,5
Nyanza,F,6,0,6
Nyari,F,7,0,7
Nyasha,F,88,0,88
Nyasia,F,4144,0,4144
Nyasiah,F,5,0,5
Nycere,M,5,5,0
Nycole,F,87,0,87
Nydia,F,2090,0,2090
Nydirah,F,5,0,5
Nyeem,M,48,48,0
Nyeisha,F,15,0,15
Nyeli,F,6,0,6
Nyelle,F,27,0,27
Nyelli,F,10,0,10
Nyellie,F,12,0,12
Nyema,F,87,0,87
Nyemah,F,5,0,5
Nyesha,F,387,0,387
Nygel,M,5,5,0
Nyheim,M,7,7,0
Nyia,F,27,0,27
Nyiesha,F,5,0,5
Nyima,F,16,0,16
Nyirah,F,5,0,5
Nyisha,F,62,0,62
Nyja,F,5,0,5
Nyjae,F,31,0,31
Nyjah,M,171,137,34
Nykea,F,5,0,5
Nykeria,F,233,0,233
Nykerria,F,11,0,11
Nykesha,F,5,0,5
Nykia,F,127,0,127
Nykira,F,15,0,15
Nykolas,M,5,5,0
Nykole,F,5,0,5
Nyla,F,14608,0,14608
Nylah,F,6965,0,6965
Nylan,M,16,16,0
Nyle,M,203,203,0
Nylee,F,5,0,5
Nyles,M,26,26,0
Nylia,F,5,0,5
Nymir,M,21,21,0
Nyoka,F,106,0,106
Nyomi,F,1051,0,1051
Nyquan,M,10,10,0
Nyra,F,60,0,60
Nyree,F,474,0,474
Nyrell,M,5,5,0
Nysa,F,16,0,16
Nysha,F,11,0,11
Nyshawn,M,6,6,0
Nysir,M,35,35,0
Nyssa,F,481,0,481
Nyx,F,5,0,5
Nyzaiah,M,5,5,0
Nyzir,M,16,16,0
Nzinga,F,10,0,10
Oak,M,14,14,0
Oakland,M,16,16,0
Oaklee,F,838,6,832
Oakleigh,F,334,0,334
Oaklen,M,6,6,0
Oakley,F,5638,2999,2639
Oaklie,F,113,0,113
Oaklyn,F,528,6,522
Oaklynn,F,301,0,301
Oaks,M,6,6,0
Oanh,F,42,0,42
Oasis,F,5,0,5
Oather,M,22,22,0
Oba,M,5,5,0
Obadiah,M,263,263,0
Obaloluwa,M,14,14,0
Obbie,M,5,5,0
Obdulia,F,22,0,22
Obed,M,1665,1665,0
Obelia,F,16,0,16
Obera,F,5,0,5
Oberon,M,6,6,0
Obert,M,56,56,0
Obi,M,5,5,0
Obie,M,1480,1480,0
Obinna,M,110,110,0
Obrian,M,22,22,0
Obryan,M,11,11,0
Ocean,F,1225,684,541
Oceana,F,170,0,170
Oceanna,F,10,0,10
Ocie,F,3021,1084,1937
Ociel,M,118,118,0
Octave,M,149,149,0
Octavia,F,10595,10,10585
Octavian,M,100,100,0
Octaviana,F,6,0,6
Octaviano,M,231,231,0
Octavio,M,8403,8403,0
Octavious,M,513,513,0
Octavius,M,1365,1365,0
October,F,113,0,113
Oda,F,138,0,138
Odalis,F,1669,10,1659
Odaliz,F,71,0,71
Odaly,F,5,0,5
Odalys,F,2244,0,2244
Odaniel,M,5,5,0
Oddie,U,16,11,5
Odeal,F,133,0,133
Odean,F,39,0,39
Oded,M,6,6,0
Odelia,F,677,0,677
Odell,M,13586,10865,2721
Odella,F,20,0,20
Odelle,F,26,0,26
Oden,M,137,137,0
Odena,F,5,0,5
Odes,M,15,15,0
Odessa,F,11964,0,11964
Odesser,F,7,0,7
Odessia,F,35,0,35
Odessie,F,124,0,124
Odester,F,30,0,30
Odeth,F,5,0,5
Odetta,F,17,0,17
Odette,F,903,0,903
Odie,U,1164,815,349
Odies,M,5,5,0
Odile,F,280,0,280
Odilia,F,725,0,725
Odilon,M,5,5,0
Odin,M,4822,4822,0
Odis,M,5718,5708,10
Odus,M,26,26,0
Odyn,M,5,5,0
Odysseus,M,38,38,0
Odyssey,F,42,0,42
Ofelia,F,6684,0,6684
Offie,F,5,0,5
Ofilia,F,402,0,402
Ogden,M,11,11,0
Ogechi,F,5,0,5
Ohana,F,12,0,12
Ohemaa,F,5,0,5
Ohm,M,23,23,0
Oisin,M,28,28,0
Oiva,M,12,12,0
Ojani,M,12,12,0
Ojas,M,56,56,0
Ok,F,30,0,30
Okema,F,13,0,13
Okey,M,881,881,0
Okie,U,32,21,11
Okla,F,18,0,18
Okley,M,6,6,0
Oksana,F,182,0,182
Ola,F,19643,23,19620
Olaf,M,404,404,0
Olajuwon,M,44,44,0
Olamide,F,34,19,15
Olan,M,735,735,0
Olanna,F,5,0,5
Olaoluwa,M,19,19,0
Olar,F,12,0,12
Olavi,M,5,5,0
Olden,M,10,10,0
Ole,M,199,199,0
Olean,F,183,0,183
Olee,M,5,5,0
Oleen,F,5,0,5
Oleg,M,64,64,0
Olegario,M,93,93,0
Oleh,M,5,5,0
Oleksandr,M,5,5,0
Olen,M,3808,3808,0
Olena,F,11,0,11
Olene,F,419,0,419
Oleta,F,3542,0,3542
Oletha,F,256,0,256
Oletta,F,32,0,32
Olevia,F,797,0,797
Oley,M,22,22,0
Olga,F,49683,11,49672
Oliana,F,6,0,6
Olie,F,12,6,6
Olimpia,F,31,0,31
Olin,M,4349,4349,0
Olina,F,16,0,16
Olinda,F,58,0,58
Olita,F,12,0,12
Oliva,F,177,0,177
Olive,F,35948,0,35948
Olivea,F,18,0,18
Oliver,M,142859,142859,0
Oliverio,M,21,21,0
Olivette,F,61,0,61
Olivia,F,428442,107,428335
Oliviagrace,F,5,0,5
Oliviah,F,84,0,84
Oliviana,F,10,0,10
Oliviarose,F,14,0,14
Olivier,M,761,761,0
Oliwia,F,116,0,116
Olla,F,10,0,10
Ollie,F,36476,10179,26297
Ollin,M,50,50,0
Ollis,M,43,43,0
Olliver,M,6,6,0
Olsen,M,8,8,0
Olufemi,M,25,25,0
Oluwadamilare,M,12,12,0
Oluwadamilola,F,14,8,6
Oluwadarasimi,F,96,28,68
Oluwademilade,U,46,35,11
Oluwaferanmi,M,10,10,0
Oluwajomiloju,M,6,6,0
Oluwalonimi,F,5,0,5
Oluwanifemi,U,36,24,12
Oluwasemilore,F,16,9,7
Oluwaseun,M,10,10,0
Oluwaseyi,M,5,5,0
Oluwatamilore,F,41,0,41
Oluwatimilehin,M,16,16,0
Oluwatise,M,5,5,0
Oluwatobi,M,81,81,0
Oluwatobiloba,M,12,12,0
Oluwatomisin,F,12,0,12
Oluwatoni,F,5,0,5
Olvin,M,20,20,0
Olympia,F,906,0,906
Olyver,M,5,5,0
Olyvia,F,761,0,761
Om,M,1122,1122,0
Oma,F,5319,0,5319
Omair,M,5,5,0
Omaira,F,124,0,124
Omar,M,91449,91373,76
Omari,M,7243,7232,11
Omaria,F,5,0,5
Omarian,M,48,48,0
Omarie,M,6,6,0
Omarion,M,2972,2972,0
Omarr,M,50,50,0
Omayra,F,399,0,399
Omeed,M,64,64,0
Omega,F,239,12,227
Omelia,F,5,0,5
Omer,M,3898,3898,0
Omere,M,18,18,0
Omero,M,187,187,0
Omid,M,277,277,0
Omie,F,212,0,212
Omkar,M,33,33,0
Ommie,F,5,0,5
Omolola,F,6,0,6
Omotayo,F,5,0,5
Omran,M,11,11,0
Omri,M,113,113,0
Omunique,F,5,0,5
Ona,F,2556,5,2551
Onalee,F,285,0,285
Ondine,F,10,0,10
Ondrea,F,22,0,22
Oneal,M,1194,1194,0
Oneda,F,15,0,15
Oneida,F,449,0,449
Oneil,M,359,359,0
Oneisha,F,44,0,44
Oneita,F,69,0,69
Oneka,F,5,0,5
Onelia,F,17,0,17
Onesimo,M,190,190,0
Oneta,F,609,0,609
Ong,F,5,0,5
Onica,F,17,0,17
Onie,F,303,10,293
Oniel,M,6,6,0
Onika,F,38,0,38
Onita,F,144,0,144
Onix,M,20,20,0
Onnie,F,224,26,198
Onnolee,F,12,0,12
Onofre,M,24,24,0
Onofrio,M,118,118,0
Onolee,F,5,0,5
Ontario,M,57,57,0
Onyinyechi,F,10,0,10
Onyx,M,476,433,43
Onzell,F,7,0,7
Oona,F,389,0,389
Opal,F,56796,107,56689
Opha,F,16,5,11
Ophelia,F,11488,0,11488
Ophia,F,5,0,5
Opie,M,37,37,0
Ople,F,7,0,7
Oppie,F,5,0,5
Oprah,F,11,0,11
Ora,F,27090,1979,25111
Orabelle,F,5,0,5
Oracio,M,165,165,0
Oral,M,773,773,0
Oralee,F,22,0,22
Oralia,F,4744,0,4744
Oran,M,1204,1204,0
Orange,M,11,11,0
Orasio,M,5,5,0
Orazio,M,75,75,0
Orbie,M,81,81,0
Orbin,M,56,56,0
Orchid,F,5,0,5
Ordean,M,38,38,0
Ordell,M,15,15,0
Ordella,F,5,0,5
Oreatha,F,5,0,5
Oree,M,5,5,0
Orel,F,38,22,16
Orelia,F,380,0,380
Oren,M,3147,3147,0
Orena,F,10,0,10
Orene,F,208,0,208
Orenthal,M,16,16,0
Oreoluwa,F,39,10,29
Orest,M,47,47,0
Oreste,M,43,43,0
Orestes,M,35,35,0
Oreta,F,5,0,5
Oretha,F,102,0,102
Orfa,F,5,0,5
Orfalinda,F,5,0,5
Orfelinda,F,15,0,15
Ori,M,431,431,0
Orian,M,5,5,0
Oriana,F,1271,0,1271
Orianna,F,254,0,254
Orie,U,48,32,16
Oriel,M,15,15,0
Orin,M,1003,1003,0
Orion,M,11741,11710,31
Oris,M,149,149,0
Orissa,F,6,0,6
Orit,F,5,0,5
Orla,F,111,0,111
Orlan,M,25,25,0
Orland,M,319,319,0
Orlanda,M,21,21,0
Orlando,M,42408,42408,0
Orlean,F,27,0,27
Orlena,F,5,0,5
Orlene,F,5,0,5
Orley,M,10,10,0
Orli,F,33,0,33
Orlidia,F,5,0,5
Orlin,M,219,219,0
Orlinda,F,27,0,27
Orlo,M,126,126,0
Orly,F,203,0,203
Orma,F,20,0,20
Orman,M,11,11,0
Orna,F,5,0,5
Ornella,F,5,0,5
Orneta,F,5,0,5
Oronde,M,41,41,0
Orpha,F,2155,0,2155
Orpheus,M,5,5,0
Orquidea,F,5,0,5
Orrie,F,10,0,10
Orrin,M,1119,1119,0
Orris,M,63,63,0
Orry,M,39,39,0
Orson,M,248,248,0
Ortencia,F,30,0,30
Ortensia,F,17,0,17
Orva,F,13,0,13
Orval,M,4936,4936,0
Orvel,M,163,163,0
Orvella,F,5,0,5
Orvil,M,510,510,0
Orvilla,F,5,0,5
Orville,M,28692,28686,6
Orvin,M,184,184,0
Orvis,M,100,100,0
Ory,M,5,5,0
Oryan,M,112,112,0
Osa,F,11,5,6
Osama,M,205,205,0
Osamu,M,26,26,0
Osbaldo,M,2054,2054,0
Osborn,M,29,29,0
Osborne,M,72,72,0
Oscar,M,179730,179494,236
Osco,M,5,5,0
Oseas,M,26,26,0
Osei,M,5,5,0
Oseias,M,90,90,0
Oshae,M,6,6,0
Oshane,M,17,17,0
Oshay,M,36,36,0
Oshea,M,81,81,0
Oshen,M,5,5,0
Osher,M,43,43,0
Osias,M,14,14,0
Osie,F,200,32,168
Osiel,M,1409,1409,0
Osinachi,F,7,0,7
Osiris,U,1132,787,345
Oskar,M,1158,1158,0
Osman,M,1114,1114,0
Osmany,M,26,26,0
Osmar,M,1053,1053,0
Osmara,F,87,0,87
Osmel,M,15,15,0
Osmin,M,114,114,0
Osmond,M,10,10,0
Osnas,F,5,0,5
Ossie,F,1585,201,1384
Ostin,M,5,5,0
Osualdo,M,98,98,0
Osvaldo,M,11851,11851,0
Oswald,M,973,973,0
Oswaldo,M,4157,4157,0
Oswell,M,5,5,0
Oswin,M,5,5,0
Oteka,F,5,0,5
Otelia,F,305,0,305
Otha,M,4179,3846,333
Othel,M,149,149,0
Othell,M,15,15,0
Othella,F,70,0,70
Othello,F,5,0,5
Other,M,5,5,0
Othmar,M,18,18,0
Othniel,M,19,19,0
Otho,M,1086,1086,0
Othon,M,5,5,0
Othoniel,M,5,5,0
Otila,F,383,0,383
Otilia,F,705,0,705
Otilio,M,26,26,0
Otis,M,49763,49699,64
Otmer,M,5,5,0
Otoniel,M,270,270,0
Ott,M,5,5,0
Ottie,F,99,10,89
Ottilia,F,5,0,5
Ottilie,F,28,0,28
Ottis,M,2270,2270,0
Otto,M,20424,20424,0
Ouida,F,3238,0,3238
Ouita,F,6,0,6
Oumar,M,231,231,0
Oumou,F,265,0,265
Ousman,M,55,55,0
Ousmane,M,195,195,0
Ova,F,681,254,427
Ovadia,M,29,29,0
Oval,M,134,123,11
Oved,M,5,5,0
Oveda,F,5,0,5
Ovel,M,5,5,0
Oveline,F,5,0,5
Ovell,F,7,0,7
Ovella,F,5,0,5
Overton,M,22,22,0
Oveta,F,5,0,5
Ovetta,F,21,0,21
Ovey,M,5,5,0
Ovida,F,5,0,5
Ovide,M,5,5,0
Ovidio,M,393,393,0
Ovie,U,42,27,15
Ovila,M,72,72,0
Oviya,F,7,0,7
Owais,M,5,5,0
Owen,M,171758,171750,8
Owens,M,10,10,0
Owyn,M,41,41,0
Oyindamola,F,5,0,5
Oyuki,F,25,0,25
Oz,M,71,71,0
Ozell,F,784,349,435
Ozella,F,761,0,761
Ozelle,F,62,0,62
Oziah,M,6,6,0
Ozias,M,92,92,0
Ozie,F,439,57,382
Oziel,M,1176,1176,0
Ozil,M,5,5,0
Ozite,F,5,0,5
Ozzie,U,541,377,164
Ozzy,M,432,432,0
Pa,F,1096,0,1096
Pabla,F,13,0,13
Pablita,F,16,0,16
Pablo,M,40974,40967,7
Pace,M,61,61,0
Pacen,M,10,10,0
Pacey,M,12,12,0
Pachia,F,32,0,32
Pacita,F,24,0,24
Packer,M,5,5,0
Paco,M,15,15,0
Paden,M,364,364,0
Padma,F,5,0,5
Padme,F,6,0,6
Padraic,M,67,67,0
Padraig,M,106,106,0
Paeton,F,5,0,5
Paetyn,F,133,0,133
Page,F,986,133,853
Pahola,F,35,0,35
Pahoua,F,49,0,49
Paige,F,136085,92,135993
Paighton,F,7,0,7
Pairlee,F,5,0,5
Paislee,F,5248,0,5248
Paisleigh,F,956,0,956
Paisley,F,31844,0,31844
Paislie,F,41,0,41
Paislynn,F,20,0,20
Paisyn,F,5,0,5
Paiten,F,5,0,5
Paiton,F,223,0,223
Paityn,F,3640,0,3640
Paitynn,F,5,0,5
Paizlee,F,270,0,270
Paizleigh,F,5,0,5
Paizley,F,343,0,343
Pajtim,M,12,12,0
Pakou,F,53,0,53
Pal,M,5,5,0
Palak,F,16,0,16
Palani,M,17,17,0
Palin,F,6,0,6
Pallavi,F,33,0,33
Palma,F,1627,0,1627
Palmer,M,3662,2879,783
Palmina,F,64,0,64
Palmira,F,232,0,232
Palmyra,F,5,0,5
Paloma,F,6881,0,6881
Pam,F,31339,0,31339
Pamala,F,4985,0,4985
Pamela,F,591797,114,591683
Pamelia,F,713,0,713
Pamella,F,1124,0,1124
Pamila,F,37,0,37
Pamla,F,42,0,42
Pammy,F,15,0,15
Pamula,F,21,0,21
Panagiota,F,135,0,135
Panagiotis,M,451,451,0
Panayiota,F,5,0,5
Pancho,M,15,15,0
Pandora,F,721,0,721
Panfilo,M,20,20,0
Pang,F,388,0,388
Panhia,F,22,0,22
Pansy,F,6572,0,6572
Pantaleon,M,11,11,0
Pantelis,M,23,23,0
Pao,M,157,157,0
Paola,F,20919,33,20886
Paolina,F,11,0,11
Paolo,M,1893,1893,0
Papa,M,21,21,0
Pape,M,6,6,0
Par,F,5,0,5
Para,F,5,0,5
Paradise,F,204,0,204
Paralee,F,128,0,128
Param,M,36,36,0
Paraskevi,F,11,0,11
Pardeep,M,5,5,0
Pari,F,126,0,126
Paris,F,30349,4830,25519
Parisa,F,237,0,237
Parish,M,75,75,0
Parissa,F,10,0,10
Parizoda,F,12,0,12
Park,M,143,143,0
Parke,M,64,64,0
Parker,M,109630,95994,13636
Parks,M,187,187,0
Parlee,F,23,0,23
Parley,M,181,181,0
Parneet,F,52,0,52
Parnell,M,60,60,0
Parniece,F,5,0,5
Parnika,F,21,0,21
Parris,F,540,273,267
Parrish,M,875,864,11
Parry,M,15,15,0
Parsa,M,236,236,0
Parth,M,1025,1025,0
Parthenia,F,81,0,81
Parveen,F,6,0,6
Parvina,F,5,0,5
Parys,F,5,0,5
Pascal,M,361,361,0
Pascale,F,127,0,127
Pascha,F,5,0,5
Paschal,M,5,5,0
Pasco,M,220,220,0
Pascual,M,1535,1535,0
Pascuala,F,68,0,68
Pasha,M,49,49,0
Pasqua,F,5,0,5
Pasqual,M,75,75,0
Pasquale,M,8257,8257,0
Pasqualina,F,247,0,247
Pasqualino,M,5,5,0
Passion,F,668,0,668
Pastor,M,5,5,0
Pat,F,60345,22718,37627
Patches,F,5,0,5
Pate,M,6,6,0
Pater,M,5,5,0
Pati,F,10,0,10
Patience,F,6840,0,6840
Patra,F,5,0,5
Patrcia,F,5,0,5
Patrecia,F,5,0,5
Patria,F,11,0,11
Patric,M,661,661,0
Patrica,F,5685,0,5685
Patrice,F,31068,136,30932
Patrici,F,151,0,151
Patricia,F,1570918,2165,1568753
Patriciaann,F,53,0,53
Patriciajo,F,5,0,5
Patricio,M,2715,2715,0
Patrick,M,665387,664811,576
Patrik,M,16,16,0
Patrina,F,589,0,589
Patrisha,F,59,0,59
Patrisia,F,224,0,224
Patrizia,F,128,0,128
Patrocinio,M,5,5,0
Patrycia,F,6,0,6
Patrycja,F,116,0,116
Patryk,M,671,671,0
Patsie,F,23,0,23
Patsy,F,121820,6479,115341
Patt,F,29,0,29
Patti,F,41941,0,41941
Pattiann,F,24,0,24
Pattie,F,5724,0,5724
Patton,M,146,146,0
Patty,F,59366,22,59344
Pattye,F,11,0,11
Patzy,F,5,0,5
Pau,M,19,19,0
Paublo,M,22,22,0
Paul,M,1363539,1361580,1959
Paula,F,273706,35,273671
Paulanthony,M,5,5,0
Paulene,F,39,0,39
Pauletta,F,907,0,907
Paulette,F,43010,0,43010
Paulina,F,13939,0,13939
Pauline,F,200314,17,200297
Paulino,M,790,790,0
Paulita,F,400,0,400
Paulmichael,M,15,15,0
Paulo,M,2813,2813,0
Paulyne,F,5,0,5
Pavan,M,52,52,0
Pavel,M,492,492,0
Pavle,M,5,5,0
Paw,F,12,0,12
Pawel,M,222,222,0
Pax,M,89,89,0
Paxon,M,16,16,0
Paxson,M,59,59,0
Paxton,M,16062,15678,384
Paxtyn,F,18,5,13
Payal,F,245,0,245
Payam,M,54,54,0
Payden,M,248,199,49
Payge,F,161,0,161
Paymon,M,6,6,0
Payne,M,224,224,0
Payslee,F,32,0,32
Payson,F,471,277,194
Payten,F,1848,26,1822
Paytin,F,47,0,47
Payton,F,71616,21180,50436
Paytyn,F,26,0,26
Payzlee,F,6,0,6
Paz,F,102,29,73
Peace,F,21,0,21
Peaches,F,50,0,50
Peachie,F,11,0,11
Pearce,M,77,77,0
Pearl,F,102260,1103,101157
Pearla,F,102,0,102
Pearle,F,415,0,415
Pearlean,F,361,0,361
Pearlee,F,5,0,5
Pearlena,F,27,0,27
Pearlene,F,651,0,651
Pearley,F,11,0,11
Pearlie,F,14217,66,14151
Pearlina,F,5,0,5
Pearline,F,4301,0,4301
Pearly,F,373,6,367
Pearse,M,5,5,0
Pearson,M,152,152,0
Pebbles,F,77,0,77
Pecola,F,134,0,134
Pecolia,F,25,0,25
Pecos,M,13,13,0
Peder,M,67,67,0
Pedram,M,11,11,0
Pedro,M,83818,83694,124
Pedrohenrique,M,68,68,0
Peg,F,133,0,133
Pegah,F,5,0,5
Pegeen,F,26,0,26
Pegge,F,5,0,5
Peggi,F,35,0,35
Peggie,F,4728,0,4728
Peggy,F,288531,35,288496
Peggyann,F,15,0,15
Peggye,F,16,0,16
Peighton,F,1097,0,1097
Peightyn,F,5,0,5
Pele,M,5,5,0
Pelham,M,5,5,0
Pella,F,5,0,5
Pellegrino,M,5,5,0
Pema,F,17,0,17
Penelope,F,55107,0,55107
Peng,M,85,85,0
Peni,F,10,5,5
Penina,F,301,0,301
Penn,M,93,93,0
Penne,F,56,0,56
Pennelope,F,22,0,22
Penney,F,356,0,356
Penni,F,881,0,881
Pennie,F,2691,0,2691
Penny,F,94025,0,94025
Pennye,F,12,0,12
Pepe,M,5,5,0
Pepper,F,856,0,856
Percell,M,335,335,0
Percilla,F,10,0,10
Percival,M,22,22,0
Percy,M,22823,22792,31
Perel,F,468,0,468
Peretz,M,32,32,0
Perez,M,15,15,0
Perfecta,F,11,0,11
Perfecto,M,217,217,0
Peri,F,613,0,613
Perina,F,8,0,8
Perkins,M,5,5,0
Perl,F,303,0,303
Perla,F,17415,6,17409
Perle,F,5,0,5
Perley,M,273,273,0
Perlie,F,26,0,26
Perline,F,5,0,5
Perlita,F,116,0,116
Perma,F,6,0,6
Pernell,M,1067,1006,61
Pernie,F,30,0,30
Perri,F,438,0,438
Perrin,M,31,31,0
Perrion,M,17,17,0
Perris,U,30,20,10
Perry,M,68017,67632,385
Persephone,F,980,0,980
Perseus,M,100,100,0
Pershing,M,332,332,0
Persia,F,134,0,134
Persis,F,10,0,10
Pervis,M,32,32,0
Pesach,M,11,11,0
Pesha,F,5,0,5
Peshy,F,5,0,5
Pessel,F,13,0,13
Pessie,F,5,0,5
Pessy,F,710,0,710
Petar,M,44,44,0
Pete,M,36319,36319,0
Peter,M,561388,561022,366
Peterson,M,196,196,0
Petie,M,5,5,0
Petr,M,12,12,0
Petra,F,9018,31,8987
Petrina,F,588,0,588
Petrita,F,36,0,36
Petronella,F,12,0,12
Petronila,F,6,0,6
Petronilo,M,6,6,0
Petros,M,73,73,0
Petula,F,6,0,6
Peyten,F,27,0,27
Peytin,F,5,0,5
Peyton,F,113653,45297,68356
Phaedra,F,357,0,357
Pharaoh,M,365,365,0
Pharell,M,11,11,0
Phares,M,58,58,0
Pharoah,M,17,17,0
Pharrell,M,45,45,0
Phat,M,5,5,0
Pheba,F,5,0,5
Phebe,F,88,0,88
Pheng,M,293,293,0
Phenix,M,6,6,0
Pheobe,F,21,0,21
Pheonix,M,15,15,0
Phi,M,109,109,0
Phil,M,15229,15229,0
Philander,M,5,5,0
Philbert,M,74,74,0
Philemon,M,7,7,0
Philicia,F,29,0,29
Philip,M,331010,330956,54
Philipe,M,6,6,0
Philipp,M,20,20,0
Philippa,F,169,0,169
Philippe,M,1122,1122,0
Phillip,M,302900,302819,81
Phillipe,M,29,29,0
Phillips,M,5,5,0
Phillis,F,1076,0,1076
Philo,M,5,5,0
Philomena,F,5941,0,5941
Philomene,F,27,0,27
Philomenia,F,5,0,5
Philopateer,M,5,5,0
Philopater,M,6,6,0
Phineas,M,658,658,0
Phinizy,M,5,5,0
Phoebe,F,24401,0,24401
Phoenix,U,19826,12671,7155
Phoenyx,F,13,0,13
Phong,M,324,324,0
Phoua,F,29,0,29
Phu,M,52,52,0
Phuc,M,52,47,5
Phung,F,27,0,27
Phuong,F,495,68,427
Phylicia,F,1489,0,1489
Phylis,F,898,0,898
Phyliss,F,496,0,496
Phyllis,F,317201,32,317169
Phylliss,F,5,0,5
Phyllistine,F,5,0,5
Pia,F,1209,0,1209
Piccola,F,53,0,53
Piedad,F,20,0,20
Pier,F,11,0,11
Pierce,M,11705,11700,5
Pierina,F,41,0,41
Piero,M,106,106,0
Pierre,M,12952,12952,0
Piers,M,17,17,0
Pierson,M,997,997,0
Pieter,M,79,79,0
Pietrina,F,5,0,5
Pietro,M,745,745,0
Pihu,F,5,0,5
Piilani,F,5,0,5
Pilar,F,3179,321,2858
Pina,F,12,0,12
Pinar,F,5,0,5
Pinchas,M,711,711,0
Pinches,M,28,28,0
Pinchos,M,195,195,0
Pinchus,M,434,434,0
Pinckney,M,6,6,0
Pincus,M,35,35,0
Pink,M,80,80,0
Pinkey,F,5,0,5
Pinkie,F,1722,0,1722
Pinkney,M,36,36,0
Pio,M,5,5,0
Piotr,M,410,410,0
Piper,F,39850,5,39845
Pippa,F,229,0,229
Pita,F,27,0,27
Pius,M,86,86,0
Pixie,F,45,0,45
Placida,F,11,0,11
Placido,M,276,276,0
Plato,M,28,28,0
Platon,M,48,48,0
Pleas,M,39,39,0
Pleasant,M,10,10,0
Pledger,M,6,6,0
Pleshette,F,16,0,16
Pluma,F,34,0,34
Plummer,M,70,70,0
Poet,F,5,0,5
Pola,F,71,0,71
Polett,F,5,0,5
Polette,F,16,0,16
Policarpio,M,6,6,0
Polina,F,396,0,396
Polk,M,6,6,0
Pollie,F,112,0,112
Polly,F,22825,0,22825
Pollyanna,F,27,0,27
Polo,M,61,61,0
Pomaikai,F,5,0,5
Ponciano,M,44,44,0
Pono,M,21,21,0
Pooja,F,1041,0,1041
Pookela,M,58,58,0
Poonam,F,39,0,39
Pope,M,5,5,0
Poppy,F,1677,0,1677
Porcha,F,301,0,301
Porche,F,233,0,233
Porchea,F,6,0,6
Porchia,F,64,0,64
Porfiria,F,124,0,124
Porfirio,M,2305,2305,0
Porscha,F,572,0,572
Porsche,F,1087,0,1087
Porschea,F,11,0,11
Porschia,F,18,0,18
Porsha,F,2553,0,2553
Porshay,F,10,0,10
Porshe,F,15,0,15
Porshia,F,94,0,94
Porter,M,11353,11323,30
Portia,F,6149,8,6141
Portland,F,5,0,5
Posey,U,58,36,22
Pota,F,12,0,12
Powell,M,17,17,0
Prabhjot,M,33,33,0
Prabhleen,F,5,0,5
Prachi,F,38,0,38
Pragya,F,6,0,6
Prairie,F,6,0,6
Praise,F,114,15,99
Prajna,F,5,0,5
Pranathi,F,5,0,5
Pranav,M,2730,2730,0
Pranavi,F,65,0,65
Pranay,M,46,46,0
Praneel,M,19,19,0
Prashant,M,5,5,0
Prateek,M,12,12,0
Pratham,M,64,64,0
Pratik,M,45,45,0
Praveen,M,5,5,0
Preciliano,M,6,6,0
Precilla,F,85,0,85
Preciosa,F,25,0,25
Precious,F,15955,5,15950
Preet,F,10,0,10
Preethi,F,5,0,5
Preeti,F,6,0,6
Prem,M,28,28,0
Prentice,M,900,900,0
Prentis,M,101,101,0
Prentiss,M,732,732,0
Prerana,F,5,0,5
Prescilla,F,324,0,324
Prescott,M,71,71,0
President,M,5,5,0
Preslea,F,6,0,6
Preslee,F,1729,0,1729
Presleigh,F,626,0,626
Presley,F,20624,1291,19333
Presli,F,91,0,91
Preslie,F,535,0,535
Preslyn,F,10,0,10
Pressley,F,69,5,64
Presten,M,5,5,0
Prestin,M,5,5,0
Preston,M,106511,106493,18
Prestyn,U,72,54,18
Pretto,F,5,0,5
Price,M,537,537,0
Pricila,F,503,0,503
Pricilla,F,2034,0,2034
Pricsilla,F,5,0,5
Priest,M,11,11,0
Primitivo,M,180,180,0
Primo,M,70,70,0
Primrose,F,80,0,80
Prince,M,11933,11881,52
Princesa,F,119,0,119
Princess,F,10234,6,10228
Princessa,F,35,0,35
Princeston,M,17,17,0
Princeton,M,3982,3982,0
Printes,M,5,5,0
Prisca,F,5,0,5
Priscella,F,151,0,151
Priscila,F,3016,0,3016
Priscill,F,7,0,7
Priscilla,F,113519,18,113501
Priscille,F,95,0,95
Priseis,F,24,0,24
Prisha,F,1059,0,1059
Prisila,F,355,0,355
Prisilla,F,291,0,291
Prisma,F,139,0,139
Prissy,F,5,0,5
Pritesh,M,5,5,0
Prithvi,M,33,33,0
Priti,F,11,0,11
Priya,F,3902,0,3902
Priyanka,F,750,0,750
Procopio,M,10,10,0
Proctor,M,5,5,0
Promise,F,2263,5,2258
Providence,F,225,0,225
Providencia,F,45,0,45
Prudence,F,1588,0,1588
Prudencia,F,6,0,6
Prudencio,M,79,79,0
Prue,M,5,5,0
Pryce,M,99,99,0
Prynce,M,31,31,0
Pryor,M,6,6,0
Pualani,F,44,0,44
Puanani,F,9,0,9
Puja,F,226,0,226
Puneet,F,46,5,41
Pura,F,27,0,27
Purcell,M,17,17,0
Purity,F,13,0,13
Purnell,M,86,86,0
Purvi,F,6,0,6
Purvis,M,93,93,0
Pyper,F,1570,0,1570
Qaadir,M,5,5,0
Qadir,M,48,48,0
Qadriyyah,F,10,0,10
Qalid,M,5,5,0
Qasim,M,212,212,0
Qiana,F,1540,0,1540
Quadarius,M,113,113,0
Quadasia,F,7,0,7
Quade,M,108,108,0
Quadir,M,1013,1013,0
Quadira,F,11,0,11
Quaid,M,53,53,0
Quamaine,M,41,41,0
Quamane,M,5,5,0
Quamel,M,39,39,0
Quamere,M,23,23,0
Quamir,M,316,316,0
Quan,M,202,202,0
Quanah,M,5,5,0
Quanasia,F,58,0,58
Quanda,F,60,0,60
Quandarius,M,39,39,0
Quandell,M,5,5,0
Quaneisha,F,61,0,61
Quanesha,F,170,0,170
Quaneshia,F,10,0,10
Quanetta,F,5,0,5
Quang,M,214,214,0
Quanika,F,5,0,5
Quanisha,F,805,0,805
Quanita,F,6,0,6
Quaniya,F,5,0,5
Quantavious,M,263,263,0
Quantavis,M,6,6,0
Quantavius,M,111,111,0
Quante,M,5,5,0
Quantez,M,31,31,0
Quantina,F,10,0,10
Quaron,M,5,5,0
Quartez,M,17,17,0
Quashawn,M,143,143,0
Quasim,M,21,21,0
Quasir,M,5,5,0
Quatasia,F,10,0,10
Quatesha,F,5,0,5
Quatisha,F,5,0,5
Quavion,M,6,6,0
Quavis,M,5,5,0
Quavon,M,18,18,0
Quaylon,M,6,6,0
Quayon,M,6,6,0
Quayshaun,M,42,42,0
Quayshawn,M,20,20,0
Que,M,5,5,0
Queen,F,10662,0,10662
Queena,F,224,0,224
Queenasia,F,5,0,5
Queenie,F,1428,0,1428
Quendarius,M,6,6,0
Quentavious,M,66,66,0
Quentavius,M,13,13,0
Quenten,M,5,5,0
Quentin,M,35363,35363,0
Quention,M,5,5,0
Quenton,M,680,680,0
Quessie,F,5,0,5
Quest,M,54,54,0
Quetcy,F,22,0,22
Quetzal,F,5,0,5
Quetzali,F,86,0,86
Quetzalli,F,279,0,279
Quetzally,F,11,0,11
Quetzaly,F,85,0,85
Quiana,F,2459,0,2459
Quianna,F,68,0,68
Quiara,F,8,0,8
Quillie,M,5,5,0
Quin,M,148,133,15
Quincee,F,29,0,29
Quincey,M,224,175,49
Quinci,F,5,0,5
Quincy,M,21561,20241,1320
Quindarius,M,195,195,0
Quindarrius,M,5,5,0
Quindell,M,5,5,0
Quindon,M,41,41,0
Quinesha,F,5,0,5
Quinetta,F,15,0,15
Quinette,F,5,0,5
Quinisha,F,5,0,5
Quinlan,M,856,814,42
Quinlee,F,5,0,5
Quinley,F,16,0,16
Quinlyn,F,5,0,5
Quinn,F,54354,27949,26405
Quinnton,M,5,5,0
Quint,M,74,74,0
Quintan,M,5,5,0
Quintarious,M,5,5,0
Quintarius,M,78,78,0
Quintavious,M,483,483,0
Quintavis,M,25,25,0
Quintavius,M,202,202,0
Quintella,F,23,0,23
Quinten,M,4317,4317,0
Quinterious,M,5,5,0
Quinterius,M,5,5,0
Quinterrius,M,16,16,0
Quintessa,F,5,0,5
Quintez,M,88,88,0
Quintin,M,10710,10710,0
Quintina,F,121,0,121
Quinton,M,25195,25190,5
Quintrell,M,22,22,0
Quintus,M,81,81,0
Quintyn,M,5,5,0
Quirino,M,21,21,0
Quisto,M,5,5,0
Quitman,M,75,75,0
Quoc,M,149,149,0
Quontavious,M,10,10,0
Quorra,F,21,0,21
Quovadis,F,6,0,6
Quran,M,714,714,0
Quron,M,11,11,0
Qusai,M,6,6,0
Quy,M,6,6,0
Quyen,F,47,0,47
Quynh,F,19,0,19
Raahim,M,5,5,0
Raaina,F,6,0,6
Raashida,F,10,0,10
Rabab,F,7,0,7
Rabecca,F,61,0,61
Rabia,F,145,0,145
Rabon,M,55,55,0
Rabun,M,12,12,0
Race,M,153,153,0
Rachael,F,77246,7,77239
Rachal,F,270,0,270
Rachana,F,7,0,7
Racheal,F,7080,0,7080
Rachel,F,552805,375,552430
Rachelann,F,29,0,29
Rachelanne,F,5,0,5
Rachele,F,1334,0,1334
Rachell,F,1209,0,1209
Rachelle,F,29944,0,29944
Rachyl,F,5,0,5
Raciel,M,5,5,0
Racine,F,67,0,67
Racquel,F,2643,0,2643
Radames,M,346,346,0
Radford,M,48,48,0
Radha,F,89,0,89
Radhames,M,20,20,0
Radhika,F,257,0,257
Radiah,F,21,0,21
Radin,M,12,12,0
Radley,M,159,159,0
Radonna,F,17,0,17
Radwan,M,11,11,0
Rae,F,14253,5,14248
Raeana,F,6,0,6
Raeann,F,1117,0,1117
Raeanna,F,307,0,307
Raeanne,F,268,0,268
Raechel,F,542,0,542
Raechelle,F,10,0,10
Raef,M,5,5,0
Raeford,M,466,466,0
Raegan,F,15539,0,15539
Raegen,F,32,0,32
Raeghan,F,10,0,10
Raejean,F,5,0,5
Raekwan,M,5,5,0
Raekwon,M,1575,1575,0
Rael,F,11,5,6
Raelee,F,290,0,290
Raeleen,F,92,0,92
Raeleigh,F,591,0,591
Raelene,F,784,0,784
Raeley,F,5,0,5
Raeli,F,5,0,5
Raelin,F,69,0,69
Raelyn,F,7408,0,7408
Raelynn,F,12153,0,12153
Raelynne,F,7,0,7
Raena,F,137,0,137
Raenette,F,10,0,10
Raengel,F,10,0,10
Raequan,M,153,153,0
Raequon,M,5,5,0
Raeven,F,118,0,118
Raevyn,F,44,0,44
Raeya,F,5,0,5
Rafael,M,74317,74182,135
Rafaela,F,1748,0,1748
Rafaelita,F,21,0,21
Rafaella,F,117,0,117
Rafal,M,47,47,0
Rafan,M,13,13,0
Rafat,M,5,5,0
Rafay,M,13,13,0
Rafe,M,324,324,0
Rafeal,M,72,72,0
Rafelita,F,6,0,6
Raffaela,F,362,0,362
Raffaele,M,279,279,0
Raffaella,F,21,0,21
Rafferty,M,5,5,0
Raffi,M,359,359,0
Rafi,M,83,83,0
Rafia,F,11,0,11
Rafid,M,11,11,0
Rafiq,M,76,76,0
Rafuel,M,14,14,0
Ragan,F,366,0,366
Ragen,F,11,0,11
Ragene,M,6,6,0
Raghad,F,29,0,29
Raghav,M,363,363,0
Ragna,F,5,0,5
Ragnar,M,27,27,0
Raguel,F,37,0,37
Raha,F,5,0,5
Rahaf,F,118,0,118
Rahat,M,10,10,0
Rahcel,F,5,0,5
Raheem,M,5828,5828,0
Raheen,M,149,149,0
Raheim,M,127,127,0
Rahel,F,21,0,21
Rahiem,M,123,123,0
Rahil,M,26,26,0
Rahim,M,459,459,0
Rahma,F,276,0,276
Rahman,M,195,195,0
Rahmel,M,324,324,0
Rahmell,M,7,7,0
Rahmir,M,160,160,0
Rahn,M,37,37,0
Rahsaan,M,580,580,0
Rahsean,M,6,6,0
Rahshawn,M,5,5,0
Rahul,M,1968,1968,0
Rahwa,F,5,0,5
Rai,M,17,17,0
Raiden,M,5451,5435,16
Raider,M,35,35,0
Raidyn,M,22,22,0
Raifa,F,5,0,5
Raiford,M,41,41,0
Raigan,F,70,0,70
Raigen,F,10,0,10
Raihan,M,29,29,0
Railee,F,17,0,17
Railey,F,96,0,96
Railyn,F,100,0,100
Railynn,F,101,0,101
Raima,F,11,0,11
Rain,F,1056,134,922
Raina,F,7014,0,7014
Rainbow,F,36,0,36
Raine,F,657,0,657
Rainee,F,11,0,11
Rainell,F,8,0,8
Rainelle,F,9,0,9
Rainer,M,59,59,0
Rainey,F,275,0,275
Raini,F,10,0,10
Rainie,F,30,0,30
Rainier,M,99,99,0
Rainy,F,29,0,29
Raisa,F,439,0,439
Raissa,F,16,0,16
Raiven,F,5,0,5
Raiya,F,5,0,5
Raiyan,M,33,33,0
Raiza,F,27,0,27
Raizel,F,968,0,968
Raizy,F,1746,0,1746
Raj,M,742,742,0
Raja,M,52,52,0
Rajahn,M,8,8,0
Rajan,M,186,186,0
Rajanee,F,7,0,7
Rajdeep,F,10,5,5
Rajeev,M,25,25,0
Rajendra,M,10,10,0
Rajesh,M,199,199,0
Rajiv,M,194,194,0
Rajohn,M,19,19,0
Rajon,M,141,141,0
Rajveer,M,111,111,0
Rajvir,M,25,25,0
Rakan,M,50,50,0
Rakeem,M,964,964,0
Rakel,F,5,0,5
Rakesh,M,50,50,0
Rakia,F,12,0,12
Rakim,M,391,391,0
Rakin,M,5,5,0
Rakiya,F,18,0,18
Rakiyah,F,15,0,15
Raleigh,M,4332,3549,783
Raley,F,16,0,16
Ralf,M,7,7,0
Raliek,M,10,10,0
Ralik,M,20,20,0
Ralph,M,389605,389519,86
Ralpheal,M,10,10,0
Ralphie,M,10,10,0
Ralphy,M,10,10,0
Ralston,M,18,18,0
Ram,M,95,95,0
Rama,F,54,6,48
Raman,M,6,6,0
Ramandeep,F,26,0,26
Ramata,F,16,0,16
Ramatoulaye,F,26,0,26
Ramces,M,17,17,0
Rameek,M,5,5,0
Rameen,F,10,5,5
Ramel,M,718,718,0
Ramell,M,93,93,0
Rameses,M,6,6,0
Ramesh,M,5,5,0
Ramey,M,6,6,0
Rami,M,1417,1417,0
Ramie,F,20,0,20
Ramil,M,6,6,0
Ramin,M,90,90,0
Ramir,M,153,153,0
Ramirez,M,6,6,0
Ramiro,M,21756,21756,0
Ramisa,F,17,0,17
Ramiya,F,22,0,22
Ramiyah,F,217,0,217
Ramla,F,40,0,40
Ramon,M,69178,69127,51
Ramona,F,63439,11,63428
Ramoncita,F,6,0,6
Ramond,M,76,76,0
Ramone,M,558,558,0
Ramonia,F,10,0,10
Ramonita,F,308,0,308
Ramsay,M,5,5,0
Ramsen,M,5,5,0
Ramses,M,1596,1596,0
Ramsey,M,2528,2243,285
Ramsha,F,10,0,10
Ramy,M,148,148,0
Ramya,F,224,0,224
Ramzi,M,97,97,0
Ramzy,M,11,11,0
Rana,F,1738,0,1738
Ranada,F,100,0,100
Ranae,F,623,0,623
Ranata,F,6,0,6
Ranbir,M,12,12,0
Rance,M,462,462,0
Rand,M,804,804,0
Randa,F,893,0,893
Randal,M,25278,25264,14
Randale,M,10,10,0
Randall,M,194062,193973,89
Rande,M,26,21,5
Randee,F,854,0,854
Randeep,M,10,10,0
Randel,M,1139,1139,0
Randell,M,6230,6230,0
Randi,F,25726,56,25670
Randie,F,209,0,209
Randiel,M,6,6,0
Randle,M,684,684,0
Randol,M,15,15,0
Randolf,M,127,127,0
Randolph,M,44262,44262,0
Randon,M,264,264,0
Randy,M,328292,325691,2601
Randye,F,63,0,63
Ranee,F,198,0,198
Raneem,F,71,0,71
Raneisha,F,16,0,16
Ranesha,F,21,0,21
Ranferi,M,17,17,0
Ranger,M,126,126,0
Rani,F,200,5,195
Rania,F,1194,0,1194
Raniah,F,32,0,32
Ranijah,F,5,0,5
Ranisha,F,60,0,60
Raniya,F,605,0,605
Raniyah,F,990,0,990
Ranjit,M,5,5,0
Rannie,M,5,5,0
Ransom,M,726,726,0
Ranulfo,M,17,17,0
Ranveer,M,118,118,0
Ranvir,M,23,23,0
Ranya,F,133,0,133
Raoul,M,793,793,0
Raphael,M,14105,14105,0
Raphaela,F,5,0,5
Raphaella,F,10,0,10
Rapheal,M,140,140,0
Raquan,M,669,669,0
Raquel,F,45566,37,45529
Raquelin,F,5,0,5
Raquell,F,5,0,5
Raquelle,F,86,0,86
Raquon,M,17,17,0
Ras,M,10,10,0
Rasean,M,37,37,0
Rasha,F,27,0,27
Rashaad,M,1564,1564,0
Rashaan,M,307,307,0
Rashad,M,13668,13668,0
Rashada,F,5,0,5
Rashamel,M,6,6,0
Rashan,M,325,325,0
Rashanda,F,43,0,43
Rashard,M,1418,1418,0
Rashaud,M,148,148,0
Rashaun,M,1439,1428,11
Rashaunda,F,6,0,6
Rashawn,M,4379,4346,33
Rashed,M,12,12,0
Rasheda,F,315,0,315
Rashee,M,5,5,0
Rasheed,M,3113,3113,0
Rasheeda,F,900,0,900
Rasheedah,F,374,0,374
Rasheem,M,577,577,0
Rasheema,F,7,0,7
Rasheen,M,742,732,10
Rasheena,F,21,0,21
Rasheida,F,5,0,5
Rasheim,M,7,7,0
Rasheka,F,6,0,6
Rashel,F,310,0,310
Rashell,F,186,0,186
Rashelle,F,216,0,216
Rashid,M,826,826,0
Rashida,F,1885,6,1879
Rashidah,F,39,0,39
Rashod,M,78,78,0
Rashon,M,678,678,0
Rashonda,F,501,0,501
Rashun,M,20,20,0
Rashunda,F,36,0,36
Rasool,M,15,15,0
Rasul,M,10,10,0
Ratana,M,5,5,0
Ratha,M,5,5,0
Rathana,F,5,0,5
Ratzy,F,22,0,22
Raudel,M,495,495,0
Raul,M,81109,80925,184
Raushanah,F,15,0,15
Ravan,F,5,0,5
Raveen,F,88,0,88
Raveena,F,67,0,67
Raven,F,38002,1026,36976
Ravenna,F,5,0,5
Ravi,M,1290,1290,0
Ravin,F,83,0,83
Ravina,F,7,0,7
Ravinder,M,15,15,0
Ravindra,M,16,16,0
Ravleen,F,5,0,5
Ravneet,F,32,5,27
Ravon,M,84,68,16
Ravonda,F,5,0,5
Ravyn,F,621,0,621
Rawan,F,354,0,354
Rawle,M,6,6,0
Rawley,M,5,5,0
Rawn,M,8,8,0
Ray,M,190778,188937,1841
Raya,F,1843,0,1843
Rayaan,M,209,191,18
Rayah,F,106,0,106
Rayan,M,4310,4089,221
Rayana,F,140,0,140
Rayane,M,6,6,0
Rayann,F,213,0,213
Rayanna,F,589,0,589
Rayanne,F,148,0,148
Rayansh,M,20,20,0
Raybon,M,25,25,0
Rayburn,M,994,994,0
Rayce,M,140,140,0
Raychel,F,229,0,229
Raychelle,F,14,0,14
Raydel,M,16,16,0
Rayden,M,2703,2697,6
Raydon,M,5,5,0
Raye,F,216,0,216
Rayetta,F,15,0,15
Rayfield,M,198,198,0
Rayford,M,3480,3480,0
Raygan,F,143,0,143
Raygen,F,10,0,10
Rayhan,M,197,197,0
Rayhona,F,5,0,5
Rayjon,M,6,6,0
Rayla,F,29,0,29
Raylan,M,3323,3301,22
Rayland,M,25,25,0
Raylee,F,2323,0,2323
Rayleen,F,440,0,440
Rayleigh,F,987,0,987
Raylen,M,416,345,71
Raylena,F,21,0,21
Raylene,F,1666,0,1666
Raylie,F,24,0,24
Raylin,F,216,32,184
Raylina,F,5,0,5
Raylon,M,266,266,0
Raylyn,F,46,0,46
Raylynn,F,1056,0,1056
Rayma,F,76,0,76
Raymar,M,5,5,0
Raymel,M,6,6,0
Raymie,M,15,15,0
Raymon,M,3514,3514,0
Raymona,F,5,0,5
Raymond,M,749631,748859,772
Raymondo,M,25,25,0
Raymone,M,21,21,0
Raymont,M,5,5,0
Raymund,M,69,69,0
Raymundo,M,7323,7323,0
Rayn,U,26,16,10
Rayna,F,6993,0,6993
Raynaldo,M,694,694,0
Raynard,M,931,931,0
Raynav,M,5,5,0
Rayne,F,3673,40,3633
Raynell,U,63,41,22
Raynelle,F,7,0,7
Rayner,M,5,5,0
Raynesha,F,32,0,32
Raynette,F,170,0,170
Raynisha,F,48,0,48
Raynold,M,22,22,0
Raynor,M,5,5,0
Rayon,M,11,11,0
Rayona,F,5,0,5
Rayonna,F,129,0,129
Rayquan,M,445,445,0
Raysa,F,10,0,10
Raysean,M,7,7,0
Raysha,F,5,0,5
Rayshaun,M,102,102,0
Rayshawn,M,2102,2097,5
Rayshon,M,27,27,0
Rayssa,F,33,0,33
Rayven,F,1212,0,1212
Rayvin,F,5,0,5
Rayvon,M,517,517,0
Raywood,M,40,40,0
Rayyan,M,1419,1419,0
Razan,F,95,0,95
Razi,M,5,5,0
Raziah,F,6,0,6
Raziel,M,415,415,0
Raziyah,F,5,0,5
Razmig,M,5,5,0
Rea,F,42,0,42
Reagan,F,52053,4451,47602
Reagen,F,11,0,11
Reaghan,F,107,0,107
Reah,F,5,0,5
Real,M,34,34,0
Reana,F,102,0,102
Reanetta,F,5,0,5
Reann,F,23,0,23
Reanna,F,3175,0,3175
Reanne,F,99,0,99
Reannon,F,5,0,5
Reatha,F,638,0,638
Reathel,F,5,0,5
Reather,F,242,0,242
Reaver,F,5,0,5
Reba,F,29238,0,29238
Rebacca,F,5,0,5
Rebbeca,F,44,0,44
Rebbecca,F,356,0,356
Rebeca,F,9967,0,9967
Rebecah,F,5,0,5
Rebecca,F,735389,315,735074
Rebeccah,F,244,0,244
Rebecka,F,946,0,946
Rebeckah,F,24,0,24
Rebeka,F,897,0,897
Rebekah,F,69979,0,69979
Rebekka,F,398,0,398
Rebekkah,F,208,0,208
Rebel,F,202,63,139
Rebie,F,5,0,5
Recardo,M,18,18,0
Rece,M,24,24,0
Rechel,F,46,0,46
Rechelle,F,38,0,38
Rechy,F,44,0,44
Reco,M,264,264,0
Record,M,6,6,0
Rector,M,10,10,0
Reda,F,340,11,329
Redding,M,5,5,0
Redell,U,16,11,5
Redford,M,5,5,0
Redmond,M,15,15,0
Redonna,F,10,0,10
Reece,M,16574,13952,2622
Reed,M,24390,24359,31
Reeda,F,10,0,10
Reef,M,472,472,0
Reegan,F,234,10,224
Reem,F,1432,0,1432
Reema,F,312,0,312
Reemas,F,5,0,5
Reena,F,674,0,674
Rees,M,32,32,0
Reese,F,41919,11733,30186
Reet,F,71,0,71
Reeva,F,49,0,49
Reeve,M,47,47,0
Reeves,M,15,15,0
Reeya,F,6,0,6
Refael,M,71,71,0
Refoel,M,64,64,0
Refugia,F,875,0,875
Refugio,M,3488,3046,442
Refujia,F,22,0,22
Refujio,M,92,92,0
Reg,M,5,5,0
Regan,F,13394,829,12565
Regena,F,579,0,579
Regenia,F,1032,0,1032
Reggie,M,7365,7360,5
Reghan,F,78,0,78
Regina,F,170149,26,170123
Reginae,F,233,0,233
Reginal,M,628,628,0
Reginald,M,105421,105393,28
Reginaldo,M,56,56,0
Regine,F,614,0,614
Reginia,F,102,0,102
Regino,M,187,187,0
Reginold,M,11,11,0
Regis,M,3318,3318,0
Rehaan,M,40,40,0
Reham,F,32,0,32
Rehan,M,428,428,0
Rehana,F,5,0,5
Rehanna,F,15,0,15
Rehma,F,5,0,5
Rehman,M,10,10,0
Rei,F,58,29,29
Reice,M,5,5,0
Reid,M,27083,27057,26
Reida,F,6,0,6
Reign,F,1551,372,1179
Reigna,F,5,0,5
Reiko,F,87,0,87
Reiley,F,21,0,21
Reilly,F,5941,2385,3556
Reily,M,84,84,0
Reina,F,7446,0,7446
Reinaldo,M,2539,2539,0
Reinette,F,5,0,5
Reinhard,M,16,16,0
Reinhold,M,372,372,0
Reino,M,366,366,0
Reis,M,61,61,0
Reita,F,43,0,43
Reizel,F,82,0,82
Reizy,F,62,0,62
Rejeanne,F,10,0,10
Rejino,M,10,10,0
Rekha,F,5,0,5
Relda,F,21,0,21
Relina,F,5,0,5
Rella,F,49,0,49
Rema,F,44,0,44
Remas,F,10,0,10
Rembert,M,61,61,0
Remberto,M,5,5,0
Remedy,F,22,0,22
Remer,M,46,46,0
Remi,F,5414,537,4877
Remie,F,15,0,15
Remigio,M,180,180,0
Remijio,M,8,8,0
Remington,M,13808,10874,2934
Remmel,M,13,13,0
Remmi,F,19,0,19
Remmy,M,88,88,0
Remo,M,151,151,0
Remona,F,96,0,96
Remonia,F,5,0,5
Remus,M,5,5,0
Remy,U,6822,4215,2607
Ren,M,339,334,5
Rena,F,28222,0,28222
Renad,F,17,0,17
Renada,F,296,0,296
Renae,F,9938,0,9938
Renald,M,45,45,0
Renaldo,M,727,727,0
Renan,M,17,17,0
Renard,M,750,750,0
Renarda,F,41,0,41
Renardo,M,74,74,0
Renata,F,6692,0,6692
Renate,F,151,0,151
Renato,M,1343,1343,0
Renatta,F,143,0,143
Renauld,M,5,5,0
Renay,F,383,0,383
Renda,F,101,0,101
Rendell,M,11,11,0
Render,M,21,21,0
Rene,U,62026,44503,17523
Renea,F,1649,0,1649
Renee,F,181393,520,180873
Reneisha,F,10,0,10
Renel,M,5,5,0
Renell,F,22,0,22
Renella,F,28,0,28
Renesha,F,20,0,20
Renesmae,F,17,0,17
Renesme,F,5,0,5
Renesmee,F,468,0,468
Renetta,F,183,0,183
Renette,F,29,0,29
Renie,F,11,0,11
Renika,F,21,0,21
Renisha,F,101,0,101
Renita,F,5158,0,5158
Reniya,F,21,0,21
Reniyah,F,47,0,47
Renley,F,18,0,18
Renly,M,10,10,0
Renna,F,26,0,26
Renne,F,27,15,12
Renner,M,26,26,0
Rennie,U,31,21,10
Renny,M,11,11,0
Reno,M,970,970,0
Renota,F,11,0,11
Renwick,M,26,26,0
Renzo,M,678,678,0
Reola,F,152,0,152
Reonna,F,7,0,7
Resa,F,57,0,57
Resean,M,5,5,0
Reshard,M,54,54,0
Reshawn,M,5,5,0
Reshma,F,67,0,67
Reshonda,F,26,0,26
Ressie,F,425,0,425
Reta,F,4831,0,4831
Retaj,F,11,0,11
Retal,F,5,0,5
Retha,F,7426,0,7426
Rethel,F,5,0,5
Rether,F,11,0,11
Retta,F,260,0,260
Reuben,M,21933,21933,0
Reubin,M,17,17,0
Reuel,M,5,5,0
Reuven,M,419,419,0
Reva,F,10368,0,10368
Revan,M,47,47,0
Reveca,F,5,0,5
Reverie,F,13,0,13
Revonda,F,311,0,311
Rewa,F,16,0,16
Rex,M,52325,52325,0
Rexford,M,316,316,0
Rexton,M,10,10,0
Rey,M,5304,5254,50
Reya,F,493,0,493
Reyaan,M,47,47,0
Reyaansh,M,5,5,0
Reyah,F,5,0,5
Reyan,M,84,84,0
Reyanna,F,71,0,71
Reyansh,M,1296,1296,0
Reyden,M,13,13,0
Reyes,M,4379,4057,322
Reygan,F,5,0,5
Reyhan,M,5,5,0
Reylene,F,41,0,41
Reyli,M,396,396,0
Reyly,M,5,5,0
Reymond,M,111,111,0
Reymundo,M,3115,3115,0
Reyn,M,144,144,0
Reyna,F,12298,0,12298
Reynalda,F,45,0,45
Reynaldo,M,16918,16918,0
Reynard,M,5,5,0
Reyne,F,10,0,10
Reynol,M,6,6,0
Reynold,M,1476,1476,0
Reynoldo,M,5,5,0
Reynolds,M,38,38,0
Reza,M,170,170,0
Rhamel,M,18,18,0
Rhea,F,9424,23,9401
Rheagan,F,81,0,81
Rheana,F,15,0,15
Rheanna,F,450,0,450
Rheannon,F,10,0,10
Rheba,F,124,0,124
Rheda,F,17,0,17
Rhelda,F,5,0,5
Rhema,F,71,0,71
Rheta,F,195,0,195
Rhett,M,14914,14914,0
Rhetta,F,5,0,5
Rheya,F,20,0,20
Rhian,F,69,0,69
Rhiana,F,192,0,192
Rhianna,F,3448,0,3448
Rhiannon,F,11763,0,11763
Rhianon,F,5,0,5
Rhiley,F,137,7,130
Rhina,F,6,0,6
Rhoda,F,16910,0,16910
Rhodes,M,119,119,0
Rhodora,F,10,0,10
Rhona,F,486,0,486
Rhonda,F,205659,5,205654
Rhondalyn,F,6,0,6
Rhone,M,5,5,0
Rhonna,F,5,0,5
Rhyan,F,1218,184,1034
Rhyanna,F,10,0,10
Rhyder,M,330,330,0
Rhydian,M,19,19,0
Rhyker,M,5,5,0
Rhylan,M,36,36,0
Rhyland,M,5,5,0
Rhylee,F,569,0,569
Rhylei,F,6,0,6
Rhyleigh,F,60,0,60
Rhylie,F,43,0,43
Rhylin,F,5,0,5
Rhys,M,6239,6208,31
Rhythm,M,27,21,6
Ria,F,1830,0,1830
Riaan,M,575,575,0
Riah,F,14,0,14
Rian,U,2971,1922,1049
Riana,F,751,0,751
Riane,F,47,0,47
Riann,F,34,0,34
Rianna,F,2011,0,2011
Riannah,F,6,0,6
Rianne,F,87,0,87
Ric,M,216,216,0
Rica,F,38,0,38
Ricahrd,M,16,16,0
Ricard,M,33,33,0
Ricarda,F,171,0,171
Ricardo,M,136282,136046,236
Riccardo,M,194,194,0
Ricci,U,212,140,72
Ricco,M,126,126,0
Rich,M,2199,2199,0
Richa,F,101,0,101
Richad,M,5,5,0
Richar,M,17,17,0
Richard,M,2542659,2537665,4994
Richardean,F,5,0,5
Richardine,F,18,0,18
Richardo,M,861,861,0
Richardson,M,63,63,0
Richele,F,74,0,74
Richelle,F,5245,0,5245
Richey,M,15,15,0
Richie,M,3339,3324,15
Richmond,M,540,540,0
Richrd,M,6,6,0
Richy,M,16,16,0
Rick,M,78099,78099,0
Rickard,M,15,15,0
Ricke,M,5,5,0
Rickey,M,58409,58386,23
Ricki,F,2257,729,1528
Rickia,F,13,0,13
Rickie,M,13465,13201,264
Ricky,M,218988,218720,268
Rico,M,6280,6280,0
Rida,F,327,0,327
Riddhi,F,85,0,85
Riddhima,F,5,0,5
Riddick,M,35,35,0
Rider,M,234,234,0
Ridge,M,2109,2109,0
Ridhaan,M,16,16,0
Ridhi,F,48,0,48
Ridhima,F,25,0,25
Ridley,U,201,121,80
Ridwan,M,78,78,0
Rielle,F,50,0,50
Rielyn,F,5,0,5
Rifka,F,534,0,534
Rifky,F,384,0,384
Rigdon,M,16,16,0
Rigel,M,22,22,0
Riggin,M,97,97,0
Riggins,M,45,45,0
Riggs,M,137,137,0
Rigo,M,838,838,0
Rigoberto,M,8961,8955,6
Rihaan,M,71,71,0
Riham,F,5,0,5
Rihan,M,13,13,0
Rihana,F,136,0,136
Rihanna,F,4956,0,4956
Rika,F,37,0,37
Riker,M,144,144,0
Riki,F,158,41,117
Rikki,F,3879,17,3862
Riku,M,59,59,0
Rilda,F,13,0,13
Rilee,F,1389,5,1384
Rileigh,F,2204,0,2204
Riley,F,187762,87799,99963
Rilla,F,192,0,192
Rilyn,F,240,5,235
Rilynn,F,1354,0,1354
Rima,F,295,0,295
Rina,F,2001,0,2001
Rinaldo,M,59,59,0
Rinda,F,21,0,21
Rinette,F,10,0,10
Rinoa,F,14,0,14
Rio,U,1298,847,451
Rion,M,113,108,5
Riona,F,44,0,44
Riot,M,110,105,5
Ripley,F,263,0,263
Risa,F,1675,0,1675
Rise,F,244,0,244
Risha,F,102,0,102
Rishaan,M,411,411,0
Rishab,M,193,193,0
Rishabh,M,337,337,0
Rishan,M,54,54,0
Rishav,M,5,5,0
Rishawn,M,10,10,0
Rishi,M,2512,2512,0
Rishik,M,59,59,0
Rishika,F,93,0,93
Rishit,M,5,5,0
Rissie,F,17,0,17
Rita,F,276849,22,276827
Ritchey,M,5,5,0
Ritchie,M,1313,1313,0
Rithik,M,23,23,0
Rithika,F,33,0,33
Rithvik,M,166,166,0
Rithy,M,10,10,0
Ritik,M,11,11,0
Ritika,F,106,0,106
Rito,M,718,718,0
Ritvik,M,93,93,0
Riva,F,222,0,222
Rivaan,M,24,24,0
Rivaldo,M,54,54,0
Rivan,M,6,6,0
River,U,20835,14848,5987
Rivers,M,374,295,79
Rivka,F,6137,0,6137
Rivkah,F,581,0,581
Rivky,F,1380,0,1380
Riya,F,3855,0,3855
Riyaan,M,39,39,0
Riyad,M,6,6,0
Riyah,F,34,0,34
Riyan,U,185,119,66
Riyana,F,12,0,12
Riyansh,M,64,64,0
Rizwan,M,35,35,0
Rj,M,15,15,0
Rjay,M,5,5,0
Roaa,F,5,0,5
Roald,M,6,6,0
Roan,M,628,628,0
Roanna,F,5,0,5
Roanne,F,5,0,5
Roark,M,13,13,0
Rob,M,5903,5903,0
Robah,M,13,13,0
Robb,M,1474,1474,0
Robben,M,6,6,0
Robbert,M,5,5,0
Robbi,F,208,0,208
Robbie,F,35614,16972,18642
Robbin,F,6869,354,6515
Robby,M,7091,7091,0
Robbye,F,16,0,16
Robbyn,F,63,0,63
Robel,M,42,42,0
Roben,F,5,0,5
Robena,F,97,0,97
Robenia,F,5,0,5
Rober,M,10,10,0
Robert,M,4743843,4728727,15116
Roberta,F,164588,0,164588
Robertanthony,M,5,5,0
Robertha,F,27,0,27
Robertine,F,6,0,6
Roberto,M,104950,104744,206
Roberts,M,5,5,0
Robet,M,21,21,0
Robie,M,31,24,7
Robin,F,327029,40175,286854
Robina,F,5,0,5
Robinette,F,24,0,24
Robinson,M,859,859,0
Robley,M,10,10,0
Robt,M,15,15,0
Roby,M,430,430,0
Robyn,F,59172,29,59143
Robyne,F,22,0,22
Robynn,F,78,0,78
Robynne,F,16,0,16
Roc,M,19,19,0
Rocco,M,23942,23942,0
Rochel,F,2332,0,2332
Rochele,F,10,0,10
Rochell,F,271,0,271
Rochella,F,5,0,5
Rochelle,F,42806,5,42801
Rochester,M,21,21,0
Rocio,F,11292,223,11069
Rock,M,625,625,0
Rockell,F,5,0,5
Rocket,M,36,36,0
Rockey,M,56,56,0
Rockie,M,17,17,0
Rockne,M,5,5,0
Rocko,M,10,10,0
Rockwell,M,294,294,0
Rocky,M,22014,22014,0
Rocquel,F,5,0,5
Rocsi,F,5,0,5
Roczen,M,27,27,0
Rod,M,5961,5961,0
Rodarius,M,5,5,0
Rodd,M,70,70,0
Roddey,M,5,5,0
Roddrick,M,50,50,0
Roddy,M,497,497,0
Rodel,M,15,15,0
Rodell,M,17,17,0
Roderic,M,284,284,0
Roderica,F,5,0,5
Roderick,M,41226,41226,0
Rodger,M,17193,17193,0
Rodgers,M,16,16,0
Rodman,M,177,177,0
Rodnesha,F,10,0,10
Rodneshia,F,5,0,5
Rodney,M,242472,242399,73
Rodolfo,M,29745,29732,13
Rodolphe,M,6,6,0
Rodregus,M,5,5,0
Rodric,M,5,5,0
Rodrick,M,5812,5812,0
Rodricus,M,52,52,0
Rodrigo,M,21112,21112,0
Rodriguez,M,185,185,0
Rodrigus,M,5,5,0
Rodriques,M,21,21,0
Rodriquez,M,716,716,0
Roe,M,5,5,0
Roel,M,3585,3585,0
Roemello,M,14,14,0
Roen,M,91,91,0
Roena,F,11,0,11
Rogan,M,408,408,0
Rogelio,M,21705,21700,5
Rogena,F,5,0,5
Rogene,F,145,0,145
Roger,M,435630,435529,101
Rogerio,M,235,235,0
Rogers,M,4371,4371,0
Rogue,F,57,5,52
Rohaan,M,18,18,0
Rohan,M,8312,8312,0
Rohin,M,29,29,0
Rohini,F,5,0,5
Rohit,M,786,786,0
Rohith,M,11,11,0
Rohn,M,5,5,0
Roi,M,11,11,0
Roise,F,6,0,6
Roisin,F,134,0,134
Roiza,F,85,0,85
Roizy,F,248,0,248
Rojelio,M,1926,1926,0
Rokia,F,5,0,5
Rokiatou,F,5,0,5
Rokisha,F,5,0,5
Rolan,M,50,50,0
Roland,M,91042,91042,0
Rolanda,F,1419,0,1419
Rolande,F,186,0,186
Rolando,M,20049,20049,0
Rolayne,F,20,0,20
Roldan,M,11,11,0
Rolen,M,5,5,0
Rolf,M,1141,1141,0
Rolinda,F,15,0,15
Rolla,M,245,245,0
Rolland,M,5787,5787,0
Rollie,M,521,521,0
Rollin,M,1983,1983,0
Rollins,M,5,5,0
Rollo,M,17,17,0
Rolly,M,5,5,0
Rolonda,F,48,0,48
Roma,F,3059,5,3054
Romaine,F,1529,35,1494
Romaisa,F,5,0,5
Romaldo,M,10,10,0
Roman,M,60246,60241,5
Romana,F,551,0,551
Romanda,F,5,0,5
Romanita,F,5,0,5
Romano,M,5,5,0
Romar,M,5,5,0
Romario,M,412,412,0
Romayne,F,571,0,571
Rome,M,628,628,0
Romel,M,828,828,0
Romelia,F,677,0,677
Romell,M,195,195,0
Romelle,F,36,0,36
Romello,M,776,776,0
Romelo,M,178,178,0
Romen,M,20,20,0
Romeo,M,15021,15021,0
Romero,M,187,187,0
Romesha,F,6,0,6
Romi,F,106,0,106
Romie,M,271,265,6
Romilda,F,8,0,8
Romina,F,2350,0,2350
Rommel,M,480,480,0
Rommie,M,58,58,0
Romney,M,6,6,0
Romolo,M,27,27,0
Romon,M,5,5,0
Romona,F,2028,0,2028
Romualdo,M,11,11,0
Romulo,M,159,159,0
Romulus,M,11,11,0
Romy,F,623,0,623
Ron,M,32738,32738,0
Rona,F,2411,0,2411
Ronak,M,231,231,0
Ronal,M,92,92,0
Ronald,M,1077118,1075909,1209
Ronaldo,M,3569,3569,0
Ronan,M,9311,9311,0
Ronata,F,5,0,5
Ronav,M,61,61,0
Ronda,F,31772,46,31726
Rondal,M,541,541,0
Rondale,M,10,10,0
Rondall,M,95,95,0
Rondarius,M,33,33,0
Rondel,M,5,5,0
Rondell,M,649,649,0
Rondi,F,30,0,30
Rondia,F,5,0,5
Rondle,M,12,12,0
Rondy,M,22,22,0
Ronee,F,6,0,6
Roneisha,F,51,0,51
Ronel,M,5,5,0
Ronell,M,234,234,0
Ronelle,F,10,0,10
Ronen,M,143,143,0
Ronesha,F,145,0,145
Roneshia,F,19,0,19
Ronetta,F,17,0,17
Ronette,F,128,0,128
Roney,M,15,15,0
Roni,F,2058,120,1938
Ronica,F,160,0,160
Roniel,M,6,6,0
Ronika,F,29,0,29
Ronin,M,3871,3871,0
Ronique,F,5,0,5
Ronisha,F,515,0,515
Ronisue,F,6,0,6
Ronit,U,253,169,84
Ronita,F,15,0,15
Roniya,F,10,0,10
Roniyah,F,12,0,12
Ronn,M,35,35,0
Ronna,F,2231,0,2231
Ronnah,F,5,0,5
Ronnald,M,33,33,0
Ronne,F,19,0,19
Ronnel,M,10,10,0
Ronnell,M,634,634,0
Ronnesha,F,10,0,10
Ronnetta,F,5,0,5
Ronnette,F,94,0,94
Ronney,M,173,173,0
Ronni,F,1130,0,1130
Ronnie,M,182238,178526,3712
Ronniesha,F,5,0,5
Ronnisha,F,65,0,65
Ronny,M,10469,10454,15
Ronold,M,5,5,0
Ronson,M,36,36,0
Rontavious,M,24,24,0
Rontrell,M,11,11,0
Rony,M,844,844,0
Ronya,F,5,0,5
Rook,M,28,28,0
Rooney,U,87,56,31
Roosevelt,M,32720,32715,5
Roosvelt,M,10,10,0
Roper,M,68,68,0
Roque,M,1355,1355,0
Roran,M,5,5,0
Rori,F,536,0,536
Rorie,F,18,0,18
Rory,M,26536,22173,4363
Rosa,F,147064,253,146811
Rosabel,F,18,0,18
Rosabell,F,10,0,10
Rosabella,F,191,0,191
Rosabelle,F,84,0,84
Rosaelena,F,15,0,15
Rosaicela,F,5,0,5
Rosaire,M,150,150,0
Rosaisela,F,168,0,168
Rosala,F,5,0,5
Rosalba,F,1842,0,1842
Rosalea,F,27,0,27
Rosalee,F,5859,0,5859
Rosaleen,F,47,0,47
Rosaleigh,F,72,0,72
Rosalia,F,4044,0,4044
Rosalie,F,63719,0,63719
Rosalin,F,16,0,16
Rosalina,F,1565,0,1565
Rosalind,F,20940,0,20940
Rosalinda,F,12261,0,12261
Rosaline,F,917,0,917
Rosalio,M,1307,1307,0
Rosalita,F,6,0,6
Rosalva,F,1572,0,1572
Rosaly,F,21,0,21
Rosalyn,F,16011,0,16011
Rosalynn,F,699,0,699
Rosamaria,F,967,0,967
Rosamond,F,980,0,980
Rosana,F,1049,0,1049
Rosangel,F,6,0,6
Rosangela,F,143,0,143
Rosangelica,F,88,0,88
Rosann,F,1227,0,1227
Rosanna,F,8771,0,8771
Rosanne,F,11365,0,11365
Rosaria,F,991,0,991
Rosario,F,11496,3253,8243
Rosary,F,47,0,47
Rosaura,F,1569,0,1569
Rosaysela,F,5,0,5
Rosbel,M,53,53,0
Rosco,M,108,108,0
Roscoe,M,14470,14470,0
Rose,F,419602,178,419424
Roseana,F,10,0,10
Roseann,F,12791,0,12791
Roseanna,F,2035,0,2035
Roseanne,F,4686,0,4686
Rosebud,F,65,0,65
Rosela,F,5,0,5
Roselani,F,5,0,5
Roselee,F,30,0,30
Roselia,F,145,0,145
Roselie,F,5,0,5
Roselin,F,154,0,154
Roselind,F,5,0,5
Roselinda,F,20,0,20
Roseline,F,168,0,168
Rosella,F,9795,0,9795
Roselle,F,276,0,276
Rosellen,F,17,0,17
Rosely,F,16,0,16
Roselyn,F,7535,0,7535
Roselynn,F,484,0,484
Rosemari,F,13,0,13
Rosemaria,F,5,0,5
Rosemarie,F,45524,0,45524
Rosemary,F,151585,0,151585
Rosemond,F,5,0,5
Rosena,F,130,0,130
Rosenda,F,136,0,136
Rosendo,M,3836,3836,0
Rosene,F,28,0,28
Rosetta,F,21902,0,21902
Rosette,F,23,0,23
Rosevelt,M,1869,1869,0
Rosezella,F,5,0,5
Rosha,F,6,0,6
Roshan,M,556,556,0
Roshana,F,5,0,5
Roshanda,F,422,0,422
Roshaunda,F,5,0,5
Roshawn,U,125,81,44
Roshell,F,5,0,5
Roshelle,F,38,0,38
Roshni,F,250,0,250
Roshon,F,5,0,5
Roshonda,F,300,0,300
Roshun,M,5,5,0
Roshunda,F,176,0,176
Rosi,F,31,0,31
Rosia,F,1845,0,1845
Rosibel,F,21,0,21
Rosicela,F,6,0,6
Rosie,F,66064,31,66033
Rosielee,F,5,0,5
Rosiland,F,76,0,76
Rosilyn,F,12,0,12
Rosina,F,1917,0,1917
Rosio,F,1795,10,1785
Rosisela,F,6,0,6
Rosita,F,3565,0,3565
Roslyn,F,12968,0,12968
Roslynn,F,62,0,62
Rosmery,F,19,0,19
Ross,M,74615,74609,6
Rossana,F,310,0,310
Rosselyn,F,60,0,60
Rosser,M,5,5,0
Rossi,F,5,0,5
Rossie,F,439,69,370
Rosslyn,F,48,0,48
Rossy,F,108,0,108
Roston,M,6,6,0
Roswell,M,196,196,0
Rosy,F,520,0,520
Rothana,M,5,5,0
Rouguiatou,F,5,0,5
Rovena,F,5,0,5
Roverto,M,18,18,0
Rowan,U,28856,18018,10838
Rowdy,M,1555,1555,0
Rowen,M,2940,2510,430
Rowena,F,5261,0,5261
Rowland,M,875,875,0
Rowrenia,F,7,0,7
Rowyn,F,502,16,486
Rowynn,F,17,0,17
Rox,F,28,0,28
Roxan,F,28,0,28
Roxana,F,7895,0,7895
Roxane,F,3122,0,3122
Roxann,F,5961,0,5961
Roxanna,F,8247,0,8247
Roxanne,F,54539,0,54539
Roxas,M,16,16,0
Roxi,F,10,0,10
Roxie,F,9989,0,9989
Roxsana,F,11,0,11
Roxy,F,767,0,767
Roy,M,376101,375678,423
Roya,F,309,0,309
Royal,M,9105,7712,1393
Royale,F,106,15,91
Royalti,F,11,0,11
Royalty,F,1501,19,1482
Royce,M,21848,21553,295
Royden,M,27,27,0
Royer,M,17,17,0
Roylene,F,7,0,7
Royzell,M,10,10,0
Roza,F,17,0,17
Rozalyn,F,23,0,23
Rozalynn,F,5,0,5
Rozann,F,5,0,5
Rozanna,F,19,0,19
Rozanne,F,290,0,290
Roze,F,5,0,5
Rozell,U,41,26,15
Rozella,F,543,0,543
Rozelle,F,10,0,10
Rozena,F,5,0,5
Rozia,F,5,0,5
Rozie,F,5,0,5
Rozlyn,F,129,0,129
Rozlynn,F,92,0,92
Rual,M,5,5,0
Ruba,F,10,0,10
Rubani,F,5,0,5
Rubbie,F,149,0,149
Rubby,F,6,0,6
Rube,M,10,10,0
Rubee,F,5,0,5
Rubel,M,10,10,0
Rubell,F,5,0,5
Ruben,M,106025,105809,216
Rubena,F,5,0,5
Rubens,M,15,15,0
Rubi,F,6144,0,6144
Rubicela,F,17,0,17
Rubie,F,2205,0,2205
Rubin,M,3359,3359,0
Rubina,F,42,0,42
Rubit,F,5,0,5
Ruble,M,42,42,0
Ruby,F,316863,896,315967
Rubye,F,4860,0,4860
Rubylee,F,5,0,5
Ruchama,F,82,0,82
Ruchel,F,246,0,246
Ruchi,F,15,0,15
Ruchy,F,222,0,222
Ruddy,M,46,46,0
Rudell,F,21,5,16
Rudene,F,40,0,40
Rudi,F,95,28,67
Rudine,F,45,0,45
Rudolf,M,939,939,0
Rudolfo,M,1452,1452,0
Rudolph,M,46196,46185,11
Rudolpho,M,83,83,0
Rudra,M,349,349,0
Rudy,M,42364,42255,109
Rue,F,5,0,5
Rueben,M,1498,1498,0
Ruel,M,157,157,0
Ruffin,M,94,94,0
Ruffus,M,63,63,0
Rufina,F,261,0,261
Rufino,M,651,651,0
Rufus,M,28250,28250,0
Ruger,M,654,654,0
Ruhaan,M,38,38,0
Ruhan,M,6,6,0
Ruhani,F,19,0,19
Ruhi,F,223,0,223
Rui,M,104,104,0
Ruie,F,35,0,35
Rukaya,F,5,0,5
Rukiya,F,15,0,15
Rulon,M,549,549,0
Rumaisa,F,23,0,23
Rumalda,F,11,0,11
Rumaldo,M,298,298,0
Rumaysa,F,15,0,15
Rumi,F,94,42,52
Runa,F,10,0,10
Rune,M,12,12,0
Runell,F,24,0,24
Runelle,F,10,0,10
Runette,F,16,0,16
Rupa,F,5,0,5
Rupal,F,15,0,15
Rupert,M,1559,1559,0
Ruperta,F,5,0,5
Ruperto,M,343,343,0
Rupinder,F,5,0,5
Ruqaya,F,5,0,5
Ruqayyah,F,5,0,5
Rury,M,5,5,0
Rus,F,10,0,10
Rush,M,278,278,0
Rushi,M,6,6,0
Rushie,F,17,0,17
Rushika,F,6,0,6
Rushil,M,121,121,0
Ruslan,M,55,55,0
Russ,M,3109,3109,0
Russel,M,10705,10705,0
Russell,M,343331,343326,5
Rustin,M,564,564,0
Ruston,M,74,74,0
Rusty,M,14293,14264,29
Rustyn,M,12,12,0
Rut,F,134,0,134
Ruta,F,24,0,24
Rutger,M,5,5,0
Ruth,F,733171,363,732808
Rutha,F,1587,0,1587
Ruthann,F,4102,0,4102
Ruthanna,F,122,0,122
Ruthanne,F,638,0,638
Ruthe,F,557,0,557
Ruthel,F,7,0,7
Ruthella,F,28,0,28
Ruther,F,109,0,109
Rutherford,M,15,15,0
Ruthey,F,5,0,5
Ruthia,F,6,0,6
Ruthie,F,16376,0,16376
Ruthvik,M,5,5,0
Ruthy,F,38,0,38
Rutilio,M,6,6,0
Rutledge,M,5,5,0
Ruvi,F,5,0,5
Ruvim,M,271,271,0
Ruwayda,F,37,0,37
Ruweyda,F,26,0,26
Rya,F,146,0,146
Ryaan,M,5,5,0
Ryah,F,110,0,110
Ryan,M,944263,923448,20815
Ryana,F,6,0,6
Ryananthony,M,5,5,0
Ryanchristopher,M,17,17,0
Ryane,F,63,0,63
Ryanjames,M,10,10,0
Ryanjoseph,M,6,6,0
Ryann,F,6987,29,6958
Ryanna,F,216,0,216
Ryanne,F,925,0,925
Ryatt,M,182,182,0
Rydan,M,5,5,0
Ryden,M,543,543,0
Ryder,M,40835,40441,394
Rye,M,32,32,0
Ryen,U,269,183,86
Ryenn,F,5,0,5
Ryer,M,5,5,0
Ryett,M,6,6,0
Ryhanna,F,27,0,27
Ryken,M,70,70,0
Ryker,M,20942,20916,26
Ryla,F,20,0,20
Rylan,M,29103,25571,3532
Ryland,M,7393,7318,75
Rylann,F,17,0,17
Ryle,M,5,5,0
Rylea,F,173,0,173
Rylee,F,51089,3271,47818
Ryleeann,F,5,0,5
Rylei,F,219,0,219
Ryleigh,F,22079,0,22079
Rylen,M,1398,1350,48
Ryler,M,24,24,0
Ryley,F,3172,1838,1334
Ryli,F,20,0,20
Rylie,F,16316,151,16165
Rylin,F,558,67,491
Rylinn,F,43,0,43
Rylon,M,11,11,0
Rylyn,F,27,0,27
Rylynn,F,991,0,991
Ryman,M,22,22,0
Ryne,M,2448,2448,0
Rynlee,F,6,0,6
Rynn,F,5,0,5
Ryo,M,149,149,0
Ryon,M,361,361,0
Ryson,M,5,5,0
Ryu,M,386,386,0
Ryver,M,11,11,0
Ryzen,M,20,20,0
Saabir,M,5,5,0
Saachi,F,65,0,65
Saad,M,961,961,0
Saadia,F,55,0,55
Saadiq,M,36,36,0
Saafir,M,23,23,0
Saahil,M,37,37,0
Saahir,M,21,21,0
Saajida,F,5,0,5
Saam,M,6,6,0
Saamir,M,10,10,0
Saanvi,F,2363,0,2363
Saara,F,5,0,5
Saarah,F,5,0,5
Saathvik,M,15,15,0
Saatvik,M,6,6,0
Saavi,F,5,0,5
Saba,F,478,6,472
Sabah,F,59,0,59
Sabarin,F,5,0,5
Sabas,M,326,326,0
Sabastian,M,1592,1592,0
Sabatino,M,5,5,0
Sabbir,M,5,5,0
Sabella,F,291,0,291
Sabian,M,200,200,0
Sabiha,F,56,0,56
Sabin,M,10,10,0
Sabina,F,3989,0,3989
Sabine,F,1265,0,1265
Sabino,M,709,709,0
Sabir,M,107,107,0
Sabirin,F,11,0,11
Sable,F,488,0,488
Sabra,F,1118,0,1118
Sabree,U,17,12,5
Sabreen,F,63,0,63
Sabreena,F,100,0,100
Sabrena,F,398,0,398
Sabria,F,173,0,173
Sabrian,F,5,0,5
Sabrie,F,5,0,5
Sabrin,F,14,0,14
Sabrina,F,134699,17,134682
Sabrinna,F,12,0,12
Sabriya,F,13,0,13
Sabriyah,F,5,0,5
Sabryn,F,5,0,5
Sabryna,F,107,0,107
Saburo,M,172,172,0
Saby,F,9,0,9
Sacha,F,631,80,551
Sacheen,F,27,0,27
Sachi,F,206,0,206
Sachie,F,5,0,5
Sachiko,F,310,0,310
Sachin,M,326,326,0
Sacoria,F,7,0,7
Sada,F,122,0,122
Sadaf,F,109,0,109
Sadako,F,278,0,278
Sadam,M,6,6,0
Sadamu,M,24,24,0
Sadao,M,173,173,0
Saddam,M,6,6,0
Saddie,F,42,0,42
Sade,F,8047,10,8037
Sadee,F,60,0,60
Sadeel,F,11,0,11
Sadey,F,25,0,25
Sadhana,F,7,0,7
Sadi,F,24,0,24
Sadia,F,339,0,339
Sadie,F,98478,0,98478
Sadiee,F,5,0,5
Sadiga,F,5,0,5
Sadiq,M,80,80,0
Sadira,F,5,0,5
Sadiya,F,25,0,25
Sadiyah,F,15,0,15
Sadler,M,5,5,0
Sadrac,M,5,5,0
Sady,F,5,0,5
Sadye,F,135,0,135
Saeed,M,463,463,0
Saeko,F,5,0,5
Safa,F,857,0,857
Safaa,F,40,0,40
Safet,M,5,5,0
Saffron,F,40,0,40
Safi,M,5,5,0
Safia,F,294,0,294
Safiatou,F,5,0,5
Safina,F,30,0,30
Safiya,F,671,0,671
Safiyah,F,68,0,68
Safiyyah,F,49,0,49
Saford,M,9,9,0
Safreen,F,5,0,5
Safwan,M,146,146,0
Safwana,F,6,0,6
Sagal,F,24,0,24
Sagan,U,61,44,17
Sagar,M,382,382,0
Sage,F,23417,7914,15503
Sagrario,F,7,0,7
Sahaj,M,15,15,0
Sahal,M,5,5,0
Sahalie,F,25,0,25
Sahana,F,1253,0,1253
Sahar,F,941,0,941
Sahara,F,2033,0,2033
Saharsh,M,70,70,0
Sahas,M,11,11,0
Sahasra,F,654,0,654
Saheed,M,5,5,0
Saher,F,5,0,5
Sahian,F,11,0,11
Sahib,M,250,250,0
Sahibjot,M,5,5,0
Sahid,M,45,45,0
Sahil,M,1707,1707,0
Sahily,F,12,0,12
Sahir,M,157,157,0
Sahira,F,48,0,48
Sahith,M,5,5,0
Sahiti,F,6,0,6
Sahmir,M,10,10,0
Sahori,F,5,0,5
Sahra,F,133,0,133
Sai,M,337,332,5
Said,M,1264,1264,0
Saida,F,284,0,284
Saidah,F,5,0,5
Saide,F,5,0,5
Saidee,F,33,0,33
Saidy,F,13,0,13
Saif,M,834,834,0
Saifan,M,52,52,0
Saifullah,M,5,5,0
Saige,F,5824,39,5785
Sailor,F,1085,27,1058
Saima,F,89,0,89
Saina,F,41,0,41
Saint,M,182,182,0
Saintclair,M,5,5,0
Saiquan,M,5,5,0
Sair,M,7,7,0
Saira,F,1738,0,1738
Sairy,F,5,0,5
Saisha,F,127,0,127
Saiya,F,44,0,44
Saja,F,136,0,136
Sajada,F,5,0,5
Sajan,M,6,6,0
Sajid,M,29,29,0
Sakae,M,34,29,5
Sakai,M,5,5,0
Sakara,F,5,0,5
Sakari,F,12,0,12
Sakariye,M,5,5,0
Sakaye,F,15,0,15
Sakeena,F,13,0,13
Sakeenah,F,35,0,35
Saket,M,22,22,0
Saketh,M,83,83,0
Saketha,F,5,0,5
Saki,F,16,0,16
Sakib,M,16,16,0
Sakina,F,282,0,282
Sakinah,F,305,0,305
Sakiyah,F,12,0,12
Sakshi,F,12,0,12
Sakura,F,425,0,425
Sal,M,2359,2359,0
Salaam,M,5,5,0
Saladin,M,5,5,0
Salah,M,48,48,0
Salam,F,10,5,5
Salbador,M,119,119,0
Saleem,M,678,678,0
Saleemah,F,25,0,25
Saleen,F,330,0,330
Saleena,F,57,0,57
Saleh,M,393,393,0
Salem,F,1357,508,849
Salena,F,2009,0,2009
Salesi,M,11,11,0
Salif,M,6,6,0
Salih,M,10,10,0
Saliha,F,6,0,6
Salim,M,458,458,0
Salima,F,35,0,35
Salimata,F,20,0,20
Salimatou,F,15,0,15
Salina,F,4056,0,4056
Saliou,M,10,10,0
Saliyah,F,11,0,11
Salley,F,5,0,5
Salli,F,33,0,33
Sallie,F,30215,0,30215
Sally,F,194882,10,194872
Sallyann,F,251,0,251
Sallyanne,F,5,0,5
Sallye,F,94,0,94
Salma,F,6709,0,6709
Salmaan,M,10,10,0
Salman,M,967,967,0
Salmo,F,5,0,5
Saloma,F,70,0,70
Salome,F,1284,290,994
Salomon,M,1917,1917,0
Saloni,F,58,0,58
Salote,F,5,0,5
Salvador,M,43267,43181,86
Salvadore,M,359,359,0
Salvator,M,288,288,0
Salvatore,M,52211,52206,5
Salvatrice,F,66,0,66
Salvotore,M,5,5,0
Salwa,F,75,0,75
Sam,M,104137,104020,117
Sama,F,342,0,342
Samaad,M,41,41,0
Samad,M,239,239,0
Samael,M,12,12,0
Samah,F,19,0,19
Samai,F,7,0,7
Samaira,F,323,0,323
Samaiya,F,36,0,36
Samaj,M,43,43,0
Saman,M,34,34,0
Samanatha,F,16,0,16
Samanta,F,926,0,926
Samanth,F,21,0,21
Samantha,F,568934,287,568647
Samanthajo,F,12,0,12
Samanthamarie,F,11,0,11
Samanthan,F,11,0,11
Samanthia,F,17,0,17
Samanvi,F,33,0,33
Samanyu,M,10,10,0
Samar,U,346,208,138
Samara,F,12030,0,12030
Samarah,F,588,0,588
Samari,F,433,68,365
Samaria,F,2387,0,2387
Samariah,F,19,0,19
Samarion,M,21,21,0
Samarra,F,36,0,36
Samarth,M,388,388,0
Samatar,M,11,11,0
Samatha,F,2113,0,2113
Samay,M,32,32,0
Samaya,F,1601,0,1601
Samayah,F,60,0,60
Samayra,F,6,0,6
Samba,M,5,5,0
Sameeha,F,28,0,28
Sameen,F,5,0,5
Sameer,M,1637,1637,0
Sameera,F,66,0,66
Sameerah,F,86,0,86
Samehesha,F,5,0,5
Samella,F,103,0,103
Samer,M,361,361,0
Samera,F,17,0,17
Sameria,F,5,0,5
Samhita,F,39,0,39
Samhitha,F,5,0,5
Sami,M,2608,2550,58
Samia,F,1364,0,1364
Samiah,F,493,0,493
Samie,M,57,57,0
Samiha,F,114,0,114
Samik,M,10,10,0
Samika,F,13,0,13
Samin,M,26,26,0
Samina,F,50,0,50
Samir,M,5936,5936,0
Samira,F,4530,0,4530
Samirah,F,687,0,687
Samiul,M,5,5,0
Samiya,F,2386,0,2386
Samiyah,F,3077,0,3077
Samiyyah,F,10,0,10
Sammantha,F,732,0,732
Sammi,F,228,0,228
Sammie,M,21846,17220,4626
Sammuel,M,348,348,0
Sammy,M,38246,38107,139
Sammye,F,206,0,206
Samnang,M,13,13,0
Samnatha,F,21,0,21
Samona,F,5,0,5
Samone,F,590,0,590
Samora,F,11,0,11
Samorah,F,5,0,5
Samori,M,5,5,0
Samoria,F,5,0,5
Samory,M,5,5,0
Sampson,M,393,393,0
Samra,F,21,0,21
Samrath,M,5,5,0
Samreen,F,23,0,23
Samson,M,5224,5224,0
Samual,M,996,996,0
Samuel,M,724578,724278,300
Samuell,M,15,15,0
Samvel,M,58,58,0
Samy,M,81,81,0
Samya,F,1721,0,1721
Samyah,F,127,0,127
Samyak,M,5,5,0
Samyar,M,11,11,0
Samyia,F,12,0,12
Samyra,F,143,0,143
Samyuktha,F,6,0,6
San,F,1520,113,1407
Sana,F,2329,0,2329
Sanaa,F,4443,0,4443
Sanad,M,17,17,0
Sanae,F,10,0,10
Sanah,F,27,0,27
Sanai,F,2575,0,2575
Sanaia,F,5,0,5
Sanaii,F,41,0,41
Sanaiya,F,30,0,30
Sanam,F,123,0,123
Sanari,F,10,0,10
Sanaya,F,709,0,709
Sanayah,F,10,0,10
Sanaz,F,8,0,8
Sanchez,M,185,185,0
Sanda,F,12,0,12
Sandee,F,360,0,360
Sandeep,M,267,224,43
Sander,M,92,92,0
Sanders,M,245,245,0
Sandford,M,5,5,0
Sandhya,F,42,0,42
Sandi,F,6812,0,6812
Sandie,F,884,0,884
Sandor,M,77,77,0
Sandra,F,872183,776,871407
Sandralee,F,6,0,6
Sandro,M,747,747,0
Sandy,F,71363,6159,65204
Sanford,M,10190,10190,0
Sang,M,171,160,11
Sangeeta,F,5,0,5
Sani,F,36,0,36
Sania,F,858,0,858
Saniah,F,798,0,798
Sanii,F,8,0,8
Sanika,F,56,0,56
Saniya,F,5426,0,5426
Saniyah,F,5147,0,5147
Saniyya,F,5,0,5
Saniyyah,F,16,0,16
Sanjana,F,1315,0,1315
Sanjay,M,1052,1052,0
Sanjida,F,11,0,11
Sanjna,F,5,0,5
Sanjuan,M,24,24,0
Sanjuana,F,1840,0,1840
Sanjuanita,F,3032,0,3032
Sankalp,M,5,5,0
Sanna,F,15,0,15
Sanoe,F,35,0,35
Sanora,F,5,0,5
Sansa,F,11,0,11
Santa,F,2506,0,2506
Santana,F,6003,2879,3124
Santanna,F,130,0,130
Santario,M,10,10,0
Santasia,F,5,0,5
Santhiago,M,69,69,0
Santi,M,11,11,0
Santiaga,F,46,0,46
Santiago,M,54400,54395,5
Santiel,M,14,14,0
Santina,F,1029,0,1029
Santino,M,6164,6164,0
Santo,M,2671,2671,0
Santonio,M,98,98,0
Santos,M,15778,13679,2099
Santresa,F,7,0,7
Santrice,F,5,0,5
Sanvi,F,585,0,585
Sanvika,F,5,0,5
Sanvitha,F,5,0,5
Sanya,F,528,0,528
Sanyah,F,39,0,39
Sanyia,F,5,0,5
Sanyla,F,5,0,5
Saoirse,F,879,0,879
Saori,F,142,0,142
Saory,F,10,0,10
Saphira,F,589,0,589
Saphire,F,131,0,131
Sapir,F,5,0,5
Sapna,F,38,0,38
Sapphira,F,42,0,42
Sapphire,F,1499,0,1499
Saprina,F,11,0,11
Saqib,M,5,5,0
Saquan,M,282,282,0
Saquana,F,6,0,6
Sara,F,412201,151,412050
Sarabelle,F,5,0,5
Sarabeth,F,111,0,111
Sarae,F,5,0,5
Sarafina,F,62,0,62
Saragosa,M,15,15,0
Sarah,F,1024950,884,1024066
Sarahann,F,27,0,27
Sarahgrace,F,10,0,10
Sarahi,F,5064,0,5064
Sarahjane,F,13,0,13
Sarahy,F,425,0,425
Sarai,F,15288,0,15288
Saraiah,F,10,0,10
Saraih,F,18,0,18
Saraiya,F,5,0,5
Sarajane,F,20,0,20
Saralee,F,21,0,21
Saralyn,F,63,0,63
Saran,F,50,0,50
Saranda,F,5,0,5
Saranya,F,14,0,14
Sarath,M,10,10,0
Saratha,F,5,0,5
Saray,F,1182,0,1182
Saraya,F,218,0,218
Sarayah,F,40,0,40
Sarayu,F,79,0,79
Sareen,F,52,0,52
Sareena,F,51,0,51
Sarely,F,5,0,5
Sarena,F,622,0,622
Sarenity,F,37,0,37
Sargon,M,15,15,0
Sargun,F,8,0,8
Sarha,F,12,0,12
Sari,F,1133,0,1133
Saria,F,70,0,70
Sariah,F,5773,0,5773
Saribel,F,5,0,5
Sarika,F,15,0,15
Sarim,M,13,13,0
Sarin,F,23,0,23
Sarina,F,5850,0,5850
Sarine,F,5,0,5
Sarit,F,17,0,17
Sarita,F,2111,0,2111
Sarith,M,5,5,0
Sariya,F,557,0,557
Sariyah,F,2499,0,2499
Sarkis,M,507,507,0
Saro,M,10,10,0
Saron,F,175,0,175
Sarp,M,10,10,0
Sarra,F,39,0,39
Sarrah,F,146,0,146
Sarrinah,F,10,0,10
Sartaj,M,34,34,0
Sarthak,M,6,6,0
Saryah,F,44,0,44
Saryn,F,7,0,7
Sasan,M,5,5,0
Sascha,F,207,22,185
Sasha,F,32998,469,32529
Sasheen,F,6,0,6
Saskia,F,172,0,172
Satchel,M,29,29,0
Sathvik,M,73,73,0
Satin,F,5,0,5
Sativa,F,60,0,60
Satonya,F,10,0,10
Satoru,M,149,149,0
Satoshi,M,111,111,0
Satsuki,F,28,0,28
Saturnino,M,115,115,0
Satvik,M,66,66,0
Satya,F,65,0,65
Saud,M,12,12,0
Saudia,F,16,0,16
Saul,M,34510,34499,11
Saulo,M,167,167,0
Saumya,F,10,0,10
Saundra,F,15136,0,15136
Saurav,M,5,5,0
Savalas,M,8,8,0
Savana,F,3369,0,3369
Savanah,F,7542,0,7542
Savanna,F,28548,8,28540
Savannah,F,161944,31,161913
Saverio,M,829,829,0
Savian,M,12,12,0
Savier,M,5,5,0
Savilla,F,17,0,17
Savina,F,256,0,256
Savino,M,29,29,0
Savion,M,3029,3029,0
Savior,M,13,13,0
Savir,M,5,5,0
Savon,M,653,653,0
Savonna,F,5,0,5
Savreen,F,5,0,5
Savvy,F,15,0,15
Saw,M,6,6,0
Sawyer,M,46788,39425,7363
Saxon,M,245,245,0
Saxton,M,10,10,0
Saya,F,294,0,294
Sayaka,F,12,0,12
Sayana,F,5,0,5
Sayda,F,27,0,27
Sayde,F,54,0,54
Saydee,F,367,0,367
Saydi,F,28,0,28
Saydie,F,59,0,59
Sayed,M,130,130,0
Sayla,F,32,0,32
Sayler,F,68,0,68
Saylor,F,3636,17,3619
Sayoko,F,5,0,5
Sayquan,M,5,5,0
Sayra,F,680,0,680
Saysha,F,5,0,5
Sayuri,F,459,0,459
Sayvion,M,5,5,0
Scarlet,F,9299,0,9299
Scarleth,F,118,0,118
Scarlett,F,55968,0,55968
Scarlette,F,2270,0,2270
Scarlettrose,F,8,0,8
Scherrie,F,5,0,5
Scherry,F,17,0,17
Scheryl,F,13,0,13
Schneider,M,96,96,0
Schneur,M,126,126,0
Schuyler,M,1395,1187,208
Schwanda,F,16,0,16
Schyler,F,72,32,40
Scot,M,10857,10857,0
Scotland,F,34,0,34
Scotlyn,F,66,0,66
Scott,M,768273,767445,828
Scottie,M,7872,7703,169
Scottlyn,F,5,0,5
Scotty,M,15107,15107,0
Scout,F,1625,186,1439
Seaborn,M,143,143,0
Seabron,M,5,5,0
Seaira,F,26,0,26
Seals,M,5,5,0
Seamus,M,4503,4503,0
Sean,M,416366,415396,970
Seana,F,392,0,392
Seananthony,M,5,5,0
Seandra,F,6,0,6
Seaneen,F,5,0,5
Seanmichael,M,61,61,0
Seann,M,12,12,0
Seanna,F,473,0,473
Seanpatrick,M,20,20,0
Seanpaul,M,10,10,0
Searcy,M,22,22,0
Season,F,250,0,250
Seattle,F,5,0,5
Seaver,M,5,5,0
Seavy,M,6,6,0
Sebastain,M,5,5,0
Sebastia,M,11,11,0
Sebastian,M,141329,141283,46
Sebastiana,F,26,0,26
Sebastiano,M,150,150,0
Sebastien,M,2030,2030,0
Sebastion,M,67,67,0
Sebert,M,40,40,0
Sebrena,F,63,0,63
Sebrina,F,684,0,684
Secilia,F,35,0,35
Secret,F,11,0,11
Secundino,M,82,82,0
Sedale,M,15,15,0
Sedalia,F,68,0,68
Sedgie,M,5,5,0
Sedona,F,628,0,628
Sedonia,F,188,0,188
Sedric,M,253,253,0
Sedrick,M,1790,1790,0
See,F,261,0,261
Seeley,M,5,5,0
Seema,F,297,0,297
Seena,F,174,5,169
Seerat,F,113,0,113
Seferina,F,82,0,82
Seferino,M,649,649,0
Sefora,F,5,0,5
Segundo,M,11,11,0
Sehaj,F,85,21,64
Sehajveer,M,5,5,0
Sehar,F,7,0,7
Seichi,M,135,135,0
Seidy,F,63,0,63
Seif,M,10,10,0
Seiichi,M,10,10,0
Seiji,M,62,62,0
Seiki,M,5,5,0
Seikichi,M,28,28,0
Seiko,M,23,23,0
Seirra,F,73,0,73
Sejal,F,65,0,65
Sekou,M,325,325,0
Sela,F,224,0,224
Selah,F,6522,0,6522
Selbert,M,5,5,0
Selby,M,16,16,0
Selda,F,5,0,5
Seldon,M,108,108,0
Seledonio,M,13,13,0
Seleen,F,5,0,5
Seleena,F,8,0,8
Selena,F,45307,14,45293
Selene,F,4415,0,4415
Seleni,F,13,0,13
Selenia,F,71,0,71
Selenne,F,23,0,23
Selest,F,5,0,5
Seleste,F,299,0,299
Selestino,M,31,31,0
Seleta,F,5,0,5
Selia,F,79,0,79
Selig,M,69,69,0
Selim,M,199,199,0
Selin,F,277,0,277
Selina,F,13215,0,13215
Selinda,F,10,0,10
Seline,F,12,0,12
Selma,F,16963,6,16957
Selmer,M,242,242,0
Selso,M,24,24,0
Selvin,M,325,325,0
Selwyn,M,181,181,0
Sema,F,5,0,5
Semaj,M,5526,4670,856
Semaje,M,5,5,0
Semiko,F,5,0,5
Semira,F,23,0,23
Semisi,M,16,16,0
Semiyah,F,5,0,5
Semone,F,5,0,5
Sena,F,154,0,154
Senai,M,5,5,0
Senaida,F,556,0,556
Sender,M,40,40,0
Sendi,F,10,0,10
Sendy,F,86,0,86
Seneca,M,650,542,108
Seng,M,113,93,20
Senia,F,5,0,5
Seniyah,F,5,0,5
Senna,F,72,0,72
Sennie,F,6,0,6
Senona,F,6,0,6
Senora,F,23,0,23
Senorina,F,5,0,5
Senovia,F,5,0,5
Senovio,M,6,6,0
Sensi,F,5,0,5
Senta,F,30,0,30
Sentoria,F,5,0,5
Sephora,F,216,0,216
September,F,201,0,201
Sequan,M,56,56,0
Sequoia,F,1573,22,1551
Sequoya,F,23,0,23
Sequoyah,F,31,5,26
Sera,F,300,0,300
Serafin,M,530,530,0
Serafina,F,932,0,932
Serafino,M,52,52,0
Serah,F,51,0,51
Seraiah,F,20,0,20
Seraphina,F,1014,0,1014
Seraphine,F,40,0,40
Serapio,M,108,108,0
Serayah,F,33,0,33
Sereen,F,24,0,24
Sereena,F,16,0,16
Serel,F,5,0,5
Seren,F,142,0,142
Serena,F,35775,0,35775
Serenah,F,5,0,5
Serene,F,804,0,804
Serenidy,F,11,0,11
Serenitee,F,6,0,6
Sereniti,F,96,0,96
Serenity,F,52450,7,52443
Serge,M,469,469,0
Sergey,M,82,82,0
Sergio,M,73004,72809,195
Seri,F,5,0,5
Seriah,F,50,0,50
Serigne,M,21,21,0
Serina,F,3096,0,3096
Serinity,F,258,0,258
Serita,F,49,0,49
Seriyah,F,15,0,15
Serjio,M,420,420,0
Serly,F,5,0,5
Serra,F,50,0,50
Serrena,F,5,0,5
Serrina,F,17,0,17
Serrita,F,5,0,5
Servando,M,1443,1443,0
Seryna,F,17,0,17
Sesar,M,135,135,0
Setareh,F,21,0,21
Setayesh,F,10,0,10
Seth,M,156693,156656,37
Setsuko,F,263,0,263
Sevag,M,88,88,0
Sevak,M,15,15,0
Sevan,M,10,10,0
Sevana,F,31,0,31
Sevanna,F,10,0,10
Sevastian,M,116,116,0
Seven,M,704,599,105
Severa,F,198,0,198
Severiano,M,198,198,0
Severin,M,32,32,0
Severino,M,10,10,0
Severo,M,717,717,0
Severus,M,5,5,0
Sevilla,F,5,0,5
Sevinch,F,5,0,5
Sevyn,F,359,59,300
Sewall,M,5,5,0
Seward,M,29,29,0
Seydou,M,5,5,0
Seylah,F,6,0,6
Seymore,M,7,7,0
Seymour,M,11191,11191,0
Seynabou,F,10,0,10
Sha,F,97,5,92
Shaakira,F,22,0,22
Shaan,M,1009,1009,0
Shaaron,F,10,0,10
Shaasia,F,46,0,46
Shabab,M,11,11,0
Shabana,F,15,0,15
Shabazz,M,26,26,0
Shabd,M,5,5,0
Shabnam,F,109,0,109
Shabreka,F,21,0,21
Shabria,F,74,0,74
Shabsi,M,16,16,0
Shacara,F,27,0,27
Shacoria,F,20,0,20
Shad,M,2517,2517,0
Shada,F,84,0,84
Shadae,F,279,0,279
Shadai,F,33,0,33
Shadasia,F,11,0,11
Shaday,F,65,0,65
Shadaya,F,33,0,33
Shade,F,251,48,203
Shadee,M,21,21,0
Shadeed,M,21,21,0
Shaden,F,17,0,17
Shadestiny,F,5,0,5
Shadi,M,128,99,29
Shadia,F,71,0,71
Shadiamond,F,49,0,49
Shadman,M,65,65,0
Shadonna,F,39,0,39
Shadow,F,6,0,6
Shadrach,M,16,16,0
Shadrick,M,20,20,0
Shady,F,14,0,14
Shae,F,2760,193,2567
Shaela,F,90,0,90
Shaelee,F,21,0,21
Shaelyn,F,1515,0,1515
Shaelynn,F,339,0,339
Shaena,F,21,0,21
Shafin,M,10,10,0
Shaft,M,17,17,0
Shafter,M,5,5,0
Shaguana,F,18,0,18
Shah,M,23,23,0
Shahab,M,5,5,0
Shahad,F,5,0,5
Shahadah,F,5,0,5
Shahan,M,11,11,0
Shahd,F,113,0,113
Shaheed,M,380,380,0
Shaheedah,F,5,0,5
Shaheem,M,220,220,0
Shaheen,M,71,65,6
Shaheer,M,25,25,0
Shaheerah,F,6,0,6
Shaheim,M,33,33,0
Shahid,M,105,105,0
Shahida,F,5,0,5
Shahidah,F,35,0,35
Shahin,M,65,65,0
Shahina,F,10,0,10
Shahrukh,M,5,5,0
Shahrzad,F,6,0,6
Shahzaib,M,12,12,0
Shahzoda,F,5,0,5
Shai,U,486,333,153
Shaiann,F,28,0,28
Shaianne,F,43,0,43
Shaila,F,1408,0,1408
Shailee,F,20,0,20
Shailen,M,5,5,0
Shaily,F,5,0,5
Shailyn,F,42,0,42
Shaima,F,27,0,27
Shain,M,76,76,0
Shaina,F,9483,0,9483
Shaindel,F,542,0,542
Shaindy,F,1585,0,1585
Shaine,M,41,41,0
Shaiquan,M,5,5,0
Shaira,F,28,0,28
Shajuana,F,5,0,5
Shaka,M,130,130,0
Shakara,F,126,0,126
Shakari,F,32,0,32
Shakayla,F,791,0,791
Shakeal,M,5,5,0
Shakeeka,F,5,0,5
Shakeel,M,51,51,0
Shakeela,F,20,0,20
Shakeem,M,272,272,0
Shakeema,F,363,0,363
Shakeemah,F,11,0,11
Shakeena,F,134,0,134
Shakeera,F,22,0,22
Shakeerah,F,52,0,52
Shakeeta,F,5,0,5
Shakeia,F,40,0,40
Shakeil,M,5,5,0
Shakeila,F,10,0,10
Shakeira,F,51,0,51
Shakeitha,F,11,0,11
Shakela,F,67,0,67
Shakelia,F,17,0,17
Shakema,F,194,0,194
Shakena,F,49,0,49
Shakendra,F,29,0,29
Shakenya,F,10,0,10
Shakera,F,626,0,626
Shakeria,F,466,0,466
Shakerra,F,5,0,5
Shakerria,F,19,0,19
Shaketa,F,37,0,37
Shakevia,F,5,0,5
Shakeya,F,208,0,208
Shakeyla,F,17,0,17
Shakeyra,F,5,0,5
Shakia,F,1318,0,1318
Shakiara,F,7,0,7
Shakiem,M,5,5,0
Shakiera,F,30,0,30
Shakil,M,14,14,0
Shakila,F,77,0,77
Shakim,M,186,186,0
Shakima,F,325,0,325
Shakina,F,130,0,130
Shakir,M,279,279,0
Shakira,F,6348,0,6348
Shakirah,F,265,0,265
Shakisha,F,31,0,31
Shakita,F,514,0,514
Shakiya,F,73,0,73
Shakiyah,F,5,0,5
Shakiyla,F,228,0,228
Shakthi,F,5,0,5
Shakti,F,7,0,7
Shakur,M,434,434,0
Shakyla,F,5,0,5
Shakyra,F,281,0,281
Shala,F,387,0,387
Shalamar,F,10,0,10
Shalana,F,21,0,21
Shalanda,F,726,0,726
Shalandra,F,10,0,10
Shalane,F,26,0,26
Shalawn,F,44,0,44
Shalayne,F,5,0,5
Shalee,F,138,0,138
Shaleek,M,5,5,0
Shaleen,F,60,0,60
Shaleena,F,5,0,5
Shaleigh,F,6,0,6
Shalena,F,70,0,70
Shalene,F,111,0,111
Shalese,F,16,0,16
Shaletha,F,5,0,5
Shaley,F,21,0,21
Shalia,F,5,0,5
Shalik,M,20,20,0
Shalim,M,5,5,0
Shalimar,F,75,0,75
Shalina,F,62,0,62
Shalini,F,134,0,134
Shalisa,F,68,0,68
Shalise,F,23,0,23
Shalita,F,15,0,15
Shaliyah,F,96,0,96
Shalom,M,1068,967,101
Shalon,F,264,0,264
Shalonda,F,3412,0,3412
Shalva,F,5,0,5
Shalyn,F,375,0,375
Shalynn,F,184,0,184
Shama,F,10,0,10
Shamaine,F,6,0,6
Shamal,M,5,5,0
Shamar,M,4231,4231,0
Shamara,F,332,0,332
Shamari,F,381,149,232
Shamaria,F,54,0,54
Shamarion,M,13,13,0
Shamaya,F,117,0,117
Shambria,F,15,0,15
Shambrica,F,11,0,11
Shamea,F,10,0,10
Shameca,F,10,0,10
Shamecca,F,130,0,130
Shameek,M,134,134,0
Shameeka,F,463,0,463
Shameen,F,6,0,6
Shameer,M,5,5,0
Shameika,F,215,0,215
Shameka,F,5270,0,5270
Shamekia,F,411,0,411
Shamel,M,733,717,16
Shamell,M,60,60,0
Shameria,F,5,0,5
Shametria,F,5,0,5
Shamia,F,342,0,342
Shamiah,F,38,0,38
Shamica,F,85,0,85
Shamieka,F,10,0,10
Shamika,F,4055,0,4055
Shamila,F,5,0,5
Shamina,F,10,0,10
Shamir,M,559,559,0
Shamira,F,400,0,400
Shamiracle,F,12,0,12
Shamirah,F,25,0,25
Shamiya,F,421,0,421
Shamiyah,F,122,0,122
Shammond,M,17,17,0
Shamon,M,33,33,0
Shamond,M,5,5,0
Shamonica,F,37,0,37
Shamra,F,5,0,5
Shamus,M,328,328,0
Shamya,F,1319,0,1319
Shamyah,F,5,0,5
Shamyia,F,5,0,5
Shamyra,F,56,0,56
Shan,M,494,419,75
Shana,F,26931,0,26931
Shanae,F,1964,0,1964
Shanah,F,5,0,5
Shanai,F,10,0,10
Shanan,F,63,0,63
Shanard,M,6,6,0
Shanasia,F,38,0,38
Shanautica,F,25,0,25
Shanavia,F,44,0,44
Shanay,F,679,0,679
Shanaya,F,1140,0,1140
Shanda,F,5622,0,5622
Shandale,F,5,0,5
Shandee,F,10,0,10
Shandel,F,11,0,11
Shandell,F,26,0,26
Shandi,F,415,0,415
Shandiin,F,50,0,50
Shandon,M,43,43,0
Shandra,F,1123,0,1123
Shandrea,F,21,0,21
Shandreka,F,54,0,54
Shandrell,F,7,0,7
Shandria,F,5,0,5
Shandricka,F,10,0,10
Shandrika,F,39,0,39
Shandy,F,40,0,40
Shane,M,187830,186603,1227
Shanea,F,211,0,211
Shanece,F,15,0,15
Shanee,F,577,0,577
Shaneeka,F,77,0,77
Shaneen,F,26,0,26
Shaneequa,F,44,0,44
Shaneice,F,81,0,81
Shaneika,F,55,0,55
Shaneka,F,1779,0,1779
Shanekia,F,10,0,10
Shanekqua,F,5,0,5
Shanel,F,830,0,830
Shanell,F,2608,0,2608
Shanelle,F,2310,0,2310
Shanequa,F,1293,0,1293
Shaneque,F,5,0,5
Shanequia,F,11,0,11
Shanese,F,102,0,102
Shanesha,F,5,0,5
Shanetra,F,5,0,5
Shanetta,F,190,0,190
Shanette,F,111,0,111
Shaney,F,12,0,12
Shani,F,2296,0,2296
Shania,F,13585,0,13585
Shaniah,F,890,0,890
Shanica,F,15,0,15
Shanice,F,8177,0,8177
Shanie,F,16,0,16
Shaniece,F,923,0,923
Shanieka,F,12,0,12
Shanigua,F,10,0,10
Shanik,F,40,0,40
Shanika,F,4531,0,4531
Shanikqua,F,22,0,22
Shanin,F,22,0,22
Shaniqua,F,4266,0,4266
Shaniquah,F,27,0,27
Shanique,F,906,0,906
Shaniquia,F,6,0,6
Shanise,F,465,0,465
Shanisha,F,16,0,16
Shanita,F,2279,0,2279
Shanitra,F,11,0,11
Shaniya,F,5373,0,5373
Shaniyah,F,2049,0,2049
Shanley,F,5,0,5
Shann,M,11,11,0
Shanna,F,25489,0,25489
Shannah,F,102,0,102
Shannan,F,2922,5,2917
Shannara,F,5,0,5
Shannel,F,317,0,317
Shannell,F,17,0,17
Shannen,F,694,5,689
Shannon,F,340745,48162,292583
Shannyn,F,10,0,10
Shanon,F,2982,392,2590
Shanreka,F,13,0,13
Shant,M,555,555,0
Shanta,F,3804,0,3804
Shantae,F,419,0,419
Shantai,F,6,0,6
Shantal,F,578,0,578
Shantall,F,5,0,5
Shantanique,F,28,0,28
Shantasia,F,43,0,43
Shantavia,F,276,0,276
Shantavious,F,11,0,11
Shantay,F,254,0,254
Shante,F,4231,0,4231
Shantee,F,21,0,21
Shantel,F,7686,0,7686
Shantell,F,2883,0,2883
Shantelle,F,860,0,860
Shanteria,F,416,0,416
Shanterica,F,5,0,5
Shanterria,F,100,0,100
Shanti,F,523,26,497
Shantia,F,287,0,287
Shantice,F,5,0,5
Shantika,F,5,0,5
Shantina,F,5,0,5
Shantinique,F,68,0,68
Shantique,F,9,0,9
Shanton,M,5,5,0
Shantoria,F,101,0,101
Shantrel,F,10,0,10
Shantrell,F,226,0,226
Shantrelle,F,6,0,6
Shantrice,F,48,0,48
Shanty,F,7,0,7
Shanvi,F,26,0,26
Shany,F,5,0,5
Shanya,F,1141,0,1141
Shanyah,F,56,0,56
Shanyce,F,6,0,6
Shanygne,F,9,0,9
Shanyia,F,40,0,40
Shanyla,F,16,0,16
Shanyn,F,10,0,10
Shanzay,F,10,0,10
Shaquala,F,37,0,37
Shaquan,M,1456,1367,89
Shaquana,F,1555,0,1555
Shaquanda,F,203,0,203
Shaquandra,F,5,0,5
Shaquanna,F,428,0,428
Shaquanta,F,5,0,5
Shaquasha,F,19,0,19
Shaquasia,F,134,0,134
Shaquaya,F,19,0,19
Shaqueen,F,5,0,5
Shaqueena,F,59,0,59
Shaquel,M,6,6,0
Shaquell,M,7,7,0
Shaquelle,M,11,11,0
Shaquetta,F,66,0,66
Shaquia,F,10,0,10
Shaquil,M,47,47,0
Shaquila,F,36,0,36
Shaquile,M,10,10,0
Shaquill,M,57,57,0
Shaquilla,F,147,0,147
Shaquille,M,4851,4681,170
Shaquinta,F,6,0,6
Shaquira,F,13,0,13
Shaquita,F,1539,0,1539
Shaquitta,F,15,0,15
Shaquna,F,5,0,5
Shaquoia,F,5,0,5
Shaquon,M,5,5,0
Shara,F,2110,0,2110
Sharae,F,261,0,261
Sharah,F,5,0,5
Sharai,F,61,0,61
Sharaine,F,5,0,5
Sharalyn,F,20,0,20
Sharan,F,159,0,159
Sharanda,F,15,0,15
Sharanya,F,39,0,39
Sharay,F,68,0,68
Sharaya,F,28,0,28
Sharayah,F,117,0,117
Sharbel,M,12,12,0
Sharda,F,198,0,198
Shardae,F,649,0,649
Shardai,F,16,0,16
Sharday,F,276,0,276
Sharde,F,431,0,431
Sharece,F,5,0,5
Sharee,F,1562,0,1562
Shareef,M,340,340,0
Shareefah,F,6,0,6
Shareen,F,185,0,185
Shareena,F,10,0,10
Shareese,F,52,0,52
Shareka,F,276,0,276
Sharell,F,294,0,294
Sharelle,F,55,0,55
Sharema,F,6,0,6
Sharen,F,1936,0,1936
Sharena,F,43,0,43
Sharene,F,28,0,28
Sharese,F,137,0,137
Sharhonda,F,386,0,386
Shari,F,37901,0,37901
Sharia,F,10,0,10
Shariah,F,96,0,96
Sharice,F,334,0,334
Sharie,F,281,0,281
Sharief,M,11,11,0
Sharif,M,1500,1500,0
Sharifa,F,132,0,132
Shariff,M,227,227,0
Sharika,F,495,0,495
Sharilyn,F,317,0,317
Sharima,F,6,0,6
Sharin,F,5,0,5
Sharina,F,262,0,262
Sharine,F,5,0,5
Sharion,F,160,0,160
Shariq,M,5,5,0
Sharise,F,102,0,102
Sharissa,F,11,0,11
Sharisse,F,130,0,130
Sharita,F,1306,0,1306
Shariya,F,20,0,20
Shariyah,F,27,0,27
Shariyf,M,5,5,0
Sharla,F,3333,0,3333
Sharlee,F,11,0,11
Sharleen,F,724,0,724
Sharlene,F,8244,0,8244
Sharlet,F,20,0,20
Sharlette,F,5,0,5
Sharli,F,5,0,5
Sharlize,F,15,0,15
Sharlotte,F,73,0,73
Sharlyn,F,179,0,179
Sharma,F,17,0,17
Sharmaine,F,330,0,330
Sharman,F,300,0,300
Sharmarke,M,5,5,0
Sharmila,F,5,0,5
Sharmin,F,20,0,20
Sharmon,F,26,0,26
Sharnae,F,30,0,30
Sharnay,F,5,0,5
Sharnell,F,16,0,16
Sharnice,F,81,0,81
Sharnise,F,5,0,5
Sharnita,F,15,0,15
Sharod,M,268,268,0
Sharol,F,93,0,93
Sharolyn,F,185,0,185
Sharon,F,719667,589,719078
Sharona,F,89,0,89
Sharonda,F,4588,0,4588
Sharone,F,40,5,35
Sharonica,F,6,0,6
Sharoya,F,5,0,5
Sharra,F,15,0,15
Sharrell,F,10,0,10
Sharri,F,196,0,196
Sharrie,F,41,0,41
Sharrieff,M,5,5,0
Sharrod,M,10,10,0
Sharron,F,14074,5,14069
Sharry,F,34,0,34
Sharvae,F,5,0,5
Sharvi,F,10,0,10
Sharvil,M,6,6,0
Sharyl,F,1081,0,1081
Sharyn,F,5238,0,5238
Shashank,M,47,47,0
Shasta,F,2282,0,2282
Shastelyn,F,11,0,11
Shastina,F,10,0,10
Shatara,F,701,0,701
Shatasha,F,6,0,6
Shatasia,F,13,0,13
Shatavia,F,193,0,193
Shataya,F,12,0,12
Shateek,M,30,30,0
Shateema,F,5,0,5
Shatema,F,6,0,6
Shatera,F,5,0,5
Shateria,F,23,0,23
Shaterica,F,11,0,11
Shaterra,F,13,0,13
Shaterria,F,5,0,5
Shaterrica,F,28,0,28
Shatha,F,5,0,5
Shatia,F,117,0,117
Shatiek,M,5,5,0
Shatika,F,11,0,11
Shatima,F,71,0,71
Shatina,F,38,0,38
Shatiqua,F,18,0,18
Shatique,M,6,6,0
Shatira,F,5,0,5
Shatisha,F,39,0,39
Shatoria,F,83,0,83
Shatoya,F,240,0,240
Shaughn,M,5,5,0
Shaul,M,302,302,0
Shaun,M,67919,66905,1014
Shauna,F,25042,0,25042
Shaunak,M,27,27,0
Shaunda,F,431,0,431
Shaundra,F,137,0,137
Shaune,F,10,5,5
Shauni,F,18,0,18
Shaunice,F,94,0,94
Shaunna,F,1039,0,1039
Shaunt,M,19,19,0
Shaunta,F,356,0,356
Shauntae,F,56,0,56
Shauntal,F,5,0,5
Shauntavia,F,11,0,11
Shauntay,F,27,0,27
Shaunte,F,677,6,671
Shauntel,F,89,0,89
Shauntell,F,13,0,13
Shauntia,F,5,0,5
Shaunya,F,23,0,23
Shaurya,M,460,460,0
Shavar,M,46,46,0
Shavaughn,F,5,0,5
Shavaun,F,5,0,5
Shavon,F,2446,21,2425
Shavona,F,15,0,15
Shavonda,F,310,0,310
Shavone,F,79,0,79
Shavonn,F,15,0,15
Shavonna,F,97,0,97
Shavonne,F,1602,0,1602
Shavontae,F,5,0,5
Shavonte,F,15,0,15
Shavy,F,50,0,50
Shaw,M,26,26,0
Shawan,F,17,0,17
Shawana,F,864,0,864
Shawanda,F,1938,0,1938
Shawanna,F,557,0,557
Shawn,M,331206,300889,30317
Shawna,F,43024,0,43024
Shawnda,F,982,0,982
Shawndale,M,6,6,0
Shawndee,F,5,0,5
Shawndell,U,28,21,7
Shawndra,F,44,0,44
Shawne,F,114,0,114
Shawnee,F,1495,5,1490
Shawneen,F,7,0,7
Shawneequa,F,12,0,12
Shawnetta,F,5,0,5
Shawnette,F,91,0,91
Shawnice,F,53,0,53
Shawnie,F,36,0,36
Shawniece,F,5,0,5
Shawnn,M,5,5,0
Shawnna,F,989,0,989
Shawnta,F,748,5,743
Shawntae,F,105,0,105
Shawntavia,F,28,0,28
Shawntay,F,85,0,85
Shawnte,F,559,0,559
Shawntee,F,19,0,19
Shawntel,F,134,0,134
Shawntell,F,23,0,23
Shawntez,M,11,11,0
Shawntia,F,6,0,6
Shawntrell,F,5,0,5
Shawon,M,11,11,0
Shay,F,4628,1625,3003
Shaya,M,888,745,143
Shayaan,M,233,233,0
Shayal,F,9,0,9
Shayan,M,908,908,0
Shayanne,F,6,0,6
Shayda,F,40,0,40
Shayden,M,191,191,0
Shaydon,M,5,5,0
Shaye,F,550,140,410
Shayla,F,27790,6,27784
Shaylah,F,92,0,92
Shaylea,F,6,0,6
Shaylee,F,4753,0,4753
Shayleen,F,27,0,27
Shayleigh,F,25,0,25
Shaylen,F,5,0,5
Shaylene,F,146,0,146
Shayli,F,6,0,6
Shaylie,F,75,0,75
Shaylin,F,346,0,346
Shaylyn,F,384,0,384
Shaylynn,F,511,0,511
Shayma,F,10,0,10
Shayn,M,12,12,0
Shayna,F,13181,0,13181
Shayne,M,7485,6779,706
Shayquan,M,11,11,0
Shayra,F,5,0,5
Shazia,F,31,0,31
Shea,F,12475,4608,7867
Shealyn,F,161,0,161
Shealynn,F,25,0,25
Sheamus,M,16,16,0
Shean,M,5,5,0
Sheana,F,54,0,54
Shearon,F,5,0,5
Sheba,F,172,0,172
Sheccid,F,173,0,173
Sheddrick,M,16,16,0
Shedrick,M,932,932,0
Sheeba,F,5,0,5
Sheela,F,48,0,48
Sheena,F,19522,0,19522
Sheetal,F,17,0,17
Sheeva,F,5,0,5
Shefali,F,23,0,23
Sheida,F,5,0,5
Sheikh,M,86,86,0
Sheila,F,234984,23,234961
Sheilah,F,602,0,602
Sheilla,F,5,0,5
Sheily,F,117,0,117
Sheina,F,51,0,51
Sheindel,F,31,0,31
Sheindy,F,34,0,34
Shekia,F,5,0,5
Shekina,F,5,0,5
Shekinah,F,605,0,605
Shekita,F,32,0,32
Shela,F,117,0,117
Shelagh,F,34,0,34
Shelba,F,1311,0,1311
Shelbee,F,63,0,63
Shelbey,F,202,0,202
Shelbi,F,3675,0,3675
Shelbia,F,14,0,14
Shelbie,F,3383,0,3383
Shelby,F,153566,11397,142169
Shelda,F,10,0,10
Sheldon,M,30498,30498,0
Shelena,F,10,0,10
Shelene,F,10,0,10
Sheli,F,54,0,54
Shelia,F,44847,0,44847
Sheliah,F,49,0,49
Shelina,F,5,0,5
Shelisa,F,5,0,5
Shelita,F,403,0,403
Shella,F,54,0,54
Shellby,F,30,0,30
Shelle,F,34,0,34
Shellee,F,126,0,126
Shelley,F,69992,115,69877
Shelli,F,4860,0,4860
Shellia,F,11,0,11
Shellie,F,6850,94,6756
Shellsea,F,15,0,15
Shelly,F,81917,297,81620
Shellyann,F,5,0,5
Shellye,F,11,0,11
Shelonda,F,16,0,16
Shelsea,F,158,0,158
Shelsey,F,21,0,21
Shelsy,F,126,0,126
Shelton,M,7703,7703,0
Shelva,F,608,0,608
Shelvey,F,5,0,5
Shelvia,F,152,0,152
Shelvie,F,85,0,85
Shelvy,F,74,0,74
Shem,M,30,30,0
Shemar,M,1479,1479,0
Shemeeka,F,10,0,10
Shemeika,F,10,0,10
Shemeka,F,917,0,917
Shemekia,F,44,0,44
Shemica,F,10,0,10
Shemika,F,745,0,745
Shena,F,827,0,827
Shenae,F,16,0,16
Shenandoah,F,10,0,10
Shenee,F,13,0,13
Sheneka,F,216,0,216
Shenell,F,22,0,22
Shenelle,F,14,0,14
Shenequa,F,111,0,111
Sheng,F,220,0,220
Shenika,F,1093,0,1093
Sheniqua,F,264,0,264
Shenique,F,12,0,12
Shenise,F,16,0,16
Shenita,F,474,0,474
Shenna,F,363,0,363
Shenouda,M,22,22,0
Shepard,M,528,528,0
Shepherd,M,922,922,0
Sheppard,M,11,11,0
Shequila,F,21,0,21
Shequita,F,220,0,220
Sher,M,32,32,0
Shera,F,307,0,307
Sherah,F,5,0,5
Sheral,F,5,0,5
Sheralyn,F,10,0,10
Sheran,F,48,0,48
Sherard,M,16,16,0
Sherece,F,10,0,10
Sheree,F,10831,0,10831
Shereen,F,413,0,413
Shereka,F,87,0,87
Sherell,F,294,0,294
Sherelle,F,137,0,137
Sherena,F,49,0,49
Sherene,F,74,0,74
Sherese,F,185,0,185
Sheretta,F,14,0,14
Sheri,F,58161,0,58161
Sheria,F,34,0,34
Sherian,F,160,0,160
Sherica,F,91,0,91
Sherice,F,406,0,406
Shericka,F,11,0,11
Sherida,F,68,0,68
Sheridan,F,2849,285,2564
Sherie,F,2328,0,2328
Sherif,M,28,28,0
Sherika,F,1190,0,1190
Sheril,F,64,0,64
Sherill,F,86,0,86
Sherilyn,F,1355,0,1355
Sherilynn,F,5,0,5
Sherin,F,11,0,11
Sherina,F,59,0,59
Sherine,F,36,0,36
Sherion,F,5,0,5
Sherise,F,206,0,206
Sherisse,F,11,0,11
Sherita,F,2653,0,2653
Sherl,F,5,0,5
Sherlene,F,59,0,59
Sherley,F,137,0,137
Sherlin,F,363,0,363
Sherline,F,32,0,32
Sherlita,F,7,0,7
Sherlonda,F,6,0,6
Sherly,F,249,0,249
Sherlyn,F,5803,0,5803
Sherlyne,F,24,0,24
Sherlynn,F,5,0,5
Sherma,F,10,0,10
Sherman,M,32516,32516,0
Sherod,M,32,32,0
Sherolyn,F,5,0,5
Sheron,F,1424,13,1411
Sheronda,F,471,0,471
Sheronica,F,5,0,5
Sherra,F,36,0,36
Sherral,F,5,0,5
Sherran,F,6,0,6
Sherre,F,54,0,54
Sherree,F,482,0,482
Sherrel,F,28,0,28
Sherrell,F,668,0,668
Sherri,F,81492,0,81492
Sherria,F,10,0,10
Sherrian,F,12,0,12
Sherrica,F,5,0,5
Sherrice,F,21,0,21
Sherrick,M,23,23,0
Sherrie,F,32363,0,32363
Sherrika,F,10,0,10
Sherril,F,296,0,296
Sherrill,F,4890,605,4285
Sherrilyn,F,49,0,49
Sherrilynn,F,5,0,5
Sherrin,F,5,0,5
Sherrina,F,5,0,5
Sherrise,F,5,0,5
Sherrita,F,10,0,10
Sherrod,M,398,398,0
Sherron,F,1073,21,1052
Sherry,F,226998,16,226982
Sherrye,F,137,0,137
Sherryl,F,2221,0,2221
Shervin,M,29,29,0
Sherwin,M,1116,1116,0
Sherwood,M,2486,2486,0
Sheryl,F,76256,0,76256
Sheryle,F,164,0,164
Sheryll,F,348,0,348
Sheryn,F,35,0,35
Shetara,F,23,0,23
Sheva,F,65,0,65
Shevawn,F,7,0,7
Shevon,F,59,0,59
Shevonne,F,33,0,33
Shevy,F,124,0,124
Shewanda,F,15,0,15
Sheya,M,15,15,0
Sheyanne,F,71,0,71
Sheyenne,F,306,0,306
Sheyla,F,2504,0,2504
Sheylin,F,5,0,5
Sheyna,F,5,0,5
Sheza,F,5,0,5
Shi,F,6,0,6
Shia,M,964,798,166
Shian,F,46,5,41
Shiana,F,6,0,6
Shiane,F,30,0,30
Shiann,F,711,0,711
Shianna,F,89,0,89
Shianne,F,2096,0,2096
Shiela,F,1727,0,1727
Shields,M,5,5,0
Shifa,F,5,0,5
Shiffy,F,26,0,26
Shifra,F,983,0,983
Shig,M,5,5,0
Shigeki,M,10,10,0
Shigeko,F,238,0,238
Shigeno,F,6,0,6
Shigeo,M,337,337,0
Shigeru,M,480,480,0
Shigeto,M,27,27,0
Shiheem,M,5,5,0
Shila,F,36,0,36
Shilah,F,78,0,78
Shilat,F,5,0,5
Shilo,F,348,48,300
Shiloh,F,7757,1963,5794
Shilpa,F,61,0,61
Shilynn,F,5,0,5
Shima,F,5,0,5
Shimon,M,3287,3287,0
Shimshon,M,171,171,0
Shin,M,5,5,0
Shina,F,6,0,6
Shindana,F,5,0,5
Shine,F,11,6,5
Shinichi,M,66,66,0
Shinika,F,5,0,5
Shinita,F,5,0,5
Shiori,F,5,0,5
Shiquan,M,5,5,0
Shiquita,F,58,0,58
Shir,F,11,0,11
Shira,F,3424,0,3424
Shirah,F,10,0,10
Shiran,F,6,0,6
Shiree,F,53,0,53
Shireen,F,278,0,278
Shirel,F,70,0,70
Shirell,F,12,0,12
Shirelle,F,84,0,84
Shiri,F,5,0,5
Shirin,F,153,0,153
Shirl,F,502,52,450
Shirlean,F,21,0,21
Shirlee,F,3371,0,3371
Shirleen,F,196,0,196
Shirlene,F,2309,0,2309
Shirley,F,686637,6426,680211
Shirleyann,F,45,0,45
Shirleymae,F,5,0,5
Shirlie,F,110,0,110
Shirly,F,5,0,5
Shirlyn,F,5,0,5
Shirlynn,F,5,0,5
Shiro,M,107,107,0
Shiv,M,780,780,0
Shiva,U,75,45,30
Shivaan,M,7,7,0
Shivaay,M,17,17,0
Shivali,F,5,0,5
Shivam,M,663,663,0
Shivangi,F,10,0,10
Shivani,F,1495,0,1495
Shivansh,M,84,84,0
Shivay,M,5,5,0
Shiven,M,85,85,0
Shivon,F,5,0,5
Shivonne,F,14,0,14
Shiya,M,30,30,0
Shizu,F,16,0,16
Shizue,F,519,0,519
Shizuka,F,6,0,6
Shizuko,F,527,0,527
Shizuo,M,86,86,0
Shizuye,F,50,0,50
Shizuyo,F,5,0,5
Shjon,M,27,27,0
Shley,F,7,0,7
Shloima,M,42,42,0
Shloime,M,403,403,0
Shloimy,M,181,181,0
Shlok,M,227,227,0
Shloka,F,12,0,12
Shloma,M,294,294,0
Shlome,M,437,437,0
Shlomie,M,104,104,0
Shlomo,M,3375,3375,0
Shlomy,M,25,25,0
Shmeil,M,11,11,0
Shmiel,M,506,506,0
Shmuel,M,3481,3481,0
Shneor,M,5,5,0
Shneur,M,180,180,0
Sho,M,78,78,0
Shoaib,M,10,10,0
Shogo,M,5,5,0
Shohjahon,M,6,6,0
Shoichi,M,59,59,0
Shoji,M,87,87,0
Sholanda,F,12,0,12
Sholem,M,35,35,0
Sholom,M,793,793,0
Shomari,M,306,289,17
Shon,M,2496,2496,0
Shona,F,664,0,664
Shonda,F,5864,0,5864
Shondell,F,31,18,13
Shondra,F,370,0,370
Shone,M,5,5,0
Shonn,M,16,16,0
Shonna,F,1224,0,1224
Shonnie,F,10,0,10
Shonta,F,636,0,636
Shontae,F,80,0,80
Shontavia,F,28,0,28
Shontay,F,63,0,63
Shonte,F,212,10,202
Shontel,F,61,0,61
Shontell,F,68,0,68
Shonteria,F,6,0,6
Shonterria,F,5,0,5
Shontrell,F,6,0,6
Shooter,M,21,21,0
Shoshana,F,3127,0,3127
Shoshanna,F,22,0,22
Shoshannah,F,5,0,5
Shoso,M,6,6,0
Shota,M,20,20,0
Shoua,F,157,15,142
Shouana,F,6,0,6
Shourya,M,58,58,0
Shozo,M,5,5,0
Shraddha,F,5,0,5
Shraga,M,382,382,0
Shravan,M,30,30,0
Shravya,F,6,0,6
Shree,F,43,0,43
Shreeya,F,82,0,82
Shresta,F,5,0,5
Shrey,M,108,108,0
Shreya,F,3420,0,3420
Shreyan,M,71,71,0
Shreyansh,M,11,11,0
Shreyas,M,512,512,0
Shrihan,M,11,11,0
Shriya,F,894,0,894
Shriyan,M,16,16,0
Shriyans,M,6,6,0
Shronda,F,39,0,39
Shruthi,F,71,0,71
Shruti,F,304,0,304
Shterna,F,84,0,84
Shu,M,6,6,0
Shuaib,M,5,5,0
Shuban,M,5,5,0
Shubh,M,28,28,0
Shubham,M,16,16,0
Shue,M,5,5,0
Shuford,M,13,13,0
Shuichi,M,5,5,0
Shulamis,F,10,0,10
Shulamith,F,5,0,5
Shulem,M,893,893,0
Shun,M,78,78,0
Shunda,F,102,0,102
Shundra,F,59,0,59
Shunta,F,211,0,211
Shunte,F,5,0,5
Shuntel,F,5,0,5
Shuronda,F,5,0,5
Shwanda,F,5,0,5
Shya,F,10,0,10
Shyam,M,66,66,0
Shyan,F,108,0,108
Shyann,F,4459,0,4459
Shyanna,F,452,0,452
Shyanne,F,7351,0,7351
Shyasia,F,40,0,40
Shyenne,F,28,0,28
Shyheed,M,5,5,0
Shyheem,M,72,72,0
Shyheim,M,463,463,0
Shyhiem,M,10,10,0
Shykeem,M,6,6,0
Shykemmia,F,7,0,7
Shyla,F,4460,0,4460
Shylah,F,381,0,381
Shylee,F,71,0,71
Shylo,F,5,0,5
Shyloh,F,16,0,16
Shymir,M,6,6,0
Shyra,F,33,0,33
Si,F,11,0,11
Sia,F,616,5,611
Siah,F,10,0,10
Siahna,F,5,0,5
Siam,M,5,5,0
Sian,F,53,0,53
Siana,F,189,0,189
Siani,F,745,0,745
Sianna,F,472,0,472
Sianni,F,112,0,112
Siaosi,M,36,36,0
Siara,F,515,0,515
Siarah,F,5,0,5
Siarra,F,70,0,70
Sibel,F,5,0,5
Sible,F,5,0,5
Sibyl,F,1516,0,1516
Sibylla,F,5,0,5
Sicily,F,200,0,200
Siclali,F,5,0,5
Sid,M,379,379,0
Siddarth,M,50,50,0
Siddhant,M,122,122,0
Siddhanth,M,23,23,0
Siddharth,M,1725,1725,0
Siddhartha,M,45,45,0
Siddhi,F,10,0,10
Sidharth,M,143,143,0
Sidi,M,9,9,0
Sidnee,F,32,0,32
Sidney,M,92278,73776,18502
Sidnie,F,5,0,5
Sidra,F,128,0,128
Sidrah,F,5,0,5
Sidratul,F,5,0,5
Sieanna,F,6,0,6
Siedah,F,62,0,62
Siegfried,M,16,16,0
Siena,F,6118,0,6118
Sienna,F,22700,0,22700
Siennah,F,5,0,5
Siera,F,1010,0,1010
Sierah,F,15,0,15
Sierra,F,94787,31,94756
Sierrah,F,214,0,214
Sierria,F,6,0,6
Sigfredo,M,53,53,0
Sigifredo,M,187,187,0
Sigismund,M,15,15,0
Sigmond,M,5,5,0
Sigmund,M,1421,1421,0
Signe,F,485,0,485
Sigourney,F,14,0,14
Sigrid,F,355,0,355
Sigurd,M,58,58,0
Sihaam,F,6,0,6
Siham,F,190,0,190
Sila,F,17,0,17
Silas,M,37167,37167,0
Silberio,M,10,10,0
Silbestre,M,5,5,0
Silbia,F,17,0,17
Siler,M,5,5,0
Silka,F,30,0,30
Silton,M,5,5,0
Silva,F,111,0,111
Silvana,F,908,0,908
Silvano,M,289,289,0
Silver,F,141,0,141
Silveria,F,16,0,16
Silverio,M,782,782,0
Silvester,M,104,104,0
Silvestra,F,16,0,16
Silvestre,M,1497,1497,0
Silvia,F,15688,12,15676
Silviano,M,21,21,0
Silvina,F,10,0,10
Silvino,M,49,49,0
Silvio,M,1225,1225,0
Sim,M,289,289,0
Sima,F,942,0,942
Simar,F,31,0,31
Simarpreet,F,5,0,5
Simcha,M,1160,1122,38
Simeon,M,3872,3872,0
Simi,F,118,0,118
Simmie,M,153,148,5
Simon,M,51852,51852,0
Simona,F,1747,0,1747
Simone,F,21312,29,21283
Simonne,F,178,0,178
Simpson,M,13,13,0
Simra,F,66,0,66
Simrah,F,33,0,33
Simran,F,1742,22,1720
Simranjit,F,12,0,12
Simrat,F,44,0,44
Simrit,F,6,0,6
Sims,M,10,10,0
Simy,F,5,0,5
Sina,U,145,108,37
Sinahi,F,17,0,17
Sinai,F,897,10,887
Sinan,M,13,13,0
Sincere,M,5797,5483,314
Sinclair,M,122,122,0
Sinclaire,F,6,0,6
Sindee,F,21,0,21
Sindhu,F,10,0,10
Sindi,F,65,0,65
Sindia,F,47,0,47
Sindy,F,1071,0,1071
Sinead,F,560,0,560
Sinforosa,F,5,0,5
Sinjin,M,42,42,0
Sinthia,F,40,0,40
Sintia,F,108,0,108
Siobhain,F,5,0,5
Siobhan,F,4611,0,4611
Siomara,F,202,0,202
Sion,M,16,16,0
Siona,F,41,0,41
Sione,M,867,867,0
Sipriano,M,46,46,0
Sir,M,271,271,0
Siraj,M,26,26,0
Sire,M,203,203,0
Sireen,F,5,0,5
Sirena,F,1070,0,1070
Sirenia,F,12,0,12
Sirenity,F,5,0,5
Siri,F,630,0,630
Siria,F,55,0,55
Siris,M,5,5,0
Sirius,M,14,14,0
Sirr,M,11,11,0
Sirus,M,5,5,0
Sissi,F,25,0,25
Sissy,F,34,0,34
Sista,F,5,0,5
Sister,F,19,0,19
Sisto,M,57,57,0
Sita,F,7,0,7
Sitara,F,41,0,41
Sitlali,F,22,0,22
Sitlaly,F,20,0,20
Sivan,F,183,11,172
Sixta,F,5,0,5
Sixto,M,730,730,0
Siya,F,867,0,867
Siyah,F,5,0,5
Siyona,F,67,0,67
Skai,F,95,0,95
Skarlet,F,56,0,56
Skarlett,F,220,0,220
Skarlette,F,16,0,16
Skie,F,11,0,11
Skilar,F,6,0,6
Skip,M,470,470,0
Skipper,M,31,31,0
Sky,F,6179,1231,4948
Skye,F,17008,675,16333
Skyelar,F,23,0,23
Skyelynn,F,5,0,5
Skyla,F,9279,0,9279
Skylah,F,1017,0,1017
Skylan,F,20,5,15
Skylar,F,76758,15286,61472
Skylee,F,869,0,869
Skyleen,F,12,0,12
Skyleigh,F,27,0,27
Skyler,U,58867,37097,21770
Skylie,F,73,0,73
Skylin,F,101,0,101
Skyllar,F,5,0,5
Skylor,M,84,79,5
Skylyn,F,88,0,88
Skylynn,F,1102,0,1102
Skyrah,F,5,0,5
Skyy,F,581,0,581
Slade,M,2220,2220,0
Slate,M,43,43,0
Slater,M,356,356,0
Slaton,M,5,5,0
Slayde,M,23,23,0
Slayton,M,45,45,0
Sloan,F,3463,372,3091
Sloane,F,8266,0,8266
Sloka,F,5,0,5
Smantha,F,25,0,25
Smiley,M,5,5,0
Smita,F,5,0,5
Smith,M,1160,1160,0
Smithie,F,9,0,9
Smrithi,F,5,0,5
Smriti,F,11,0,11
Sneha,F,494,0,494
Sneijder,M,10,10,0
Sneyder,M,6,6,0
Snezana,F,5,0,5
Snigdha,F,6,0,6
Snow,F,69,0,69
Sobeida,F,5,0,5
Socorro,F,5861,116,5745
Socrates,M,50,50,0
Sofi,F,99,0,99
Sofia,F,123615,5,123610
Sofiah,F,10,0,10
Sofie,F,2146,0,2146
Sofija,F,15,0,15
Sofiya,F,176,0,176
Sofya,F,11,0,11
Soha,F,176,0,176
Sohaib,M,5,5,0
Sohail,M,21,21,0
Soham,M,373,373,0
Sohan,M,252,252,0
Sohil,M,10,10,0
Sohrab,M,5,5,0
Sohrob,M,5,5,0
Sohum,M,102,102,0
Soichi,M,5,5,0
Soila,F,520,0,520
Sokha,F,10,0,10
Sokhna,F,53,0,53
Sokhom,F,5,0,5
Sol,M,5310,4253,1057
Solana,F,396,0,396
Solange,F,512,0,512
Solara,F,112,0,112
Solash,F,25,0,25
Solay,F,5,0,5
Sole,F,58,0,58
Soledad,F,2524,0,2524
Solei,F,63,0,63
Soleil,F,1986,0,1986
Solene,F,8,0,8
Solenne,F,5,0,5
Soliana,F,102,0,102
Solimar,F,52,0,52
Solina,F,5,0,5
Solita,F,15,0,15
Sollie,M,7,7,0
Solly,M,10,10,0
Solmaira,F,6,0,6
Solmayra,F,11,0,11
Soloman,M,81,81,0
Solomon,M,26004,26004,0
Solon,M,29,29,0
Solstice,F,5,0,5
Solveig,F,90,0,90
Solyana,F,5,0,5
Soma,M,5,5,0
Somalia,F,17,0,17
Somaly,F,8,0,8
Somaya,F,390,0,390
Somer,F,637,0,637
Sommer,F,3750,0,3750
Somnang,M,6,6,0
Somtochukwu,M,6,6,0
Somya,F,5,0,5
Son,M,228,223,5
Sona,F,136,0,136
Sonakshi,F,5,0,5
Sonal,F,70,0,70
Sonali,F,318,0,318
Sonam,F,89,10,79
Sonceria,F,5,0,5
Sonda,F,32,0,32
Sondi,F,6,0,6
Sondra,F,23850,0,23850
Song,F,41,0,41
Songa,F,5,0,5
Sonia,F,60553,45,60508
Sonja,F,35001,0,35001
Sonji,F,461,0,461
Sonjia,F,77,0,77
Sonna,F,11,0,11
Sonnet,F,10,0,10
Sonni,F,5,0,5
Sonnie,F,27,7,20
Sonny,M,11119,11096,23
Sonoma,F,11,0,11
Sonora,F,176,0,176
Sony,M,12,12,0
Sonya,F,60838,0,60838
Soo,F,5,0,5
Soon,F,33,0,33
Sophal,M,5,5,0
Sophana,F,10,5,5
Sophea,F,25,0,25
Sopheak,M,14,14,0
Sopheap,F,13,0,13
Sophear,F,5,0,5
Sophee,F,10,0,10
Sophi,F,39,0,39
Sophia,F,325587,36,325551
Sophiagrace,F,5,0,5
Sophiah,F,6,0,6
Sophiamarie,F,25,0,25
Sophiarose,F,14,0,14
Sophie,F,99427,6,99421
Sophonie,F,43,0,43
Sophronia,F,25,0,25
Sophy,F,28,0,28
Sophya,F,146,0,146
Sora,F,368,8,360
Sorah,F,8,0,8
Soraida,F,151,0,151
Sorangel,F,26,0,26
Soraya,F,3117,0,3117
Sorayah,F,11,0,11
Soren,M,4700,4685,15
Soriah,F,20,0,20
Sorin,M,5,5,0
Soriya,F,15,0,15
Sosaia,M,15,15,0
Sosha,F,8,0,8
Sostenes,M,35,35,0
Sota,M,17,17,0
Sotero,M,263,263,0
Sotheary,F,7,0,7
Sotiria,F,5,0,5
Sotirios,M,10,10,0
Sou,M,57,57,0
Soua,F,40,5,35
Soul,M,5,5,0
Souleymane,M,133,133,0
Soumaya,F,5,0,5
Soumya,F,17,0,17
Southern,M,6,6,0
Soveida,F,5,0,5
Soyini,F,5,0,5
Soyla,F,41,0,41
Sparkle,F,664,0,664
Sparrow,F,140,0,140
Special,F,31,0,31
Spence,M,30,30,0
Spencer,M,113309,111346,1963
Spenser,M,1596,1568,28
Spirit,F,37,0,37
Spiro,M,86,86,0
Spiros,M,114,114,0
Spring,F,1266,0,1266
Spruha,F,5,0,5
Spurgeon,M,244,244,0
Spyros,M,11,11,0
Sravya,F,14,0,14
Sreeja,F,5,0,5
Sreshta,F,5,0,5
Sreya,F,16,0,16
Srihaan,M,14,14,0
Srihan,M,39,39,0
Srija,F,6,0,6
Srikar,M,95,95,0
Srinidhi,F,74,0,74
Srinika,F,47,0,47
Sriram,M,90,90,0
Srishti,F,37,0,37
Sritha,F,5,0,5
Sriya,F,117,0,117
Sriyan,M,19,19,0
Sruly,M,47,47,0
Sruthi,F,53,0,53
Stace,M,6,6,0
Stacee,F,317,0,317
Stacey,F,155694,10530,145164
Staci,F,23327,0,23327
Stacia,F,5217,0,5217
Stacie,F,36480,0,36480
Stacy,F,178442,18087,160355
Stacyann,F,6,0,6
Stacye,F,53,0,53
Stafford,M,476,476,0
Stalin,M,16,16,0
Stan,M,5203,5203,0
Stanford,M,2813,2813,0
Stanislaus,M,219,219,0
Stanislaw,M,53,53,0
Stanislawa,F,18,0,18
Stanley,M,289234,289132,102
Stanly,M,10,10,0
Stanton,M,1819,1819,0
Staphanie,F,5,0,5
Staphany,F,59,0,59
Star,F,3978,0,3978
Starasia,F,191,0,191
Starkeisha,F,5,0,5
Starkisha,F,5,0,5
Starla,F,4495,0,4495
Starlee,F,5,0,5
Starlene,F,141,0,141
Starlet,F,10,0,10
Starlett,F,16,0,16
Starlette,F,5,0,5
Starling,M,26,26,0
Starlyn,F,10,0,10
Starlynn,F,6,0,6
Starquasia,F,8,0,8
Starr,F,5156,0,5156
Starsky,M,27,27,0
Stasha,F,39,0,39
Stasia,F,735,0,735
Stassi,F,16,0,16
Statia,F,61,0,61
Stavro,M,5,5,0
Stavros,M,174,174,0
Stavroula,F,61,0,61
Stclair,M,5,5,0
Stedman,M,69,69,0
Steed,M,5,5,0
Steel,M,38,38,0
Steele,M,449,449,0
Stefan,M,15657,15657,0
Stefani,F,4118,0,4118
Stefania,F,951,0,951
Stefanie,F,34117,0,34117
Stefanny,F,10,0,10
Stefano,M,1443,1443,0
Stefanos,M,21,21,0
Stefany,F,2079,0,2079
Stefen,M,35,35,0
Steffan,M,178,178,0
Steffani,F,136,0,136
Steffanie,F,724,0,724
Steffany,F,405,0,405
Steffen,M,118,118,0
Steffi,F,104,0,104
Steffie,F,224,0,224
Steffon,M,48,48,0
Stefon,M,331,331,0
Stehanie,F,5,0,5
Stella,F,139074,0,139074
Stellan,M,200,200,0
Stellarose,F,11,0,11
Sten,M,5,5,0
Stepahnie,F,31,0,31
Stepan,M,20,20,0
Stepanie,F,92,0,92
Stephaie,F,5,0,5
Stephaine,F,2016,0,2016
Stephan,M,22127,22083,44
Stephane,F,251,111,140
Stephanee,F,38,0,38
Stephaney,F,5,0,5
Stephani,F,2655,0,2655
Stephania,F,1233,0,1233
Stephanie,F,738331,997,737334
Stephanieann,F,15,0,15
Stephannie,F,199,0,199
Stephanny,F,10,0,10
Stephano,M,40,40,0
Stephany,F,10840,0,10840
Stephen,M,850707,849986,721
Stepheni,F,5,0,5
Stephenie,F,2789,0,2789
Stephens,M,11,11,0
Stepheny,F,10,0,10
Stephie,F,10,0,10
Stephine,F,392,0,392
Stephnie,F,21,0,21
Stephon,M,6019,6019,0
Stephone,M,38,38,0
Stephy,F,14,0,14
Sterling,M,25726,24949,777
Stetson,M,2925,2925,0
Stevan,M,1395,1395,0
Steve,M,234528,234477,51
Stevee,F,7,0,7
Steven,M,1279734,1277838,1896
Stevens,M,195,195,0
Stevenson,M,133,133,0
Stevi,F,260,0,260
Stevie,F,16354,9473,6881
Stevon,M,12,12,0
Steward,M,94,94,0
Stewart,M,24577,24577,0
Stiles,M,41,41,0
Stillman,M,5,5,0
Stiney,M,5,5,0
Stirling,M,6,6,0
Stjulian,M,5,5,0
Stockton,M,557,557,0
Stokes,M,5,5,0
Stone,M,3316,3316,0
Stonewall,M,22,22,0
Stoney,M,843,843,0
Stony,M,5,5,0
Stori,F,47,0,47
Storie,F,10,0,10
Storm,U,1571,1134,437
Stormey,F,10,0,10
Stormi,F,609,0,609
Stormie,F,1323,0,1323
Stormy,F,3875,78,3797
Story,F,319,0,319
Stoy,M,5,5,0
Stpehanie,F,13,0,13
Stphanie,F,5,0,5
Stran,M,5,5,0
Stratton,M,192,192,0
Strider,M,15,15,0
Strother,M,5,5,0
Strummer,M,6,6,0
Stryder,M,103,103,0
Stryker,M,317,317,0
Stuart,M,63496,63496,0
Stuti,F,15,0,15
Su,F,5,0,5
Sua,F,11,0,11
Suad,F,7,0,7
Suann,F,16,0,16
Suanne,F,279,0,279
Subhan,M,203,203,0
Subrena,F,5,0,5
Subrina,F,87,0,87
Sucely,F,5,0,5
Suda,F,5,0,5
Sudais,M,79,79,0
Sudie,F,1625,0,1625
Sue,F,137592,58,137534
Sueann,F,518,0,518
Sueanne,F,16,0,16
Sueellen,F,11,0,11
Suehay,F,6,0,6
Sueko,F,228,0,228
Sueling,F,10,0,10
Suellen,F,1557,0,1557
Suellyn,F,23,0,23
Sueno,F,12,0,12
Sueo,M,45,45,0
Suetta,F,5,0,5
Sufyaan,M,5,5,0
Sufyan,M,34,34,0
Sugey,F,88,0,88
Suha,F,23,0,23
Suhaib,M,18,18,0
Suhail,M,12,12,0
Suhailah,F,18,0,18
Suhaill,F,13,0,13
Suhana,F,125,0,125
Suhani,F,319,0,319
Suhas,M,16,16,0
Suhavi,F,5,0,5
Suhayb,M,44,44,0
Suhayla,F,45,0,45
Suhaylah,F,93,0,93
Suheidy,F,5,0,5
Suhey,F,30,0,30
Suheyb,M,16,16,0
Suheyla,F,7,0,7
Sui,F,5,0,5
Sujey,F,283,0,283
Sukanya,F,20,0,20
Sukari,F,5,0,5
Sukhdeep,M,6,6,0
Sukhman,M,27,21,6
Sukhmani,F,56,0,56
Sukhpreet,F,15,0,15
Sukhraj,M,24,24,0
Suki,F,89,0,89
Sula,F,104,0,104
Sulaiman,M,294,294,0
Sulamita,F,11,0,11
Sulay,F,41,0,41
Sulayman,M,46,46,0
Suleika,F,5,0,5
Suleima,F,99,0,99
Suleiman,M,62,62,0
Sulema,F,1396,0,1396
Suleman,M,5,5,0
Suley,F,6,0,6
Suleyma,F,119,0,119
Suleyman,M,5,5,0
Sullivan,M,6479,6288,191
Sully,F,128,0,128
Sulma,F,97,0,97
Sulo,M,75,75,0
Sultan,M,400,400,0
Sultana,F,5,0,5
Sumaira,F,6,0,6
Sumaiya,F,120,0,120
Sumaiyah,F,11,0,11
Sumako,F,5,0,5
Sumaya,F,756,0,756
Sumayah,F,79,0,79
Sumayya,F,10,0,10
Sumayyah,F,114,0,114
Sumedha,F,10,0,10
Sumeet,M,35,35,0
Sumer,F,252,0,252
Sumeya,F,30,0,30
Sumi,F,11,0,11
Sumie,F,168,0,168
Sumiko,F,401,0,401
Sumit,M,5,5,0
Sumiye,F,27,0,27
Summer,F,74973,35,74938
Summie,M,5,5,0
Summit,M,18,18,0
Sumner,M,688,688,0
Sumter,M,10,10,0
Sun,F,154,5,149
Sunao,M,20,20,0
Sundae,F,5,0,5
Sunday,F,369,0,369
Sundee,F,5,0,5
Sundeep,M,50,50,0
Sundra,F,38,0,38
Sundus,F,112,0,112
Sung,M,117,98,19
Sunil,M,235,235,0
Sunita,F,67,0,67
Sunni,F,331,0,331
Sunnie,F,220,0,220
Sunny,F,5806,1471,4335
Sunshine,F,2636,0,2636
Sunya,F,5,0,5
Suong,F,5,0,5
Supreme,M,23,23,0
Supriya,F,16,0,16
Sura,F,56,0,56
Surabhi,F,16,0,16
Surah,F,27,0,27
Suraiya,F,6,0,6
Suraj,M,277,277,0
Suraya,F,79,0,79
Suren,M,6,6,0
Surena,F,7,0,7
Suri,F,1758,0,1758
Suriah,F,10,0,10
Surie,F,80,0,80
Surina,F,40,0,40
Suriya,F,16,0,16
Suriyah,F,6,0,6
Surveen,F,8,0,8
Sury,F,587,0,587
Surya,M,308,287,21
Susan,F,1109894,795,1109099
Susana,F,17230,25,17205
Susann,F,1169,0,1169
Susanna,F,11962,0,11962
Susannah,F,3307,0,3307
Susanne,F,21853,0,21853
Susano,M,10,10,0
Susette,F,106,0,106
Susi,F,26,0,26
Susie,F,62312,0,62312
Sussie,F,10,0,10
Susumu,M,288,288,0
Susy,F,340,0,340
Sutter,M,49,49,0
Sutton,F,3635,1432,2203
Suttyn,F,6,0,6
Suz,F,5,0,5
Suzan,F,6069,0,6069
Suzana,F,281,0,281
Suzann,F,1840,0,1840
Suzanna,F,4709,0,4709
Suzannah,F,86,0,86
Suzanne,F,215426,5,215421
Suzett,F,5,0,5
Suzette,F,13312,0,13312
Suzi,F,244,0,244
Suzie,F,1290,0,1290
Suzonne,F,5,0,5
Suzy,F,1748,0,1748
Suzzane,F,6,0,6
Suzzanne,F,16,0,16
Suzzette,F,52,0,52
Svea,F,96,0,96
Sven,M,319,319,0
Svetlana,F,123,0,123
Swan,M,6,6,0
Swannie,F,81,0,81
Swanson,M,15,15,0
Swara,F,227,0,227
Swati,F,26,0,26
Swayze,F,112,0,112
Swayzee,F,5,0,5
Swayzie,F,20,0,20
Sweetie,F,44,0,44
Swen,M,5,5,0
Sweta,F,10,0,10
Swetha,F,31,0,31
Sy,M,23,23,0
Syair,M,5,5,0
Syaire,M,22,22,0
Syann,F,17,0,17
Syanna,F,5,0,5
Syanne,F,11,0,11
Sybella,F,5,0,5
Sybil,F,14083,0,14083
Syble,F,4185,0,4185
Sybol,F,5,0,5
Syd,F,31,0,31
Sydel,F,18,0,18
Sydell,F,440,0,440
Sydelle,F,492,0,492
Sydne,F,52,0,52
Sydnee,F,6302,0,6302
Sydnei,F,56,0,56
Sydney,F,168157,3945,164212
Sydni,F,3571,0,3571
Sydnie,F,3209,0,3209
Syed,M,3795,3795,0
Syeda,F,736,0,736
Syesha,F,15,0,15
Syire,M,5,5,0
Sylar,M,185,185,0
Sylas,M,3269,3269,0
Syler,M,62,62,0
Sylia,F,6,0,6
Sylis,M,118,118,0
Syliva,F,91,0,91
Sylus,M,161,161,0
Sylva,F,10,0,10
Sylvan,M,668,668,0
Sylvana,F,77,0,77
Sylvania,F,20,0,20
Sylvester,M,35925,35911,14
Sylvestre,M,6,6,0
Sylvi,F,5,0,5
Sylvia,F,227033,17,227016
Sylvie,F,1788,0,1788
Sylvio,M,86,86,0
Sylwia,F,48,0,48
Symantha,F,29,0,29
Symir,M,121,121,0
Symone,F,2544,0,2544
Symphony,F,897,0,897
Synai,F,9,0,9
Syncere,M,973,953,20
Syndee,F,5,0,5
Syndey,F,6,0,6
Synetta,F,6,0,6
Synia,F,57,0,57
Syniah,F,65,0,65
Synthia,F,505,0,505
Syon,M,7,7,0
Syra,F,27,0,27
Syrah,F,6,0,6
Syrai,F,6,0,6
Syreeta,F,1288,0,1288
Syrena,F,22,0,22
Syretta,F,39,0,39
Syria,F,69,0,69
Syriah,F,89,0,89
Syriana,F,105,0,105
Syrianna,F,5,0,5
Syris,M,6,6,0
Syrus,M,341,341,0
Szymon,M,216,216,0
Ta,F,5,0,5
Taaliyah,F,5,0,5
Taariq,M,22,22,0
Taavon,M,10,10,0
Tab,M,237,237,0
Tabatha,F,17364,0,17364
Tabbatha,F,42,0,42
Tabbitha,F,35,0,35
Tabby,F,5,0,5
Tabetha,F,1885,0,1885
Tabias,M,10,10,0
Tabita,F,10,0,10
Tabitha,F,55524,0,55524
Tabor,M,34,34,0
Tabytha,F,29,0,29
Tacara,F,76,0,76
Tacarra,F,35,0,35
Taccara,F,18,0,18
Tacuma,M,7,7,0
Tacy,F,10,0,10
Tad,M,3454,3454,0
Tadao,M,212,212,0
Tadarius,M,72,72,0
Tadashi,M,428,428,0
Tadayoshi,M,5,5,0
Tadd,M,135,135,0
Tadeh,M,21,21,0
Tadeo,M,1129,1129,0
Tadeusz,M,16,16,0
Tadhg,M,16,16,0
Tae,M,11,11,0
Taegan,F,123,0,123
Taeko,F,5,0,5
Taeler,F,10,0,10
Taelor,F,764,0,764
Taelyn,F,584,0,584
Taelynn,F,233,0,233
Taequan,M,10,10,0
Taesean,M,10,10,0
Taesha,F,5,0,5
Taeshawn,M,5,5,0
Taevion,M,23,23,0
Taevon,M,31,31,0
Taeya,F,15,0,15
Tafari,M,278,278,0
Taffy,F,33,0,33
Taft,M,89,89,0
Tage,M,67,67,0
Taggart,M,82,82,0
Taha,M,987,987,0
Tahani,F,31,0,31
Tahari,F,5,0,5
Taheem,M,21,21,0
Taheera,F,16,0,16
Taheerah,F,39,0,39
Tahesha,F,16,0,16
Tahir,M,656,656,0
Tahira,F,288,0,288
Tahirah,F,141,0,141
Tahiry,F,226,0,226
Tahisha,F,93,0,93
Tahitoa,M,5,5,0
Tahj,M,1766,1766,0
Tahja,F,5,0,5
Tahjir,M,5,5,0
Tahjmir,M,5,5,0
Tahlia,F,1113,0,1113
Tahlor,F,5,0,5
Tahmid,M,126,126,0
Tahmina,F,6,0,6
Tahmir,M,69,69,0
Tahnee,F,165,0,165
Tahsin,M,17,17,0
Tai,U,1464,1050,414
Taia,F,47,0,47
Taide,F,11,0,11
Taiden,M,35,35,0
Taiesha,F,22,0,22
Taiga,M,31,31,0
Taige,M,5,5,0
Taija,F,62,0,62
Taijah,F,17,0,17
Taiki,M,21,21,0
Tailor,F,156,0,156
Tailyn,F,62,0,62
Tailynn,F,63,0,63
Taim,M,50,50,0
Taimane,F,39,0,39
Taimi,F,17,0,17
Taimur,M,5,5,0
Taina,F,1474,0,1474
Taiquan,M,16,16,0
Taira,F,74,0,74
Tais,F,162,0,162
Taisei,M,10,10,0
Taisha,F,1426,0,1426
Taishmara,F,12,0,12
Taisley,F,5,0,5
Tait,M,58,58,0
Taitum,F,5,0,5
Taiwan,M,52,52,0
Taiya,F,75,0,75
Taiyo,M,34,34,0
Taiz,F,38,0,38
Taj,M,2694,2684,10
Taja,F,702,0,702
Tajae,F,18,0,18
Tajah,F,149,0,149
Tajana,F,5,0,5
Tajanae,F,93,0,93
Tajay,M,5,5,0
Taje,F,5,0,5
Tajh,M,125,125,0
Taji,M,16,16,0
Tajon,M,11,11,0
Tajuan,M,28,28,0
Tajuana,F,247,0,247
Takahiro,M,11,11,0
Takai,M,10,10,0
Takako,F,17,0,17
Takao,M,67,67,0
Takara,F,248,0,248
Takashi,M,435,435,0
Takayla,F,290,0,290
Takayuki,M,6,6,0
Takeem,M,17,17,0
Takeema,F,5,0,5
Takeia,F,5,0,5
Takeisha,F,202,0,202
Takeko,F,5,0,5
Takeo,M,413,413,0
Takeria,F,31,0,31
Takesha,F,280,0,280
Takeshi,M,377,377,0
Takeshia,F,21,0,21
Takeya,F,62,0,62
Takhia,F,12,0,12
Takia,F,731,0,731
Takima,F,10,0,10
Takira,F,155,0,155
Takisha,F,1233,0,1233
Takita,F,11,0,11
Takiya,F,205,0,205
Takiyah,F,595,0,595
Takoda,M,248,248,0
Taksh,M,6,6,0
Takumi,M,72,72,0
Takuya,M,10,10,0
Takya,F,7,0,7
Takyla,F,27,0,27
Takyra,F,59,0,59
Tal,U,478,340,138
Tala,F,1055,0,1055
Talal,M,41,41,0
Talan,M,2835,2835,0
Talar,F,86,0,86
Talasia,F,10,0,10
Talaya,F,139,0,139
Talayah,F,78,0,78
Talayeh,F,6,0,6
Talaysia,F,18,0,18
Talbert,M,10,10,0
Talea,F,31,0,31
Taleah,F,888,0,888
Taleek,M,5,5,0
Taleen,F,168,0,168
Taleia,F,5,0,5
Talen,M,522,522,0
Talena,F,18,0,18
Talesha,F,10,0,10
Taleyah,F,5,0,5
Talha,M,198,198,0
Tali,F,252,0,252
Talia,F,23622,0,23622
Taliah,F,1209,0,1209
Talib,M,77,77,0
Talibah,F,6,0,6
Talicia,F,5,0,5
Taliek,M,5,5,0
Talik,M,37,37,0
Talin,F,175,54,121
Talina,F,81,0,81
Taline,F,48,0,48
Talisa,F,458,0,458
Talise,F,15,0,15
Talisha,F,1152,0,1152
Talissa,F,9,0,9
Talitha,F,521,0,521
Taliya,F,137,0,137
Taliyah,F,6092,0,6092
Tallen,M,15,15,0
Tallie,M,5,5,0
Tallon,M,76,76,0
Tallula,F,5,0,5
Tallulah,F,1039,0,1039
Talmadge,M,3056,3056,0
Talmage,M,565,565,0
Talon,M,8567,8567,0
Talonda,F,5,0,5
Talor,F,37,0,37
Talula,F,30,0,30
Talulah,F,11,0,11
Talus,M,5,5,0
Talya,F,926,0,926
Talyah,F,10,0,10
Talyn,F,155,64,91
Talynn,F,39,0,39
Tam,U,419,272,147
Tama,F,229,0,229
Tamae,F,5,0,5
Tamala,F,1467,0,1467
Tamana,F,7,0,7
Tamanika,F,19,0,19
Tamanna,F,10,0,10
Tamar,F,3328,62,3266
Tamara,F,128117,6,128111
Tamarah,F,64,0,64
Tamarcus,M,47,47,0
Tamari,F,15,5,10
Tamaria,F,36,0,36
Tamarick,M,9,9,0
Tamarie,F,5,0,5
Tamarion,M,156,156,0
Tamarra,F,103,0,103
Tamasha,F,5,0,5
Tamatha,F,1974,0,1974
Tamaya,F,244,0,244
Tamber,F,5,0,5
Tamberly,F,5,0,5
Tambra,F,582,0,582
Tambria,F,7,0,7
Tameca,F,179,0,179
Tamecia,F,5,0,5
Tameeka,F,354,0,354
Tameem,M,11,11,0
Tameika,F,743,0,743
Tameisha,F,11,0,11
Tameka,F,11560,0,11560
Tamekia,F,1173,0,1173
Tamekka,F,5,0,5
Tameko,F,32,0,32
Tamel,M,27,27,0
Tamela,F,5472,0,5472
Tamer,M,122,117,5
Tamera,F,10757,0,10757
Tameria,F,50,0,50
Tamesha,F,796,0,796
Tameshia,F,70,0,70
Tami,F,35873,0,35873
Tamia,F,10329,0,10329
Tamiah,F,99,0,99
Tamica,F,1269,0,1269
Tamicka,F,27,0,27
Tamie,F,1619,0,1619
Tamieka,F,99,0,99
Tamika,F,21087,14,21073
Tamikia,F,42,0,42
Tamiko,F,2065,0,2065
Tamila,F,12,0,12
Tamim,M,90,90,0
Tamir,M,795,795,0
Tamira,F,400,0,400
Tamisha,F,1003,0,1003
Tamitha,F,27,0,27
Tamiya,F,658,0,658
Tamiyah,F,401,0,401
Tamla,F,15,0,15
Tamlyn,F,5,0,5
Tammara,F,741,0,741
Tammatha,F,5,0,5
Tammee,F,5,0,5
Tammera,F,332,0,332
Tammey,F,126,0,126
Tammi,F,12102,0,12102
Tammie,F,33559,0,33559
Tammika,F,5,0,5
Tammra,F,71,0,71
Tammy,F,329796,230,329566
Tammye,F,261,0,261
Tamora,F,53,0,53
Tamotsu,M,161,161,0
Tamra,F,10451,0,10451
Tamre,F,24,0,24
Tamryn,F,5,0,5
Tamsen,F,10,0,10
Tamu,F,55,0,55
Tamura,F,28,0,28
Tamy,F,47,0,47
Tamya,F,1832,0,1832
Tamyah,F,16,0,16
Tamyra,F,600,0,600
Tan,M,106,106,0
Tana,F,5082,0,5082
Tanae,F,22,0,22
Tanairi,F,88,0,88
Tanairy,F,6,0,6
Tanaisha,F,33,0,33
Tanajah,F,21,0,21
Tanasha,F,47,0,47
Tanasia,F,547,0,547
Tanav,M,16,16,0
Tanay,M,106,96,10
Tanaya,F,629,0,629
Tanda,F,5,0,5
Tandi,F,41,0,41
Tandra,F,165,0,165
Tandy,F,146,5,141
Tanea,F,26,0,26
Taneeka,F,10,0,10
Taneesha,F,34,0,34
Taneika,F,8,0,8
Taneil,F,5,0,5
Taneisha,F,865,0,865
Taneka,F,499,0,499
Tanequa,F,5,0,5
Taner,M,5,5,0
Tanesha,F,3891,0,3891
Taneshia,F,384,0,384
Taneya,F,5,0,5
Tanga,F,20,0,20
Tangala,F,5,0,5
Tangee,F,5,0,5
Tangela,F,2430,0,2430
Tangelia,F,6,0,6
Tangi,F,23,0,23
Tangie,F,137,0,137
Tani,F,149,0,149
Tania,F,24529,14,24515
Taniah,F,220,0,220
Taniela,M,14,14,0
Taniesha,F,116,0,116
Tanija,F,21,0,21
Tanijah,F,64,0,64
Tanika,F,3169,0,3169
Tanikqua,F,5,0,5
Taniqua,F,210,0,210
Tanique,F,5,0,5
Tanis,F,26,5,21
Tanish,M,117,117,0
Tanisha,F,17313,7,17306
Tanishi,F,6,0,6
Tanishia,F,32,0,32
Tanishka,F,48,0,48
Tanita,F,31,0,31
Taniya,F,3833,0,3833
Taniyah,F,2995,0,2995
Tanja,F,867,0,867
Tanji,F,14,0,14
Tanmay,M,5,5,0
Tanna,F,487,0,487
Tannaz,F,7,0,7
Tanner,M,90295,89621,674
Tannia,F,66,0,66
Tannisha,F,5,0,5
Tannor,M,5,5,0
Tannya,F,23,0,23
Tanush,M,48,48,0
Tanveer,F,12,5,7
Tanvi,F,1053,0,1053
Tanvir,M,63,63,0
Tanya,F,113658,17,113641
Tanyah,F,16,0,16
Tanyia,F,22,0,22
Tanyiah,F,5,0,5
Tanyla,F,15,0,15
Tanyon,M,5,5,0
Tanzania,F,57,0,57
Tanzie,F,5,0,5
Tao,M,21,21,0
Tapanga,F,22,0,22
Taquan,M,489,489,0
Taquana,F,26,0,26
Taquanna,F,5,0,5
Taquasha,F,10,0,10
Taquasia,F,5,0,5
Taquila,F,5,0,5
Taquisha,F,15,0,15
Tara,F,172085,34,172051
Tarah,F,2606,0,2606
Taraji,F,1991,0,1991
Taralee,F,10,0,10
Taralyn,F,40,0,40
Taralynn,F,5,0,5
Taran,M,400,385,15
Taraneh,F,12,0,12
Taraoluwa,F,11,0,11
Taras,M,44,44,0
Tarek,M,638,638,0
Tarell,M,59,59,0
Taren,F,181,0,181
Tareva,F,20,0,20
Tari,F,822,0,822
Taria,F,5,0,5
Tariah,F,55,0,55
Tarick,M,5,5,0
Tarig,M,5,5,0
Tarik,M,2031,2031,0
Tarika,F,5,0,5
Tarin,F,106,7,99
Tarina,F,36,0,36
Tariq,M,4233,4233,0
Tarique,M,29,29,0
Tarita,F,21,0,21
Tariyah,F,71,0,71
Tarnisha,F,21,0,21
Taro,M,11,11,0
Taron,M,685,685,0
Tarra,F,595,0,595
Tarrah,F,158,0,158
Tarrance,M,56,56,0
Tarrell,M,48,48,0
Tarren,M,5,5,0
Tarrence,M,15,15,0
Tarri,F,5,0,5
Tarris,M,5,5,0
Tarryn,F,44,0,44
Tarsha,F,1645,0,1645
Tarshia,F,5,0,5
Tarun,M,234,234,0
Tarus,M,91,91,0
Tarvaris,M,11,11,0
Tarvis,M,45,45,0
Taryn,F,22445,16,22429
Tarynn,F,5,0,5
Taseen,M,39,39,0
Tasfia,F,46,0,46
Tasha,F,33269,0,33269
Tashae,F,12,0,12
Tashala,F,5,0,5
Tashan,M,17,17,0
Tashana,F,186,0,186
Tashanna,F,16,0,16
Tashanti,F,5,0,5
Tashara,F,237,0,237
Tashaun,M,43,43,0
Tashauna,F,37,0,37
Tashawn,M,494,483,11
Tashawna,F,144,0,144
Tashay,F,31,0,31
Tashayla,F,6,0,6
Tashea,F,5,0,5
Tasheba,F,6,0,6
Tasheem,M,56,56,0
Tasheema,F,22,0,22
Tasheen,F,11,0,11
Tasheena,F,123,0,123
Tasheka,F,16,0,16
Tashema,F,39,0,39
Tashena,F,6,0,6
Tashi,F,6,0,6
Tashia,F,759,0,759
Tashiana,F,26,0,26
Tashiem,M,6,6,0
Tashika,F,74,0,74
Tashima,F,57,0,57
Tashina,F,608,0,608
Tashira,F,6,0,6
Tashon,M,5,5,0
Tashonda,F,10,0,10
Tasia,F,2095,0,2095
Taslin,F,5,0,5
Tasmia,F,17,0,17
Tasneem,F,340,0,340
Tasnia,F,87,0,87
Tasnim,F,165,0,165
Tatanisha,F,167,0,167
Tatayana,F,5,0,5
Tate,M,14756,14635,121
Tatem,F,5,0,5
Taten,M,6,6,0
Tatevik,F,5,0,5
Tatia,F,236,0,236
Tatiana,F,31209,6,31203
Tatianna,F,3876,0,3876
Tatiyana,F,1135,0,1135
Tatiyanna,F,21,0,21
Tatjana,F,36,0,36
Tatsue,F,12,0,12
Tatsuko,F,18,0,18
Tatsumi,M,29,29,0
Tatsuo,M,147,147,0
Tatum,F,20852,3394,17458
Tatumn,F,6,0,6
Tatyana,F,8762,0,8762
Tatyanna,F,975,0,975
Tauheed,M,5,5,0
Tauheedah,F,11,0,11
Tauna,F,18,0,18
Tauni,F,5,0,5
Tauno,M,56,56,0
Taunya,F,283,0,283
Taura,F,18,0,18
Taurean,M,1022,1022,0
Tauriel,F,5,0,5
Taurus,M,730,730,0
Tausha,F,236,0,236
Tavare,M,5,5,0
Tavares,M,1785,1785,0
Tavaria,F,18,0,18
Tavarious,M,5,5,0
Tavaris,M,1446,1446,0
Tavarius,M,85,85,0
Tavarus,M,226,226,0
Taven,M,424,424,0
Taveon,M,48,48,0
Tavia,F,331,0,331
Tavian,M,630,630,0
Tavin,M,537,537,0
Tavion,M,1535,1535,0
Tavis,M,277,277,0
Tavish,M,5,5,0
Tavita,M,5,5,0
Tavius,M,10,10,0
Tavon,M,2515,2510,5
Tavone,M,5,5,0
Tavoris,M,73,73,0
Tawana,F,4957,0,4957
Tawanda,F,3003,0,3003
Tawanna,F,2574,0,2574
Tawna,F,97,0,97
Tawnee,F,90,0,90
Tawney,F,65,0,65
Tawni,F,622,0,622
Tawnia,F,78,0,78
Tawnie,F,157,0,157
Tawny,F,2038,0,2038
Tawnya,F,3037,0,3037
Taya,F,3471,0,3471
Tayah,F,211,0,211
Tayana,F,28,0,28
Tayanna,F,15,0,15
Tayde,F,5,0,5
Tayden,M,975,975,0
Taye,M,38,38,0
Tayeko,F,10,0,10
Tayla,F,2982,0,2982
Taylah,F,18,0,18
Taylan,M,60,54,6
Taylar,F,925,0,925
Taylee,F,593,0,593
Taylen,U,435,299,136
Tayler,F,10242,869,9373
Taylie,F,59,0,59
Taylin,F,862,15,847
Taylon,M,158,158,0
Taylor,F,422511,105387,317124
Taylorann,F,6,0,6
Taylore,F,63,0,63
Taylour,F,20,0,20
Taylyn,F,47,0,47
Taylynn,F,130,0,130
Taym,M,17,17,0
Tayna,F,67,0,67
Tayo,M,10,10,0
Tayon,M,15,15,0
Tayona,F,5,0,5
Tayonna,F,15,0,15
Tayquan,M,25,25,0
Taysean,M,5,5,0
Taysen,M,18,18,0
Taysha,F,51,0,51
Tayshaun,M,552,552,0
Tayshawn,M,403,403,0
Tayshon,M,7,7,0
Tayshun,M,5,5,0
Taysia,F,10,0,10
Taysom,M,79,79,0
Tayson,M,304,304,0
Tayte,M,5,5,0
Tayten,M,27,27,0
Tayton,M,135,135,0
Taytum,F,642,5,637
Tayven,M,37,37,0
Tayveon,M,25,25,0
Tayvin,M,11,11,0
Tayvion,M,220,220,0
Tayvon,M,329,329,0
Tayzlee,F,5,0,5
Taz,M,11,11,0
Taziyah,F,5,0,5
Tazuko,F,5,0,5
Tea,F,1274,0,1274
Teagan,F,21544,3208,18336
Teagen,U,103,62,41
Teaghan,F,110,0,110
Teague,M,177,177,0
Teah,F,150,0,150
Teaira,F,272,0,272
Teairra,F,106,0,106
Teal,F,171,0,171
Teala,F,6,0,6
Teana,F,21,0,21
Teancum,M,27,27,0
Teanna,F,566,0,566
Teara,F,185,0,185
Tearra,F,44,0,44
Teasha,F,12,0,12
Teasia,F,89,0,89
Tecia,F,5,0,5
Tecla,F,6,0,6
Tecora,F,33,0,33
Ted,M,69835,69835,0
Tedd,M,143,143,0
Teddi,F,127,0,127
Teddie,U,97,60,37
Teddy,M,27220,27107,113
Tedi,F,13,0,13
Tedra,F,124,0,124
Tedrick,M,81,81,0
Tee,M,5,5,0
Teegan,F,835,377,458
Teel,F,10,0,10
Teela,F,226,0,226
Teena,F,3307,0,3307
Teera,F,5,0,5
Tegan,F,4310,851,3459
Tegh,M,5,5,0
Tehani,F,247,0,247
Tehila,F,352,0,352
Tehilla,F,196,0,196
Tehya,F,748,0,748
Teia,F,47,0,47
Teigan,F,213,10,203
Teigen,F,27,0,27
Teighlor,F,12,0,12
Teila,F,12,0,12
Teira,F,5,0,5
Teisha,F,176,0,176
Tej,M,76,76,0
Teja,F,52,0,52
Tejal,F,5,0,5
Tejas,M,408,408,0
Tejon,M,11,11,0
Tejuana,F,5,0,5
Tekela,F,5,0,5
Tekesha,F,5,0,5
Tekia,F,10,0,10
Tekisha,F,5,0,5
Tela,F,16,0,16
Telesfor,M,10,10,0
Telesforo,M,83,83,0
Telford,M,49,49,0
Telia,F,5,0,5
Telicia,F,10,0,10
Telisa,F,93,0,93
Telisha,F,200,0,200
Tellis,M,20,20,0
Telly,M,777,777,0
Telma,F,6,0,6
Telvin,M,298,298,0
Tema,F,5,0,5
Temeika,F,5,0,5
Temeka,F,793,0,793
Temekia,F,20,0,20
Temesha,F,5,0,5
Temika,F,284,0,284
Temiloluwa,F,18,7,11
Temima,F,38,0,38
Temisha,F,5,0,5
Temitayo,M,5,5,0
Temitope,F,5,0,5
Temmy,F,7,0,7
Temperance,F,1873,0,1873
Tempest,F,181,0,181
Tempestt,F,242,0,242
Tempie,F,281,0,281
Temple,F,132,43,89
Temre,F,8,0,8
Temur,M,5,5,0
Tena,F,3826,0,3826
Tenaya,F,307,0,307
Tene,F,50,0,50
Tenea,F,5,0,5
Tenecia,F,6,0,6
Teneisha,F,17,0,17
Teneka,F,50,0,50
Tenesha,F,444,0,444
Teneshia,F,71,0,71
Teng,M,202,202,0
Tenia,F,10,0,10
Tenika,F,276,0,276
Tenille,F,227,0,227
Teniola,F,6,0,6
Teniqua,F,5,0,5
Tenise,F,5,0,5
Tenisha,F,2274,0,2274
Tenlee,F,15,0,15
Tenleigh,F,5,0,5
Tenley,F,4180,0,4180
Tenna,F,44,0,44
Tennesha,F,5,0,5
Tennessee,F,38,16,22
Tennie,F,723,0,723
Tennile,F,5,0,5
Tennille,F,1430,0,1430
Tennis,M,22,22,0
Tennyson,U,107,80,27
Tenoch,M,41,41,0
Tensley,F,12,0,12
Tenzin,F,1233,695,538
Tenzing,M,5,5,0
Teo,M,480,480,0
Teodor,M,19,19,0
Teodora,F,493,0,493
Teodoro,M,1894,1894,0
Teodulo,M,5,5,0
Teofil,M,5,5,0
Teofila,F,10,0,10
Teofilo,M,238,238,0
Teola,F,6,0,6
Teon,M,69,69,0
Teona,F,41,0,41
Teonna,F,63,0,63
Tequan,M,35,35,0
Tequesta,F,6,0,6
Tequila,F,1009,0,1009
Tequilla,F,186,0,186
Tera,F,6996,0,6996
Terah,F,187,0,187
Teran,M,5,5,0
Terance,M,548,548,0
Terasa,F,10,0,10
Terasha,F,7,0,7
Tere,F,5,0,5
Tereasa,F,171,0,171
Terek,M,6,6,0
Terell,M,1029,1029,0
Terena,F,12,0,12
Terence,M,29665,29665,0
Teresa,F,406466,121,406345
Terese,F,3755,0,3755
Teresea,F,6,0,6
Teresia,F,218,0,218
Teresita,F,1878,0,1878
Tereso,M,26,26,0
Teressa,F,3659,0,3659
Teretha,F,49,0,49
Terez,U,20,15,5
Tereza,F,140,0,140
Teri,F,41304,0,41304
Teria,F,5,0,5
Teriana,F,5,0,5
Terica,F,191,0,191
Terie,F,5,0,5
Terika,F,68,0,68
Terilyn,F,68,0,68
Terin,F,10,5,5
Terina,F,166,0,166
Terique,M,5,5,0
Terisa,F,99,0,99
Terius,M,6,6,0
Termaine,M,16,16,0
Teron,M,45,45,0
Terra,F,11635,0,11635
Terrace,M,5,5,0
Terrah,F,21,0,21
Terral,M,11,11,0
Terran,M,72,67,5
Terrance,M,65114,65104,10
Terre,F,83,0,83
Terrea,F,14,0,14
Terrel,M,689,689,0
Terrell,M,31688,31566,122
Terrelle,M,11,11,0
Terren,M,24,19,5
Terrence,M,67464,67458,6
Terresa,F,286,0,286
Terressa,F,5,0,5
Terri,F,143440,40,143400
Terria,F,30,0,30
Terriana,F,21,0,21
Terriann,F,39,0,39
Terrianna,F,32,0,32
Terrica,F,512,0,512
Terrick,M,56,56,0
Terrie,F,17117,0,17117
Terrika,F,74,0,74
Terril,M,6,6,0
Terrill,M,1254,1227,27
Terrilyn,F,91,0,91
Terrilynn,F,5,0,5
Terrin,M,17,17,0
Terrion,M,634,623,11
Terriona,F,10,0,10
Terris,M,5,5,0
Terrisa,F,5,0,5
Terrisha,F,11,0,11
Terron,M,513,513,0
Terry,M,513274,419727,93547
Terrye,F,93,0,93
Terryl,F,68,16,52
Terryn,F,10,0,10
Teruko,F,274,0,274
Teruo,M,197,197,0
Teruyo,F,5,0,5
Teryl,F,68,0,68
Teryn,F,162,0,162
Tesa,F,55,0,55
Tesfa,M,16,16,0
Tesha,F,421,0,421
Teshawn,M,16,16,0
Teshia,F,16,0,16
Tesia,F,139,0,139
Tesla,F,1045,0,1045
Tess,F,10418,0,10418
Tessa,F,44817,6,44811
Tessie,F,4719,0,4719
Tessy,F,5,0,5
Tetsuo,M,195,195,0
Tetsuro,M,5,5,0
Tevan,M,11,11,0
Tevin,M,9590,9590,0
Tevion,M,5,5,0
Tevis,F,11,6,5
Tevita,M,428,428,0
Tevon,M,161,161,0
Tex,M,451,451,0
Texana,F,11,0,11
Texanna,F,5,0,5
Texas,M,110,110,0
Texie,F,94,0,94
Teya,F,169,0,169
Teyana,F,126,0,126
Teyanna,F,32,0,32
Teyla,F,8,0,8
Teylor,F,18,0,18
Teyon,M,19,19,0
Teyona,F,5,0,5
Thad,M,3838,3838,0
Thaddaeus,M,13,13,0
Thaddeus,M,18458,18458,0
Thadeus,M,27,27,0
Thai,M,303,303,0
Thaily,F,126,0,126
Thaine,M,26,26,0
Thais,F,540,0,540
Thales,M,5,5,0
Thalia,F,9596,0,9596
Thalya,F,7,0,7
Thamara,F,21,0,21
Thane,M,110,110,0
Thang,M,131,131,0
Thanh,U,561,378,183
Thania,F,698,0,698
Thanya,F,63,0,63
Thao,F,489,62,427
Tharon,F,12,0,12
Thatcher,M,1588,1588,0
Thavy,F,6,0,6
Thayer,M,15,15,0
Thayne,M,125,125,0
Thea,F,6931,0,6931
Theadora,F,7,0,7
Theadore,M,868,868,0
Theartis,M,5,5,0
Thecla,F,5,0,5
Theda,F,3522,0,3522
Thedore,M,37,37,0
Theia,F,115,0,115
Thekla,F,5,0,5
Thelbert,M,101,101,0
Thelda,F,5,0,5
Thelma,F,201915,105,201810
Thelman,M,5,5,0
Thelmon,M,5,5,0
Thelonious,M,17,17,0
Theo,M,7828,7173,655
Theoden,M,5,5,0
Theodia,M,5,5,0
Theodis,M,814,814,0
Theodor,M,127,127,0
Theodora,F,5043,0,5043
Theodore,M,223910,223895,15
Theodoro,M,6,6,0
Theodoros,M,28,28,0
Theodosia,F,84,0,84
Theola,F,357,0,357
Theone,F,5,0,5
Theophile,M,29,29,0
Theophilus,M,90,90,0
Theora,F,12,0,12
Theotis,M,41,41,0
Thera,F,5,0,5
Theran,M,18,18,0
Theresa,F,387876,99,387777
Therese,F,30057,0,30057
Theresia,F,99,0,99
Theressa,F,182,0,182
Therion,M,5,5,0
Therman,M,354,354,0
Thermon,M,39,39,0
Theron,M,6090,6090,0
Thersa,F,32,0,32
Theseus,M,66,66,0
Theta,F,5,0,5
Thi,F,48,0,48
Thiago,M,6280,6280,0
Thien,M,300,294,6
Thierno,M,114,114,0
Thierry,M,88,88,0
Thimothy,M,5,5,0
Thinh,M,16,16,0
Thoams,M,5,5,0
Thom,M,49,49,0
Thomas,M,2241830,2238224,3606
Thomasa,F,8,0,8
Thomasena,F,359,0,359
Thomasenia,F,11,0,11
Thomasina,F,1559,0,1559
Thomasine,F,508,0,508
Thompson,M,133,133,0
Thoms,M,5,5,0
Thong,M,82,82,0
Thor,M,1234,1234,0
Thora,F,302,0,302
Thoren,M,5,5,0
Thorin,M,302,302,0
Thornton,M,337,337,0
Thorvald,M,5,5,0
Threasa,F,5,0,5
Thresa,F,319,0,319
Thressa,F,56,0,56
Thu,F,249,0,249
Thuan,M,26,21,5
Thula,F,5,0,5
Thunder,M,5,5,0
Thurl,M,5,5,0
Thurman,M,12303,12303,0
Thurmon,M,132,132,0
Thurmond,M,190,190,0
Thurnell,M,5,5,0
Thurston,M,588,588,0
Thuy,F,518,0,518
Thuytien,F,5,0,5
Thy,F,69,0,69
Thyra,F,10,0,10
Tia,F,30194,5,30189
Tiaa,F,5,0,5
Tiago,M,1044,1044,0
Tiahna,F,18,0,18
Tiaira,F,16,0,16
Tiana,F,24029,9,24020
Tianah,F,10,0,10
Tiandra,F,15,0,15
Tiani,F,155,0,155
Tianna,F,10206,0,10206
Tiannah,F,12,0,12
Tianne,F,7,0,7
Tianni,F,5,0,5
Tiara,F,21256,30,21226
Tiarah,F,30,0,30
Tiare,F,675,0,675
Tiarra,F,2027,0,2027
Tiasha,F,6,0,6
Tiasia,F,56,0,56
Tiauna,F,16,0,16
Tiberius,M,206,206,0
Tibor,M,12,12,0
Tiburcio,M,127,127,0
Tichina,F,134,0,134
Tidus,M,59,59,0
Tien,U,193,123,70
Tiera,F,2673,5,2668
Tierany,F,12,0,12
Tiernan,M,288,283,5
Tierney,F,1349,0,1349
Tierra,F,13021,27,12994
Tierre,M,16,16,0
Tiesha,F,1624,0,1624
Tieysha,F,6,0,6
Tifani,F,76,0,76
Tifanie,F,21,0,21
Tifanny,F,10,0,10
Tifany,F,56,0,56
Tiffanee,F,21,0,21
Tiffaney,F,799,0,799
Tiffani,F,12605,0,12605
Tiffanie,F,6806,0,6806
Tiffany,F,335416,311,335105
Tiffanyann,F,6,0,6
Tiffay,F,5,0,5
Tiffeny,F,83,0,83
Tiffiany,F,63,0,63
Tiffiney,F,207,0,207
Tiffini,F,220,0,220
Tiffinie,F,16,0,16
Tiffiny,F,1018,0,1018
Tiffney,F,187,0,187
Tige,M,25,25,0
Tiger,M,277,277,0
Tigerlily,F,27,0,27
Tighe,M,5,5,0
Tigran,M,220,220,0
Tihani,F,12,0,12
Tiheim,M,5,5,0
Tijera,F,18,0,18
Tijuana,F,350,0,350
Tika,F,5,0,5
Tiki,F,11,0,11
Tikia,F,6,0,6
Tikisha,F,21,0,21
Tila,F,5,0,5
Tilda,F,180,0,180
Tilden,M,18,18,0
Tilford,M,40,40,0
Tillie,F,6250,0,6250
Tillman,M,762,762,0
Tilly,F,201,0,201
Tilman,M,32,32,0
Tilmon,M,5,5,0
Tilton,M,5,5,0
Tim,M,78532,78532,0
Timara,F,27,0,27
Timaya,F,5,0,5
Timber,F,166,26,140
Timberly,F,29,0,29
Timeka,F,241,0,241
Timesha,F,43,0,43
Timi,F,78,0,78
Timia,F,204,0,204
Timika,F,288,0,288
Timiko,F,5,0,5
Timisha,F,5,0,5
Timitra,F,5,0,5
Timm,M,136,136,0
Timmie,M,1261,1251,10
Timmothy,M,1369,1369,0
Timmy,M,22192,22192,0
Timofey,M,99,99,0
Timonthy,M,21,21,0
Timotea,F,35,0,35
Timoteo,M,551,551,0
Timothey,M,10,10,0
Timothy,M,1066779,1065019,1760
Timur,M,177,177,0
Timya,F,40,0,40
Tin,M,59,59,0
Tina,F,286779,66,286713
Tinamarie,F,376,0,376
Tinesha,F,60,0,60
Ting,F,5,0,5
Tinika,F,58,0,58
Tinisha,F,230,0,230
Tinlee,F,43,0,43
Tinleigh,F,30,0,30
Tinley,F,1881,0,1881
Tinna,F,5,0,5
Tinnie,F,67,0,67
Tino,M,486,486,0
Tinslee,F,25,0,25
Tinsleigh,F,5,0,5
Tinsley,F,1709,0,1709
Tiny,F,413,0,413
Tiodoro,M,5,5,0
Tiofilo,M,18,18,0
Tion,M,5,5,0
Tiona,F,142,0,142
Tionna,F,1070,0,1070
Tionne,F,186,0,186
Tionni,F,5,0,5
Tiphani,F,11,0,11
Tiphanie,F,23,0,23
Tippi,F,5,0,5
Tiquan,M,21,21,0
Tira,F,54,0,54
Tirrell,M,35,35,0
Tirso,M,15,15,0
Tirzah,F,240,0,240
Tisa,F,325,0,325
Tish,F,82,0,82
Tisha,F,7160,0,7160
Tishana,F,7,0,7
Tishawn,M,5,5,0
Tita,F,23,0,23
Titan,M,2160,2160,0
Titania,F,5,0,5
Titiana,F,56,0,56
Titianna,F,5,0,5
Tito,M,1295,1295,0
Titus,M,15478,15478,0
Tivis,M,10,10,0
Tiwana,F,39,0,39
Tiwanna,F,19,0,19
Tiwatope,F,19,0,19
Tiya,F,16,0,16
Tiyana,F,125,0,125
Tiyanna,F,57,0,57
Tiye,F,5,0,5
Tiyonna,F,5,0,5
Tizoc,M,10,10,0
Tj,M,277,277,0
Tkai,F,12,0,12
Tkeyah,F,566,0,566
Tlaloc,M,58,58,0
Tniya,F,5,0,5
Toa,M,5,5,0
Toan,M,121,121,0
Toba,F,156,0,156
Tobe,M,22,22,0
Tobechukwu,M,5,5,0
Tobenna,M,16,16,0
Tobey,U,196,147,49
Tobi,F,835,5,830
Tobiah,M,11,11,0
Tobias,M,15551,15551,0
Tobie,F,99,10,89
Tobin,M,2139,2139,0
Toby,M,33941,29074,4867
Tobyn,M,5,5,0
Tocarra,F,35,0,35
Toccara,F,644,0,644
Tod,M,5353,5353,0
Todd,M,278981,278881,100
Toddrick,M,96,96,0
Todrick,M,8,8,0
Toi,F,328,15,313
Toinette,F,26,0,26
Toini,F,12,0,12
Toivo,M,323,323,0
Toka,F,5,0,5
Tokie,F,31,0,31
Tokiko,F,36,0,36
Tokio,M,21,21,0
Tokuichi,M,5,5,0
Tokuo,M,11,11,0
Tolbert,M,56,56,0
Tollie,M,10,10,0
Toluwalase,F,6,0,6
Tom,M,125462,125452,10
Toma,M,42,42,0
Tomacita,F,5,0,5
Tomara,F,5,0,5
Tomas,M,23003,23003,0
Tomasa,F,2091,0,2091
Tomasina,F,5,0,5
Tomasita,F,444,0,444
Tomasz,M,309,309,0
Tomeca,F,5,0,5
Tomeka,F,2821,0,2821
Tomekia,F,365,0,365
Tomer,M,99,99,0
Tomesha,F,5,0,5
Tomi,F,384,0,384
Tomica,F,94,0,94
Tomie,U,228,150,78
Tomika,F,1901,0,1901
Tomiko,F,380,0,380
Tomio,M,27,27,0
Tomisha,F,6,0,6
Tommaso,M,25,25,0
Tommi,F,91,0,91
Tommie,U,42798,29388,13410
Tommy,M,172739,172101,638
Tommye,F,596,0,596
Tomoe,F,49,0,49
Tomoki,M,10,10,0
Tomoko,F,10,0,10
Tomy,M,5,5,0
Tona,F,129,0,129
Tonantzin,F,40,0,40
Tonatiuh,M,73,73,0
Tonda,F,1052,0,1052
Tondra,F,39,0,39
Toneka,F,5,0,5
Tonesha,F,10,0,10
Tonette,F,233,0,233
Toney,M,2644,2644,0
Tong,M,144,144,0
Toni,F,96295,81,96214
Tonia,F,19067,0,19067
Toniann,F,824,0,824
Tonianne,F,65,0,65
Tonie,F,593,10,583
Tonika,F,158,0,158
Tonimarie,F,52,0,52
Tonisha,F,1034,0,1034
Tonita,F,61,0,61
Tonja,F,5081,0,5081
Tonjia,F,10,0,10
Tonjua,F,11,0,11
Tonna,F,16,0,16
Tonnette,F,10,0,10
Tonnie,F,38,16,22
Tonny,M,44,44,0
Tony,M,244869,244277,592
Tonya,F,117864,5,117859
Tonyia,F,20,0,20
Topacio,F,51,0,51
Topanga,F,56,0,56
Topaz,F,15,0,15
Tor,M,53,53,0
Tora,F,40,0,40
Torao,M,50,50,0
Torben,M,5,5,0
Toree,F,10,0,10
Toren,M,43,43,0
Torey,M,1139,967,172
Tori,F,32546,44,32502
Toria,F,101,0,101
Torian,M,238,238,0
Toriana,F,17,0,17
Torianna,F,5,0,5
Toriano,M,313,313,0
Toribio,M,328,328,0
Torie,F,764,0,764
Torin,M,1557,1557,0
Torina,F,5,0,5
Torrance,M,1497,1463,34
Torre,M,25,25,0
Torrell,M,5,5,0
Torrence,M,910,910,0
Torres,M,5,5,0
Torrey,M,2757,2508,249
Torri,F,755,0,755
Torrian,M,6,6,0
Torrie,F,623,15,608
Torrin,M,5,5,0
Torris,M,12,12,0
Torry,M,107,107,0
Torsha,F,13,0,13
Torsten,M,36,36,0
Toru,M,17,17,0
Tory,M,4943,3847,1096
Toryn,U,15,10,5
Tosca,F,33,0,33
Tosh,M,72,72,0
Tosha,F,5167,0,5167
Toshi,F,19,0,19
Toshia,F,196,0,196
Toshiaki,M,23,23,0
Toshiba,F,89,0,89
Toshie,F,126,0,126
Toshiko,F,612,0,612
Toshio,M,610,610,0
Toshiro,M,5,5,0
Toshiye,F,41,0,41
Toshiyuki,M,50,50,0
Tou,M,1018,1018,0
Toua,M,61,61,0
Toure,M,11,11,0
Toussaint,M,6,6,0
Tova,F,1052,0,1052
Tovah,F,22,0,22
Tovia,M,134,134,0
Towana,F,156,0,156
Towanda,F,1222,0,1222
Towanna,F,100,0,100
Townes,M,165,165,0
Townsend,M,5,5,0
Toxie,M,14,14,0
Toy,M,131,104,27
Toya,F,2465,0,2465
Toye,F,5,0,5
Toyia,F,57,0,57
Toyoko,F,125,0,125
Tra,M,5,5,0
Trace,M,8859,8854,5
Tracee,F,1535,0,1535
Tracen,M,18,18,0
Tracer,M,10,10,0
Tracey,F,90028,5915,84113
Traci,F,50110,0,50110
Tracia,F,10,0,10
Tracie,F,30138,0,30138
Tracy,F,304320,56504,247816
Tracyann,F,11,0,11
Tracye,F,316,0,316
Tradarius,M,10,10,0
Tradd,M,10,10,0
Trae,M,1613,1613,0
Traevion,M,5,5,0
Traevon,M,71,71,0
Traivon,M,5,5,0
Trajan,M,131,131,0
Tram,F,110,0,110
Tramaine,M,590,496,94
Tramayne,M,5,5,0
Tramel,M,25,25,0
Tramell,M,39,39,0
Tramika,F,5,0,5
Tramon,M,5,5,0
Trampas,M,23,23,0
Trampus,M,6,6,0
Tran,F,130,0,130
Trana,F,93,0,93
Trane,F,45,0,45
Tranette,F,13,0,13
Trang,F,406,0,406
Tranisha,F,11,0,11
Traniya,F,32,0,32
Traniyah,F,11,0,11
Trannie,F,21,0,21
Tranquilino,M,16,16,0
Trany,F,317,0,317
Trapper,M,27,27,0
Traquan,M,65,65,0
Trashawn,M,16,16,0
Trask,M,5,5,0
Trason,M,8,8,0
Travaris,M,64,64,0
Travell,M,85,85,0
Traven,M,25,25,0
Traveon,M,302,302,0
Travia,F,5,0,5
Travian,M,10,10,0
Travion,M,1263,1263,0
Travious,M,46,46,0
Travis,M,299190,298853,337
Travius,M,17,17,0
Travon,M,4813,4813,0
Travone,M,5,5,0
Travonn,M,5,5,0
Travonne,M,5,5,0
Travonte,M,31,31,0
Travoris,M,10,10,0
Traxton,M,5,5,0
Tray,M,266,266,0
Traylon,M,48,48,0
Trayon,M,10,10,0
Trayshawn,M,5,5,0
Trayson,M,22,22,0
Trayton,M,79,79,0
Trayveon,M,21,21,0
Trayvion,M,5,5,0
Trayvon,M,1827,1827,0
Trayvond,M,12,12,0
Tre,M,3841,3841,0
Treanna,F,5,0,5
Treasa,F,289,0,289
Treasure,F,3964,0,3964
Treavor,M,51,51,0
Treba,F,5,0,5
Trecia,F,17,0,17
Tredarius,M,10,10,0
Treena,F,160,0,160
Treg,M,26,26,0
Trejon,M,23,23,0
Trellany,F,5,0,5
Trellis,F,19,0,19
Tremain,M,40,40,0
Tremaine,M,2551,2498,53
Tremayne,M,1960,1960,0
Tremeka,F,11,0,11
Tremel,M,10,10,0
Tremell,M,26,26,0
Trena,F,2703,0,2703
Trenace,F,10,0,10
Trenae,F,5,0,5
Trenda,F,11,0,11
Trenden,M,5,5,0
Trendon,M,16,16,0
Trenell,F,72,11,61
Trenia,F,13,0,13
Trenice,F,43,0,43
Trenidad,F,35,12,23
Treniece,F,10,0,10
Trenise,F,95,0,95
Trenisha,F,5,0,5
Trenity,F,135,0,135
Trenna,F,12,0,12
Trent,M,47442,47442,0
Trenten,M,1480,1480,0
Trentin,M,220,220,0
Trenton,M,53251,53235,16
Trentyn,M,10,10,0
Trenyce,F,44,0,44
Trequan,M,252,252,0
Tres,M,6,6,0
Tresa,F,2266,0,2266
Trese,F,5,0,5
Tresea,F,15,0,15
Tresean,M,36,36,0
Tresha,F,27,0,27
Treshaun,M,57,57,0
Treshawn,M,431,431,0
Treshon,M,6,6,0
Treshun,M,5,5,0
Tresia,F,18,0,18
Tressa,F,2182,0,2182
Tressel,M,10,10,0
Tressie,F,2129,0,2129
Treston,M,148,148,0
Trev,M,7,7,0
Treva,F,5818,0,5818
Trevan,M,59,59,0
Trevante,M,8,8,0
Trevaughn,M,132,132,0
Trevell,M,55,55,0
Treven,M,113,113,0
Treveon,M,549,549,0
Trever,M,3448,3448,0
Trevia,F,10,0,10
Trevian,M,44,44,0
Trevin,M,2136,2136,0
Trevino,M,6,6,0
Trevion,M,1959,1959,0
Trevious,M,5,5,0
Trevis,M,288,288,0
Trevon,M,12082,12082,0
Trevone,M,5,5,0
Trevonne,M,5,5,0
Trevonte,M,32,32,0
Trevor,M,154583,154544,39
Trevyn,M,59,59,0
Trey,M,35608,35608,0
Treyden,M,26,26,0
Treylan,M,5,5,0
Treylon,M,71,71,0
Treyon,M,22,22,0
Treysen,M,20,20,0
Treyshawn,M,11,11,0
Treyson,M,460,460,0
Treyton,M,1506,1506,0
Treyveon,M,5,5,0
Treyvion,M,79,79,0
Treyvon,M,2247,2247,0
Tri,M,179,179,0
Tria,F,5,0,5
Triana,F,189,0,189
Trianna,F,20,0,20
Tricia,F,37222,0,37222
Trig,M,5,5,0
Trigg,M,21,21,0
Trigger,M,12,12,0
Trigo,M,24,24,0
Trimayne,M,5,5,0
Trina,F,29037,0,29037
Trindon,M,10,10,0
Trine,F,154,30,124
Trinetta,F,5,0,5
Trinette,F,204,0,204
Trinh,F,85,0,85
Trini,F,130,16,114
Trinida,M,5,5,0
Trinidad,F,6978,3986,2992
Trinidy,F,137,0,137
Trinitee,F,561,0,561
Triniti,F,1470,0,1470
Trinitie,F,11,0,11
Trinity,F,74993,821,74172
Trino,M,70,70,0
Trinton,M,73,73,0
Trip,M,22,22,0
Tripp,M,3238,3238,0
Trisa,F,8,0,8
Trish,F,1112,0,1112
Trisha,F,37007,0,37007
Trishia,F,36,0,36
Trista,F,9795,0,9795
Tristain,M,5,5,0
Tristan,M,111301,107499,3802
Tristen,M,20838,18552,2286
Tristian,M,5172,5126,46
Tristin,M,8864,7953,911
Tristina,F,5,0,5
Tristine,F,6,0,6
Triston,M,9546,9541,5
Tristyn,F,1384,677,707
Tritia,F,64,0,64
Triton,M,197,197,0
Trixie,F,47,0,47
Troi,F,66,0,66
Tron,M,43,43,0
Trong,M,5,5,0
Troy,M,208303,207736,567
Troyce,M,21,21,0
Troylene,F,6,0,6
Troylynn,F,16,0,16
Tru,F,371,186,185
Truby,F,5,0,5
Truc,F,10,0,10
Trude,F,11,0,11
Trudi,F,1213,0,1213
Trudie,F,744,0,744
Trudy,F,21761,0,21761
True,U,231,154,77
Trueman,M,5,5,0
Truett,M,830,830,0
Truitt,M,185,185,0
Trula,F,797,0,797
Truly,F,52,0,52
Trumaine,M,89,89,0
Truman,M,9462,9462,0
Trung,M,268,268,0
Truong,M,25,25,0
Trustin,M,22,22,0
Truth,M,60,60,0
Trygve,M,27,27,0
Tryniti,F,5,0,5
Trynity,F,12,0,12
Trysta,F,12,0,12
Trystan,M,2539,2493,46
Trysten,M,225,225,0
Trystin,M,37,32,5
Tryston,M,236,236,0
Tsering,F,16,0,16
Tshwanda,F,9,0,9
Tsion,F,11,0,11
Tsitsiki,F,8,0,8
Tsosie,M,5,5,0
Tsugie,F,17,0,17
Tsugio,M,79,79,0
Tsuneko,F,5,0,5
Tsuneo,M,63,63,0
Tsurue,F,25,0,25
Tsuruko,F,143,0,143
Tsuruyo,F,5,0,5
Tsutako,F,5,0,5
Tsutomu,M,261,261,0
Tsuyako,F,79,0,79
Tsuyoshi,M,5,5,0
Tsuyuko,F,34,0,34
Tu,M,84,71,13
Tuan,M,630,630,0
Tuck,M,15,15,0
Tucker,M,37013,37003,10
Tuere,F,17,0,17
Tuesday,F,468,0,468
Tuff,M,84,84,0
Tula,F,145,0,145
Tulani,F,5,0,5
Tuleen,F,5,0,5
Tulio,M,5,5,0
Tullio,M,24,24,0
Tully,M,16,16,0
Tulsi,F,15,0,15
Tung,M,45,45,0
Tunis,M,10,10,0
Tunisha,F,5,0,5
Tunisia,F,74,0,74
Tunya,F,11,0,11
Tuongvi,F,5,0,5
Turhan,M,6,6,0
Turkessa,F,116,0,116
Turner,M,4174,4174,0
Turquoise,F,138,0,138
Tushar,M,10,10,0
Tustin,M,7,7,0
Tuvia,M,38,38,0
Tuwana,F,8,0,8
Tuyen,F,39,5,34
Tuyet,F,54,0,54
Tvisha,F,22,0,22
Twalla,F,5,0,5
Twana,F,875,0,875
Twanda,F,424,0,424
Twanna,F,393,0,393
Twila,F,7440,0,7440
Twilla,F,31,0,31
Twyla,F,2815,0,2815
Ty,M,42024,42014,10
Tya,F,21,0,21
Tyan,M,5,5,0
Tyana,F,1077,0,1077
Tyanna,F,1717,0,1717
Tyara,F,18,0,18
Tyashia,F,5,0,5
Tyasia,F,1279,0,1279
Tyberius,M,5,5,0
Tyce,M,803,803,0
Tycen,M,5,5,0
Tycho,M,7,7,0
Tydarius,M,34,34,0
Tyden,M,20,20,0
Tydrick,M,5,5,0
Tydus,M,29,29,0
Tye,M,1958,1953,5
Tyechia,F,65,0,65
Tyee,M,5,5,0
Tyeesha,F,5,0,5
Tyeisha,F,523,0,523
Tyeler,M,5,5,0
Tyese,F,5,0,5
Tyesha,F,3300,0,3300
Tyeshia,F,241,0,241
Tyheem,M,52,52,0
Tyheim,M,27,27,0
Tyhesha,F,5,0,5
Tyhessia,F,14,0,14
Tyhir,M,27,27,0
Tyiesha,F,83,0,83
Tyion,M,7,7,0
Tyisha,F,867,0,867
Tyja,F,5,0,5
Tyjae,F,17,0,17
Tyjuan,M,278,278,0
Tyke,M,5,5,0
Tykeem,M,54,54,0
Tykeria,F,364,0,364
Tykerria,F,42,0,42
Tykia,F,84,0,84
Tykira,F,22,0,22
Tyla,F,826,0,826
Tylah,F,19,0,19
Tylan,M,1356,1356,0
Tylar,U,494,326,168
Tylashia,F,5,0,5
Tyleah,F,32,0,32
Tylee,F,306,5,301
Tyleek,M,46,46,0
Tylen,M,337,337,0
Tylene,F,5,0,5
Tyler,M,595962,581695,14267
Tylia,F,10,0,10
Tyliah,F,12,0,12
Tylie,F,10,0,10
Tyliek,M,20,20,0
Tylik,M,160,160,0
Tylil,M,8,8,0
Tylin,M,31,31,0
Tylique,M,5,5,0
Tyliyah,F,19,0,19
Tylon,M,184,184,0
Tylor,M,6003,5982,21
Tylyn,F,6,0,6
Tylynn,F,6,0,6
Tymarion,M,6,6,0
Tymber,F,11,0,11
Tymeer,M,15,15,0
Tymel,M,75,75,0
Tymere,M,132,132,0
Tymia,F,5,0,5
Tymir,M,626,626,0
Tyna,F,11,0,11
Tynan,M,35,35,0
Tynasia,F,17,0,17
Tyne,F,12,0,12
Tyneisha,F,56,0,56
Tynell,M,5,5,0
Tynesha,F,291,0,291
Tyneshia,F,54,0,54
Tynetta,F,5,0,5
Tynia,F,10,0,10
Tynisa,F,68,0,68
Tynisha,F,503,0,503
Tynlee,F,95,0,95
Tynleigh,F,5,0,5
Tynnetta,F,5,0,5
Tynslee,F,5,0,5
Tyon,M,85,85,0
Tyonna,F,218,0,218
Tyquan,M,2518,2518,0
Tyquasia,F,5,0,5
Tyquavious,M,64,64,0
Tyquez,M,61,61,0
Tyquon,M,10,10,0
Tyra,F,11127,0,11127
Tyrah,F,60,0,60
Tyran,M,450,450,0
Tyranika,F,5,0,5
Tyrann,M,10,10,0
Tyre,M,515,515,0
Tyrease,M,5,5,0
Tyrece,M,51,51,0
Tyree,M,10810,10794,16
Tyreece,M,16,16,0
Tyreek,M,1234,1234,0
Tyreem,M,5,5,0
Tyreese,M,737,737,0
Tyreik,M,132,132,0
Tyrek,M,1224,1224,0
Tyreke,M,578,578,0
Tyrel,M,1389,1389,0
Tyrell,M,12895,12895,0
Tyrelle,M,61,61,0
Tyren,M,593,593,0
Tyrese,M,7068,7058,10
Tyresha,F,63,0,63
Tyresse,M,22,22,0
Tyrhonda,F,5,0,5
Tyriana,F,10,0,10
Tyric,M,54,54,0
Tyrice,M,99,99,0
Tyrick,M,19,19,0
Tyrie,M,26,26,0
Tyriek,M,204,204,0
Tyriel,F,12,0,12
Tyrielle,F,11,0,11
Tyrik,M,615,615,0
Tyrika,F,5,0,5
Tyrin,M,657,657,0
Tyrion,M,40,35,5
Tyriq,M,694,694,0
Tyrique,M,914,914,0
Tyris,M,16,16,0
Tyrisha,F,11,0,11
Tyrome,M,33,33,0
Tyron,M,4444,4444,0
Tyronda,F,96,0,96
Tyrone,M,75400,75385,15
Tyronn,M,5,5,0
Tyronne,M,349,349,0
Tyronza,F,10,0,10
Tyrrell,M,16,16,0
Tyrus,M,1125,1125,0
Tysean,M,210,210,0
Tysen,M,247,247,0
Tysha,F,55,0,55
Tyshae,F,34,0,34
Tyshaun,M,743,743,0
Tyshawn,M,3513,3513,0
Tyshay,F,10,0,10
Tysheem,M,20,20,0
Tysheen,M,6,6,0
Tyshon,M,404,404,0
Tyshun,M,32,32,0
Tysir,M,5,5,0
Tyski,M,5,5,0
Tyson,M,39693,39693,0
Tytan,M,150,150,0
Tytiana,F,629,0,629
Tytianna,F,448,0,448
Tytus,M,225,225,0
Tyus,M,137,137,0
Tyvon,M,109,109,0
Tywan,M,149,149,0
Tywana,F,40,0,40
Tywanda,F,41,0,41
Tywanna,F,37,0,37
Tywon,M,59,59,0
Tzipa,F,5,0,5
Tzipora,F,752,0,752
Tziporah,F,581,0,581
Tzipporah,F,70,0,70
Tzippy,F,81,0,81
Tzirel,F,312,0,312
Tziry,F,19,0,19
Tzivi,F,5,0,5
Tzivia,F,339,0,339
Tzivy,F,18,0,18
Tzurty,F,17,0,17
Tzvi,M,2366,2366,0
Ubaldo,M,1139,1139,0
Uchenna,M,18,18,0
Uday,M,10,10,0
Udell,U,21,16,5
Udy,F,17,0,17
Uel,M,5,5,0
Ugo,M,19,19,0
Ugochukwu,M,5,5,0
Uilani,F,59,0,59
Ula,F,69,0,69
Uladimir,M,5,5,0
Ulani,F,5,0,5
Uldine,F,49,0,49
Uliana,F,5,0,5
Ulices,M,589,589,0
Ulises,M,8650,8650,0
Ulisses,M,763,763,0
Ulric,M,6,6,0
Ulyana,F,16,0,16
Ulysee,M,213,213,0
Ulysees,M,87,87,0
Ulyses,M,417,417,0
Ulysess,M,6,6,0
Ulyssa,F,25,0,25
Ulysse,M,110,110,0
Ulyssee,M,7,7,0
Ulysses,M,12455,12455,0
Uma,F,564,0,564
Umair,M,74,74,0
Umaiza,F,13,0,13
Umar,M,1001,1001,0
Umberto,M,197,197,0
Umeno,F,5,0,5
Umer,M,38,38,0
Umme,F,13,0,13
Un,M,7,7,0
Una,F,2937,0,2937
Unborn,F,39,7,32
Undra,M,88,88,0
Undray,M,5,5,0
Uniqua,F,167,0,167
Unique,F,5345,333,5012
Unity,F,21,0,21
Unknown,F,14353,6994,7359
Unkown,F,90,49,41
Unnamed,F,484,267,217
Uno,M,21,21,0
Ura,F,26,0,26
Ural,M,10,10,0
Urban,M,782,782,0
Urbano,M,155,155,0
Urho,M,10,10,0
Uri,M,259,259,0
Uriah,M,5988,5917,71
Urian,M,10,10,0
Urias,M,5,5,0
Urie,M,29,29,0
Uriel,M,14349,14344,5
Urijah,M,2439,2439,0
Uriyah,M,43,38,5
Ursula,F,9372,0,9372
Usama,M,35,35,0
Usher,M,657,657,0
Usiel,M,12,12,0
Usman,M,450,450,0
Ustin,M,5,5,0
Utah,M,38,38,0
Utahna,F,10,0,10
Uvaldo,M,258,258,0
Uwe,M,5,5,0
Uyen,F,72,0,72
Uzair,M,58,58,0
Uziah,M,10,10,0
Uziel,M,895,895,0
Uzma,F,5,0,5
Uzziah,M,140,140,0
Uzziel,M,128,128,0
Va,M,12,12,0
Vaani,F,39,0,39
Vada,F,5492,15,5477
Vaden,M,20,20,0
Vadhir,M,73,73,0
Vadie,F,10,0,10
Vadim,M,133,133,0
Vaeda,F,5,0,5
Vahan,M,48,48,0
Vahe,M,174,174,0
Vaibhav,M,109,109,0
Vaida,F,128,0,128
Vail,F,27,0,27
Vaishnav,M,5,5,0
Vaishnavi,F,226,0,226
Val,M,2741,2306,435
Valada,F,12,0,12
Valarie,F,14321,0,14321
Valbona,F,23,0,23
Valborg,F,106,0,106
Valda,F,171,0,171
Valdemar,M,322,322,0
Valdez,M,5,5,0
Vale,F,16,0,16
Valecia,F,5,0,5
Valen,M,144,139,5
Valencia,F,7789,6,7783
Valency,F,5,0,5
Valene,F,126,0,126
Valente,M,883,883,0
Valentin,M,7099,7099,0
Valentina,F,30371,0,30371
Valentine,M,3088,2892,196
Valentino,M,4736,4736,0
Valera,F,53,0,53
Valeri,F,306,0,306
Valeria,F,59860,6,59854
Valerian,M,5,5,0
Valeriano,M,12,12,0
Valerie,F,254737,32,254705
Valerio,M,17,17,0
Valery,F,3987,0,3987
Valerya,F,16,0,16
Valerye,F,5,0,5
Valeska,F,56,0,56
Valeta,F,20,0,20
Valetta,F,15,0,15
Valia,F,5,0,5
Valice,M,5,5,0
Valicia,F,6,0,6
Valinda,F,303,0,303
Valisa,F,11,0,11
Valjean,F,34,0,34
Valkyrie,F,49,0,49
Valla,F,5,0,5
Vallerie,F,133,0,133
Vallery,F,64,0,64
Valley,M,7,7,0
Valli,F,97,0,97
Vallie,F,805,0,805
Vallorie,F,18,0,18
Valmore,M,23,23,0
Valon,M,17,17,0
Valor,M,138,138,0
Valorie,F,4054,0,4054
Valree,F,8,0,8
Valrie,F,55,0,55
Valta,F,5,0,5
Valton,M,74,74,0
Valyncia,F,5,0,5
Van,M,21637,21308,329
Vana,F,21,0,21
Vanassa,F,6,0,6
Vance,M,18815,18815,0
Vanda,F,133,0,133
Vander,M,76,76,0
Vandy,F,11,6,5
Vanecia,F,5,0,5
Vanella,F,5,0,5
Vanellope,F,180,0,180
Vanesa,F,4577,0,4577
Vanesha,F,6,0,6
Vaness,F,62,0,62
Vanessa,F,251516,406,251110
Vanessamarie,F,10,0,10
Vanessia,F,5,0,5
Vanetta,F,43,0,43
Vaneza,F,87,0,87
Vanezza,F,5,0,5
Vang,M,156,156,0
Vangie,F,69,0,69
Vani,F,12,0,12
Vania,F,1141,0,1141
Vanisha,F,11,0,11
Vanita,F,183,0,183
Vanity,F,817,0,817
Vann,M,261,261,0
Vanna,F,274,5,269
Vannak,M,5,5,0
Vannary,F,6,0,6
Vannesa,F,634,0,634
Vanness,M,5,5,0
Vannessa,F,1293,0,1293
Vannia,F,42,0,42
Vannie,F,47,0,47
Vansh,M,157,157,0
Vanshika,F,11,0,11
Vanteen,F,5,0,5
Vanya,F,189,0,189
Vara,F,53,0,53
Vardaman,M,6,6,0
Vardan,M,16,16,0
Vardell,M,15,15,0
Varian,M,18,18,0
Varick,M,5,5,0
Varner,M,6,6,0
Varnika,F,39,0,39
Varsha,F,208,0,208
Varshini,F,5,0,5
Vartan,M,75,75,0
Varun,M,1323,1323,0
Varvara,F,16,0,16
Vashawn,M,10,10,0
Vashon,M,124,119,5
Vashti,F,125,0,125
Vasiliki,F,324,0,324
Vasilios,M,528,528,0
Vasilis,M,10,10,0
Vasilisa,F,29,0,29
Vassie,F,103,0,103
Vasthi,F,5,0,5
Vasti,F,6,0,6
Vastine,M,11,11,0
Vatche,M,5,5,0
Vauda,F,5,0,5
Vaudine,F,5,0,5
Vaughan,M,15,15,0
Vaughn,M,14023,13990,33
Vayda,F,660,0,660
Veachel,M,16,16,0
Veasna,M,19,19,0
Ved,M,438,438,0
Veda,F,5848,0,5848
Vedansh,M,42,42,0
Vedanshi,F,5,0,5
Vedant,M,361,361,0
Vedanth,M,25,25,0
Vedh,M,10,10,0
Vedika,F,30,0,30
Veena,F,11,0,11
Veer,M,897,897,0
Veera,F,31,0,31
Vegas,M,5,5,0
Vela,F,114,0,114
Velda,F,4253,0,4253
Veleka,F,5,0,5
Velen,F,10,0,10
Velia,F,1693,0,1693
Velina,F,17,0,17
Velinda,F,86,0,86
Vella,F,159,0,159
Velma,F,74809,6,74803
Velna,F,78,0,78
Velta,F,227,0,227
Velton,M,5,5,0
Velva,F,1457,0,1457
Velvet,F,1114,0,1114
Velvie,F,5,0,5
Vena,F,349,0,349
Venancio,M,64,64,0
Vencil,M,10,10,0
Vendetta,F,12,0,12
Venecia,F,91,0,91
Venera,F,12,0,12
Venesa,F,16,0,16
Venessa,F,3232,0,3232
Veneta,F,32,0,32
Venetia,F,242,0,242
Venezia,F,54,0,54
Veniamin,M,10,10,0
Venice,F,467,5,462
Venicia,F,5,0,5
Venie,F,10,0,10
Venise,F,11,0,11
Venisha,F,5,0,5
Venita,F,2602,0,2602
Venna,F,18,0,18
Vennie,F,220,0,220
Venora,F,15,0,15
Ventura,M,531,498,33
Venus,F,5193,0,5193
Veola,F,625,0,625
Vera,F,117147,0,117147
Verania,F,144,0,144
Verba,F,47,0,47
Verbie,F,15,0,15
Verbon,M,123,123,0
Vercie,F,5,0,5
Verda,F,3985,0,3985
Verdell,F,844,36,808
Verdelle,F,5,0,5
Verdia,F,54,0,54
Verdie,F,742,0,742
Verdun,M,6,6,0
Verena,F,153,0,153
Verenice,F,1033,0,1033
Verenis,F,7,0,7
Verenise,F,113,0,113
Vergene,F,5,0,5
Vergia,F,31,0,31
Vergie,F,2264,0,2264
Vergil,M,227,227,0
Veria,F,5,0,5
Veridiana,F,5,0,5
Verity,F,111,0,111
Verl,M,784,779,5
Verla,F,3352,0,3352
Verlan,M,5,5,0
Verle,M,465,459,6
Verlean,F,53,0,53
Verlee,F,18,0,18
Verlene,F,253,0,253
Verlie,F,536,0,536
Verlin,M,1300,1295,5
Verlinda,F,15,0,15
Verline,F,216,0,216
Verlon,M,292,262,30
Verlyn,M,476,466,10
Verma,F,64,0,64
Vermell,F,285,0,285
Vermelle,F,53,0,53
Vermont,F,5,0,5
Vern,M,7450,7450,0
Verna,F,57040,11,57029
Vernal,M,91,91,0
Vernard,M,118,118,0
Verne,M,2778,2700,78
Vernease,F,6,0,6
Verneda,F,5,0,5
Vernee,F,7,0,7
Vernell,F,5935,968,4967
Vernelle,F,315,0,315
Verner,M,212,207,5
Vernessa,F,182,0,182
Vernestine,F,5,0,5
Vernetta,F,536,0,536
Vernette,F,103,0,103
Vernia,F,115,0,115
Vernice,F,3705,33,3672
Vernie,F,1737,490,1247
Vernis,M,5,5,0
Vernisha,F,5,0,5
Vernita,F,1271,0,1271
Vernon,M,138871,138573,298
Verona,F,919,0,919
Veroncia,F,20,0,20
Veronda,F,7,0,7
Veronic,F,5,0,5
Veronica,F,210972,350,210622
Veronika,F,1391,0,1391
Veronique,F,252,0,252
Versa,F,38,0,38
Versie,F,1128,5,1123
Verta,F,75,0,75
Vertell,F,24,0,24
Vertie,F,324,0,324
Vertis,U,15,10,5
Veryl,M,71,71,0
Vesna,F,5,0,5
Vesper,F,81,0,81
Vessie,F,20,0,20
Vesta,F,3180,0,3180
Vestal,M,25,20,5
Vestel,M,5,5,0
Vester,M,932,875,57
Veta,F,344,0,344
Veton,M,5,5,0
Vetra,F,5,0,5
Veva,F,146,0,146
Veyda,F,11,0,11
Vi,F,277,27,250
Viaan,M,437,437,0
Vian,M,6,6,0
Viana,F,87,0,87
Vianca,F,1037,0,1037
Vianet,F,5,0,5
Vianey,F,2480,0,2480
Vianka,F,92,0,92
Vianna,F,420,0,420
Vianne,F,17,0,17
Vianney,F,1572,0,1572
Vibha,F,95,0,95
Vibhav,M,11,11,0
Vibiana,F,5,0,5
Vic,M,409,409,0
Vicci,F,10,0,10
Vicent,M,147,147,0
Vicenta,F,532,0,532
Vicente,M,16198,16198,0
Vichelle,F,5,0,5
Vicie,F,65,0,65
Vick,M,10,10,0
Vicke,F,5,0,5
Vicken,M,5,5,0
Vickey,F,3981,5,3976
Vicki,F,150774,0,150774
Vickiana,F,15,0,15
Vickie,F,107368,10,107358
Vicktoria,F,5,0,5
Vicky,F,50010,10,50000
Vickye,F,11,0,11
Victor,M,308776,308357,419
Victoralfonso,M,13,13,0
Victorhugo,M,13,13,0
Victoria,F,477978,196,477782
Victoriana,F,31,0,31
Victoriano,M,655,655,0
Victorina,F,10,0,10
Victorine,F,28,0,28
Victorino,M,21,21,0
Victorio,M,38,38,0
Victormanuel,M,93,93,0
Victory,F,202,0,202
Victorya,F,21,0,21
Vida,F,4812,0,4812
Vidal,M,2338,2338,0
Vidala,F,5,0,5
Videl,F,5,0,5
Vidhi,F,107,0,107
Vidushi,F,5,0,5
Vielka,F,31,0,31
Vienna,F,2388,0,2388
Vieno,F,55,0,55
Viet,M,408,408,0
Vieva,F,5,0,5
Viggo,M,127,127,0
Vignesh,M,10,10,0
Viha,F,10,0,10
Vihaan,M,2657,2657,0
Vihan,M,90,90,0
Vihana,F,6,0,6
Vijay,M,371,371,0
Vika,F,5,0,5
Vikas,M,22,22,0
Viki,F,431,0,431
Vikki,F,3997,0,3997
Vikram,M,633,633,0
Vikrant,M,6,6,0
Viktor,M,1168,1168,0
Viktoria,F,892,0,892
Viktoriya,F,23,0,23
Vila,F,15,0,15
Vilas,M,212,212,0
Viliami,M,174,174,0
Villa,F,5,0,5
Vilma,F,3008,0,3008
Vin,M,5,5,0
Vina,F,1137,0,1137
Vinal,M,46,46,0
Vinay,M,292,292,0
Vinayak,M,5,5,0
Vince,M,7444,7444,0
Vincent,M,332495,332319,176
Vincenta,F,8,0,8
Vincente,M,1018,1018,0
Vincenza,F,2345,0,2345
Vincenzia,F,5,0,5
Vincenzo,M,5880,5880,0
Vincie,F,10,0,10
Vincient,M,5,5,0
Vineet,M,15,15,0
Viney,F,6,0,6
Vinh,M,549,549,0
Vinicio,M,11,11,0
Vinicius,M,62,62,0
Vinita,F,226,0,226
Vinn,M,5,5,0
Vinnie,F,574,80,494
Vinny,M,333,333,0
Vinod,M,11,11,0
Vinson,M,811,811,0
Vint,M,5,5,0
Vinton,M,15,15,0
Viola,F,97674,0,97674
Violanda,F,8,0,8
Violet,F,121641,0,121641
Violeta,F,4277,0,4277
Violett,F,91,0,91
Violetta,F,520,0,520
Violette,F,1608,0,1608
Viona,F,5,0,5
Vir,M,20,20,0
Vira,F,16,0,16
Viraaj,M,77,77,0
Viraat,M,7,7,0
Viraj,M,326,326,0
Virat,M,48,48,0
Virda,F,5,0,5
Virdell,F,5,0,5
Virdiana,F,12,0,12
Virdie,F,6,0,6
Viren,M,5,5,0
Virge,M,5,5,0
Virgel,M,94,94,0
Virgen,F,126,0,126
Virgene,F,23,0,23
Virgia,F,208,0,208
Virgie,F,14401,27,14374
Virgil,M,63007,62964,43
Virgiline,F,5,0,5
Virgilio,M,428,428,0
Virgin,F,17,0,17
Virgina,F,31,0,31
Virginia,F,623683,205,623478
Virgle,M,912,912,0
Viridiana,F,3321,0,3321
Virjean,F,10,0,10
Virjinia,F,6,0,6
Virlan,M,18,18,0
Virlee,F,11,0,11
Virna,F,48,0,48
Virtus,M,5,5,0
Visente,M,32,32,0
Vishal,M,768,768,0
Vishnu,M,244,244,0
Vishruth,M,5,5,0
Vishwa,M,5,5,0
Vita,F,1845,0,1845
Vitali,M,6,6,0
Vitalia,F,5,0,5
Vitaliy,M,95,95,0
Vitina,F,10,0,10
Vito,M,11787,11787,0
Vitor,M,5,5,0
Vitoria,F,31,0,31
Vittoria,F,312,0,312
Vittorio,M,129,129,0
Viva,F,658,0,658
Vivaan,M,1230,1230,0
Vivan,M,37,37,0
Viveca,F,7,0,7
Vivek,M,554,554,0
Vivi,F,45,0,45
Vivia,F,10,0,10
Vivian,F,195569,401,195168
Viviana,F,19062,0,19062
Viviane,F,67,0,67
Viviann,F,80,0,80
Vivianna,F,2155,0,2155
Vivianne,F,718,0,718
Viviano,M,63,63,0
Vivica,F,242,0,242
Vivien,F,2854,0,2854
Vivienne,F,10849,0,10849
Vivika,F,11,0,11
Vivyana,F,5,0,5
Viyaan,M,5,5,0
Viyan,M,20,20,0
Vlad,M,43,43,0
Vladimir,M,3269,3269,0
Vladislav,M,125,125,0
Vlasta,F,441,0,441
Void,F,16,7,9
Vola,F,60,12,48
Volf,M,5,5,0
Vollie,M,11,11,0
Volney,M,5,5,0
Volvi,M,17,17,0
Volvy,M,21,21,0
Von,M,1151,1139,12
Vona,F,5,0,5
Vonceil,F,16,0,16
Vonciel,F,5,0,5
Voncile,F,904,0,904
Voncille,F,72,0,72
Vonda,F,7059,0,7059
Vondell,F,10,0,10
Vonetta,F,334,0,334
Vong,M,22,22,0
Vonn,M,5,5,0
Vonna,F,37,0,37
Vonnie,F,932,0,932
Vontrell,M,5,5,0
Vontresa,F,5,0,5
Vontressa,F,10,0,10
Vonzella,F,7,0,7
Voshon,M,21,21,0
Vraj,M,48,48,0
Vrinda,F,5,0,5
Vu,M,259,259,0
Vue,M,42,42,0
Vuk,M,11,11,0
Vung,F,5,0,5
Vy,F,451,0,451
Vyolet,F,5,0,5
Vyom,M,36,36,0
Vyonne,F,6,0,6
Wa,M,5,5,0
Wacey,M,41,41,0
Wachovia,F,6,0,6
Waddell,M,98,98,0
Wade,M,63861,63861,0
Wadeeah,F,5,0,5
Wael,M,10,10,0
Wafa,F,10,0,10
Wah,M,22,22,0
Wahab,M,5,5,0
Wai,M,81,70,11
Waino,M,119,119,0
Waitman,M,6,6,0
Walda,F,11,0,11
Waldemar,M,292,292,0
Walden,M,31,31,0
Waldene,F,5,0,5
Waldine,F,40,0,40
Waldo,M,1923,1923,0
Waldon,M,5,5,0
Waleed,M,543,543,0
Waleska,F,166,0,166
Walfred,M,44,44,0
Wali,M,169,169,0
Walid,M,97,97,0
Walida,F,11,0,11
Walker,M,18790,18784,6
Wallace,M,73734,73734,0
Waller,M,10,10,0
Walline,F,7,0,7
Wallis,F,5,0,5
Wally,M,1673,1668,5
Walsie,F,15,0,15
Walt,M,379,379,0
Walter,M,562690,561876,814
Walterine,F,71,0,71
Waltina,F,5,0,5
Walton,M,1835,1835,0
Wanda,F,276203,58,276145
Wandalee,F,10,0,10
Wane,M,5,5,0
Waneda,F,12,0,12
Wanell,F,8,0,8
Waneta,F,1056,0,1056
Wanetta,F,129,0,129
Wang,M,5,5,0
Wania,F,17,0,17
Wanita,F,391,0,391
Wanna,F,22,0,22
Wannetta,F,18,0,18
Wanya,M,143,143,0
Wanza,F,17,0,17
Waqas,M,5,5,0
Ward,M,8702,8702,0
Wardean,F,7,0,7
Wardell,M,1626,1626,0
Warfield,M,5,5,0
Waris,M,26,26,0
Warnell,M,5,5,0
Warner,M,2526,2526,0
Warnie,M,11,11,0
Warren,M,168614,168592,22
Wasco,M,11,11,0
Waseem,M,64,64,0
Wash,M,131,131,0
Washington,M,350,350,0
Wasil,M,46,46,0
Wassil,M,5,5,0
Wassillie,M,13,13,0
Wataru,M,32,32,0
Watie,M,11,11,0
Watson,M,935,935,0
Wauneta,F,127,0,127
Waunita,F,88,0,88
Wava,F,390,0,390
Waveline,F,5,0,5
Waver,F,15,5,10
Waverly,F,1539,810,729
Wavie,F,12,0,12
Wavy,M,5,5,0
Wayde,M,467,467,0
Waylan,M,39,39,0
Wayland,M,1089,1089,0
Waylen,M,118,118,0
Waylin,M,5,5,0
Waylon,M,17435,17435,0
Wayman,M,478,478,0
Waymon,M,2506,2506,0
Waymond,M,161,161,0
Wayne,M,348125,348084,41
Waynette,F,6,0,6
Waynisha,F,5,0,5
Weaver,M,42,42,0
Webb,M,39,39,0
Webster,M,763,763,0
Wednesday,F,129,0,129
Wei,M,116,106,10
Welby,M,45,45,0
Weldon,M,9374,9374,0
Welford,M,187,187,0
Welles,M,6,6,0
Wellington,M,346,346,0
Wells,M,401,401,0
Weltha,F,10,0,10
Welton,M,762,762,0
Wen,F,33,16,17
Wenceslao,M,65,65,0
Wenceslaus,M,6,6,0
Wenda,F,68,0,68
Wendall,M,141,141,0
Wende,F,434,0,434
Wendee,F,118,0,118
Wendel,M,143,143,0
Wendelin,M,26,21,5
Wendell,M,48460,48460,0
Wendelyn,F,5,0,5
Wendi,F,12014,0,12014
Wendie,F,627,0,627
Wendolyn,F,64,0,64
Wendy,F,258863,118,258745
Wendyl,M,10,10,0
Wenona,F,93,0,93
Wenonah,F,12,0,12
Werner,M,1416,1416,0
Weronika,F,128,0,128
Wes,M,1644,1644,0
Wesam,M,15,15,0
Weslee,M,31,31,0
Wesley,M,207012,206757,255
Weslie,F,5,0,5
Wesly,M,75,75,0
Weslyn,F,30,0,30
Weslynn,F,26,0,26
Wess,M,10,10,0
Wessie,F,45,0,45
Wesson,M,674,674,0
West,M,476,476,0
Westen,M,196,196,0
Westin,M,3003,3003,0
Westley,M,3084,3084,0
Westly,M,5,5,0
Westlyn,F,43,0,43
Westlynn,F,10,0,10
Weston,M,38630,38625,5
Westonia,F,5,0,5
Westyn,M,455,455,0
Wetzel,M,56,56,0
Weyman,M,258,258,0
Wheeler,M,86,86,0
Whisper,F,20,0,20
Whit,M,6,6,0
Whitaker,M,40,40,0
Whitlee,F,68,0,68
Whitley,F,4165,19,4146
Whitman,M,5,5,0
Whitnee,F,69,0,69
Whitney,F,96213,2552,93661
Whitni,F,22,0,22
Whitnie,F,30,0,30
Whittaker,M,5,5,0
Whitten,M,60,60,0
Whittney,F,651,0,651
Wicahpi,F,5,0,5
Widline,F,8,0,8
Wiktor,M,5,5,0
Wiktoria,F,155,0,155
Wil,M,25,25,0
Wilber,M,2796,2796,0
Wilbern,M,39,39,0
Wilbert,M,34991,34991,0
Wilberth,M,5,5,0
Wilberto,M,104,104,0
Wilborn,M,36,36,0
Wilbur,M,49247,49247,0
Wilburn,M,7674,7674,0
Wilburt,M,38,38,0
Wilda,F,9179,0,9179
Wilder,M,1160,1147,13
Wiley,M,10927,10922,5
Wilferd,M,10,10,0
Wilford,M,6185,6185,0
Wilfred,M,23230,23225,5
Wilfredo,M,8023,8023,0
Wilfrid,M,276,276,0
Wilfrido,M,108,108,0
Wilgus,M,63,63,0
Wilhelm,M,54,54,0
Wilhelmena,F,331,0,331
Wilhelmenia,F,516,0,516
Wilhelmina,F,5692,0,5692
Wilhelmine,F,5,0,5
Wilhemena,F,5,0,5
Wilhemenia,F,31,0,31
Wilhemina,F,80,0,80
Wilho,M,54,54,0
Wiliam,M,21,21,0
Wilkens,M,6,6,0
Wilkes,M,5,5,0
Wilkie,M,47,47,0
Wilkins,M,5,5,0
Will,M,25271,25206,65
Willa,F,20838,0,20838
Willadean,F,166,0,166
Willadeen,F,15,0,15
Willadene,F,5,0,5
Willaim,M,31,31,0
Willam,M,503,503,0
Willamina,F,5,0,5
Willard,M,69305,69216,89
Willavene,F,5,0,5
Willean,F,6,0,6
Willem,M,800,800,0
Willena,F,83,0,83
Willene,F,1614,0,1614
Willet,F,5,0,5
Willetta,F,157,0,157
Willette,F,379,0,379
Willia,F,1430,0,1430
William,M,3886371,3876159,10212
Williams,M,2321,2321,0
Willian,M,576,576,0
Williard,M,80,80,0
Willie,M,533197,412053,121144
Williemae,F,157,0,157
Willine,F,33,0,33
Willis,M,43368,43342,26
Willmer,M,5,5,0
Willo,F,33,0,33
Willodean,F,776,0,776
Willodene,F,44,0,44
Willow,F,25089,0,25089
Willy,M,1151,1151,0
Willye,F,55,0,55
Wilma,F,131608,5,131603
Wilmajean,F,5,0,5
Wilmar,M,11,11,0
Wilmer,M,10470,10391,79
Wilmina,F,5,0,5
Wilmon,M,17,17,0
Wilmot,M,5,5,0
Wilna,F,17,0,17
Wilnelia,F,5,0,5
Wilodean,F,15,0,15
Wilson,M,39092,39092,0
Wilton,M,4941,4941,0
Wiltz,M,7,7,0
Wilver,M,5,5,0
Windell,M,1076,1076,0
Windi,F,44,0,44
Windie,F,6,0,6
Windle,M,17,17,0
Windsor,F,18,0,18
Windy,F,3114,0,3114
Winferd,M,5,5,0
Winfield,M,1341,1341,0
Winford,M,2512,2512,0
Winfred,M,6608,6603,5
Wing,U,17,12,5
Wingate,M,5,5,0
Winifred,F,33420,161,33259
Winna,F,6,0,6
Winnell,F,10,0,10
Winner,M,5,5,0
Winni,F,61,0,61
Winnie,F,14464,0,14464
Winnifred,F,1565,0,1565
Winona,F,5676,0,5676
Winry,F,44,0,44
Winsley,M,5,5,0
Winslow,M,79,68,11
Winson,M,85,85,0
Winston,M,21014,21014,0
Winter,F,5976,56,5920
Winthrop,M,264,264,0
Winton,M,258,258,0
Wirt,M,11,11,0
Wisdom,F,135,75,60
Wister,M,5,5,0
Witney,F,5,0,5
Witten,M,185,185,0
Wladyslaw,M,6,6,0
Wladyslawa,F,5,0,5
Wm,M,441,441,0
Wofford,M,10,10,0
Wojciech,M,5,5,0
Wolf,M,427,427,0
Wolfe,M,22,22,0
Wolfgang,M,611,611,0
Wonda,F,486,0,486
Wonnie,F,5,0,5
Wood,M,5,5,0
Woodard,M,5,5,0
Woodford,M,161,161,0
Woodie,M,533,508,25
Woodley,M,16,16,0
Woodroe,M,211,211,0
Woodrow,M,34309,34309,0
Woodruff,M,5,5,0
Woodson,M,60,60,0
Woody,M,1284,1284,0
Worley,M,108,108,0
Worth,M,818,818,0
Worthy,M,28,28,0
Wray,F,5,0,5
Wreatha,F,5,0,5
Wren,F,3015,112,2903
Wrenley,F,15,0,15
Wright,M,56,56,0
Wrigley,F,61,19,42
Wyatt,M,143403,143310,93
Wydell,F,5,0,5
Wyeth,M,5,5,0
Wyland,M,33,33,0
Wylder,M,105,105,0
Wylean,F,5,0,5
Wylene,F,452,0,452
Wylie,M,1336,1323,13
Wylma,F,10,0,10
Wylodean,F,5,0,5
Wylodene,F,5,0,5
Wyman,M,615,615,0
Wymon,M,5,5,0
Wyndell,M,15,15,0
Wynell,F,497,0,497
Wynelle,F,258,0,258
Wynema,F,257,0,257
Wynette,F,39,0,39
Wynn,M,194,163,31
Wynne,F,79,0,79
Wynona,F,1087,0,1087
Wynston,M,5,5,0
Wynter,F,2795,0,2795
Wynton,M,15,15,0
Wyolene,F,30,0,30
Wyoma,F,77,0,77
Wyona,F,5,0,5
Wyteria,F,5,0,5
Wyvonne,F,17,0,17
Xabi,M,16,16,0
Xaden,M,10,10,0
Xadrian,M,44,44,0
Xai,M,44,44,0
Xaiden,M,207,207,0
Xaiver,M,123,123,0
Xan,F,10,0,10
Xander,M,24385,24379,6
Xandra,F,6,0,6
Xandria,F,71,0,71
Xane,M,15,15,0
Xang,M,5,5,0
Xao,M,5,5,0
Xareni,F,33,0,33
Xaria,F,85,0,85
Xavi,M,1200,1200,0
Xavia,F,10,0,10
Xavian,M,421,421,0
Xaviar,M,10,10,0
Xavien,M,156,156,0
Xavier,M,127922,127875,47
Xaviera,F,11,0,11
Xavion,M,845,845,0
Xavior,M,268,268,0
Xavius,M,6,6,0
Xayden,M,121,121,0
Xayla,F,5,0,5
Xaylee,F,6,0,6
Xcaret,F,16,0,16
Xee,F,36,0,36
Xela,F,5,0,5
Xena,F,1012,0,1012
Xeng,M,18,18,0
Xenia,F,935,0,935
Xia,F,53,0,53
Xiadani,F,6,0,6
Xian,M,12,12,0
Xiana,F,65,0,65
Xianna,F,5,0,5
Xiao,F,29,5,24
Xiara,F,19,0,19
Xiclaly,F,18,0,18
Ximena,F,22757,0,22757
Ximenna,F,77,0,77
Xin,F,95,0,95
Xiomara,F,6175,0,6175
Xion,M,17,17,0
Xiong,M,57,57,0
Xitlali,F,1451,0,1451
Xitlalic,F,121,0,121
Xitlalli,F,118,0,118
Xitlally,F,40,0,40
Xitlaly,F,1090,0,1090
Xitllali,F,19,0,19
Xochil,F,262,0,262
Xochilt,F,839,0,839
Xochilth,F,16,0,16
Xochitl,F,3665,0,3665
Xoe,F,63,0,63
Xoey,F,5,0,5
Xolani,F,5,0,5
Xotchil,F,10,0,10
Xuan,F,27,0,27
Xue,M,32,27,5
Xyla,F,131,0,131
Xylia,F,15,0,15
Xylina,F,10,0,10
Xymena,F,5,0,5
Xzander,M,88,88,0
Xzavian,M,49,49,0
Xzavien,M,26,26,0
Xzavier,M,5553,5553,0
Xzavion,M,239,239,0
Xzavior,M,10,10,0
Ya,F,6,0,6
Yaa,F,10,0,10
Yaacov,M,20,20,0
Yaakov,M,3589,3589,0
Yaaseen,M,6,6,0
Yaasmiyn,F,5,0,5
Yachet,F,169,0,169
Yachiyo,F,6,0,6
Yacoub,M,5,5,0
Yacqub,M,10,10,0
Yadhira,F,769,0,769
Yadiel,M,1881,1881,0
Yadier,M,243,243,0
Yadir,M,5,5,0
Yadira,F,10897,11,10886
Yadirah,F,5,0,5
Yadria,F,5,0,5
Yadriel,M,11,11,0
Yaeko,F,341,0,341
Yael,F,4564,2375,2189
Yaelis,F,5,0,5
Yafet,M,16,16,0
Yaffa,F,143,0,143
Yagmur,F,5,0,5
Yago,M,18,18,0
Yahaira,F,3741,0,3741
Yahayra,F,29,0,29
Yahel,M,281,281,0
Yahia,M,46,46,0
Yahir,M,9542,9537,5
Yahira,F,101,0,101
Yahshua,M,5,5,0
Yahsir,M,26,26,0
Yahya,M,1501,1501,0
Yahye,M,102,102,0
Yaileen,F,18,0,18
Yailene,F,5,0,5
Yailin,F,243,0,243
Yailine,F,6,0,6
Yailyn,F,28,0,28
Yaindhi,F,11,0,11
Yair,M,2905,2905,0
Yaira,F,89,0,89
Yaire,F,311,0,311
Yairis,F,5,0,5
Yaiza,F,90,0,90
Yajahira,F,6,0,6
Yajaira,F,4319,0,4319
Yajayra,F,103,0,103
Yakelin,F,97,0,97
Yakeline,F,5,0,5
Yakima,F,11,0,11
Yakira,F,155,0,155
Yakov,M,1948,1948,0
Yalanda,F,27,0,27
Yale,M,99,99,0
Yalexa,F,33,0,33
Yalexi,F,5,0,5
Yalissa,F,10,0,10
Yalitza,F,251,0,251
Yalonda,F,141,0,141
Yama,M,12,12,0
Yaman,M,5,5,0
Yamaris,F,6,0,6
Yamato,M,5,5,0
Yamel,F,26,0,26
Yamen,M,10,10,0
Yamil,M,572,572,0
Yamila,F,282,0,282
Yamile,F,625,0,625
Yamiles,F,14,0,14
Yamilet,F,3234,0,3234
Yamileth,F,3573,0,3573
Yamilett,F,98,0,98
Yamilette,F,103,0,103
Yamilex,F,780,0,780
Yaminah,F,15,0,15
Yamir,M,85,85,0
Yamira,F,6,0,6
Yamna,F,12,0,12
Yan,M,124,117,7
Yana,F,745,0,745
Yanai,F,5,0,5
Yancarlos,M,21,21,0
Yancey,M,93,93,0
Yancy,M,507,452,55
Yandel,M,2705,2705,0
Yandell,M,5,5,0
Yandiel,M,58,58,0
Yandriel,M,5,5,0
Yaneisy,F,6,0,6
Yanel,F,9,0,9
Yaneli,F,1912,0,1912
Yanelis,F,181,0,181
Yaneliz,F,37,0,37
Yanell,F,5,0,5
Yanelli,F,120,0,120
Yanellie,F,5,0,5
Yanelly,F,293,0,293
Yanely,F,766,0,766
Yanelys,F,5,0,5
Yanessa,F,15,0,15
Yanet,F,1256,0,1256
Yaneth,F,450,0,450
Yanett,F,18,0,18
Yanette,F,51,0,51
Yang,M,52,40,12
Yanick,F,12,0,12
Yaniel,M,244,244,0
Yanil,F,23,0,23
Yanilen,F,41,0,41
Yanill,F,15,0,15
Yanin,F,12,0,12
Yanina,F,46,0,46
Yanine,F,15,0,15
Yanique,F,62,0,62
Yanira,F,2099,0,2099
Yaniris,F,22,0,22
Yanis,M,17,17,0
Yanitza,F,127,0,127
Yaniv,M,17,17,0
Yanixan,M,35,35,0
Yanky,M,61,61,0
Yann,M,12,12,0
Yanna,F,10,0,10
Yannely,F,5,0,5
Yannet,F,5,0,5
Yanni,M,123,123,0
Yannick,M,152,152,0
Yannis,U,20,15,5
Yanuel,M,61,61,0
Yao,M,11,11,0
Yaqub,M,58,58,0
Yaquelin,F,731,0,731
Yaqueline,F,42,0,42
Yaquelyn,F,5,0,5
Yara,F,2526,0,2526
Yarden,M,5,5,0
Yared,M,74,69,5
Yarel,F,279,22,257
Yareli,F,6791,0,6791
Yarelie,F,22,0,22
Yarelin,F,12,0,12
Yarelis,F,163,0,163
Yareliz,F,5,0,5
Yarelli,F,56,0,56
Yarelly,F,33,0,33
Yarely,F,2200,0,2200
Yarelyn,F,14,0,14
Yaremi,F,5,0,5
Yareni,F,137,0,137
Yarenis,F,20,0,20
Yareth,F,134,59,75
Yarethzi,F,7,0,7
Yarethzy,F,19,0,19
Yaretsi,F,23,0,23
Yaretsy,F,8,0,8
Yaretzi,F,8520,0,8520
Yaretzie,F,10,0,10
Yaretzy,F,1509,0,1509
Yarexi,F,18,0,18
Yari,F,5,0,5
Yariah,F,5,0,5
Yariana,F,13,0,13
Yaribeth,F,6,0,6
Yaricza,F,6,0,6
Yariel,M,925,925,0
Yarielis,F,45,0,45
Yarieliz,F,10,0,10
Yarielys,F,5,0,5
Yarima,F,38,0,38
Yaris,F,11,0,11
Yarisa,F,5,0,5
Yarisbel,F,19,0,19
Yarisbeth,F,5,0,5
Yarissa,F,10,0,10
Yarithza,F,5,0,5
Yaritza,F,5875,0,5875
Yaritzel,F,43,0,43
Yaritzi,F,55,0,55
Yaritzy,F,16,0,16
Yarixa,F,10,0,10
Yarnell,F,10,0,10
Yaro,M,24,24,0
Yaron,M,30,30,0
Yaroslav,M,10,10,0
Yasaman,F,42,0,42
Yasamin,F,43,0,43
Yaseen,M,1259,1259,0
Yasemin,F,24,0,24
Yaser,M,5,5,0
Yash,M,1458,1458,0
Yasheka,F,5,0,5
Yashica,F,419,0,419
Yashika,F,27,0,27
Yashira,F,126,0,126
Yashvi,F,82,0,82
Yasiel,M,146,146,0
Yasin,M,858,858,0
Yasir,M,1097,1097,0
Yasirah,F,5,0,5
Yaslene,F,5,0,5
Yaslin,F,63,0,63
Yasmani,M,5,5,0
Yasmeen,F,3846,0,3846
Yasmen,F,10,0,10
Yasmin,F,17436,0,17436
Yasmina,F,228,0,228
Yasmine,F,10812,0,10812
Yasna,F,5,0,5
Yasser,M,165,165,0
Yassin,M,266,266,0
Yassine,M,42,42,0
Yassir,M,16,16,0
Yasuko,F,191,0,191
Yasunobu,M,5,5,0
Yasuo,M,156,156,0
Yatana,F,10,0,10
Yates,M,114,114,0
Yatzari,F,57,0,57
Yatzary,F,5,0,5
Yatzil,F,150,0,150
Yatziri,F,446,0,446
Yatziry,F,160,0,160
Yavuz,M,5,5,0
Yaw,M,12,12,0
Yaxeni,F,5,0,5
Yaxiel,M,10,10,0
Yayeko,F,5,0,5
Yayoi,F,5,0,5
Yazaira,F,61,0,61
Yazan,M,374,374,0
Yazid,M,16,16,0
Yaziel,M,19,19,0
Yazir,M,10,10,0
Yazleemar,F,12,0,12
Yazleen,F,7,0,7
Yazlin,F,59,0,59
Yazlyn,F,5,0,5
Yazlynn,F,6,0,6
Yazmeen,F,79,0,79
Yazmin,F,6822,0,6822
Yazmine,F,1282,0,1282
Yazmyn,F,5,0,5
Ydania,F,5,0,5
Yecenia,F,675,0,675
Yecheskel,M,227,227,0
Yechezkel,M,458,458,0
Yechiel,M,1215,1215,0
Yee,F,140,78,62
Yeeleng,M,5,5,0
Yegor,M,5,5,0
Yehia,M,6,6,0
Yehoshua,M,1317,1317,0
Yehuda,M,4688,4688,0
Yehudah,M,374,374,0
Yehudis,F,1291,0,1291
Yehudit,F,25,0,25
Yeiden,M,14,14,0
Yeila,F,6,0,6
Yeilin,F,10,0,10
Yeimi,F,156,0,156
Yeimy,F,26,0,26
Yeira,F,18,0,18
Yeison,M,10,10,0
Yekusiel,M,17,17,0
Yelena,F,293,0,293
Yelenis,F,5,0,5
Yelissa,F,5,0,5
Yelitza,F,343,0,343
Yen,F,131,5,126
Yena,F,26,0,26
Yeneisy,F,6,0,6
Yeng,M,272,243,29
Yeni,F,120,0,120
Yenia,F,6,0,6
Yenifer,F,531,0,531
Yenna,F,5,0,5
Yennifer,F,115,0,115
Yenny,F,37,0,37
Yenty,F,48,0,48
Yer,F,460,43,417
Yerachmiel,M,66,66,0
Yeraldi,F,7,0,7
Yeraldin,F,110,0,110
Yeraldine,F,6,0,6
Yerania,F,5,0,5
Yeray,M,59,59,0
Yerick,M,5,5,0
Yeriel,M,67,67,0
Yerik,M,344,344,0
Yesenia,F,36996,153,36843
Yeshaya,M,380,380,0
Yeshua,M,855,855,0
Yesica,F,1441,0,1441
Yesika,F,5,0,5
Yesli,F,15,0,15
Yeslin,F,10,0,10
Yesmin,F,5,0,5
Yessenia,F,5760,5,5755
Yessica,F,2669,0,2669
Yetta,F,2097,0,2097
Yetzali,F,54,0,54
Yeva,F,23,0,23
Yevette,F,146,0,146
Yexalen,F,10,0,10
Yezenia,F,119,0,119
Ygnacio,M,319,319,0
Yhair,M,5,5,0
Yi,F,41,14,27
Yia,M,7,7,0
Yianna,F,5,0,5
Yianni,M,33,33,0
Yiannis,M,10,10,0
Yicel,F,16,0,16
Yichen,M,25,25,0
Yida,M,166,166,0
Yiddy,M,10,10,0
Yidel,M,179,179,0
Yides,F,557,0,557
Yifan,M,5,5,0
Yihan,F,10,5,5
Yilda,F,13,0,13
Yilia,F,29,0,29
Yilin,F,7,0,7
Ying,F,117,47,70
Yinuo,F,5,0,5
Yira,F,8,0,8
Yisel,F,276,0,276
Yisell,F,5,0,5
Yishai,M,103,103,0
Yishay,M,15,15,0
Yisrael,M,591,591,0
Yisroel,M,4292,4292,0
Yissachar,M,6,6,0
Yissel,F,66,0,66
Yissochor,M,10,10,0
Yita,F,32,0,32
Yitel,F,5,0,5
Yitta,F,175,0,175
Yittel,F,62,0,62
Yitty,F,1122,0,1122
Yitzchak,M,702,702,0
Yitzchok,M,3448,3448,0
Yitzel,F,12,0,12
Yitzy,M,6,6,0
Yizel,F,15,0,15
Yizza,F,5,0,5
Yliana,F,104,0,104
Ylonda,F,11,0,11
Ymani,F,15,0,15
Ynes,F,12,7,5
Ynez,F,13,0,13
Yo,F,8,0,8
Yoali,F,5,0,5
Yoan,M,10,10,0
Yoana,F,722,0,722
Yoandra,F,17,0,17
Yoandri,M,49,49,0
Yoandry,M,6,6,0
Yoanna,F,187,0,187
Yoav,M,54,54,0
Yobana,F,16,0,16
Yobani,M,298,298,0
Yobany,M,21,21,0
Yocasta,F,5,0,5
Yocelin,F,497,0,497
Yoceline,F,30,0,30
Yocelyn,F,411,0,411
Yocelyne,F,7,0,7
Yochanan,M,113,113,0
Yochanon,M,22,22,0
Yocheved,F,1531,0,1531
Yoel,M,2283,2283,0
Yohan,M,356,356,0
Yohana,F,347,0,347
Yohance,M,19,19,0
Yohann,M,15,15,0
Yohanna,F,136,0,136
Yohannes,M,10,10,0
Yokasta,F,6,0,6
Yoko,F,51,0,51
Yola,F,182,0,182
Yoland,F,5,0,5
Yolanda,F,108602,73,108529
Yolande,F,264,0,264
Yolander,F,12,0,12
Yolando,F,27,0,27
Yolandra,F,5,0,5
Yolette,F,10,0,10
Yolonda,F,2024,0,2024
Yoltzin,F,16,5,11
Yolunda,F,5,0,5
Yomaira,F,172,0,172
Yomar,M,45,45,0
Yomara,F,16,0,16
Yomayra,F,48,0,48
Yomira,F,63,0,63
Yomtov,M,8,8,0
Yona,M,165,165,0
Yonael,M,5,5,0
Yonah,M,330,330,0
Yonas,M,5,5,0
Yonason,M,7,7,0
Yonatan,M,1098,1098,0
Yonathan,M,474,474,0
Yoneko,F,121,0,121
Yoneo,M,17,17,0
Yong,F,176,68,108
Yoni,M,152,152,0
Yonis,M,78,78,0
Yony,M,5,5,0
Yordan,M,12,12,0
Yordi,M,153,153,0
Yordy,M,5,5,0
York,M,12,12,0
Yorley,F,62,0,62
Yosbel,M,5,5,0
Yoscar,M,5,5,0
Yosef,M,6107,6107,0
Yoselin,F,4829,0,4829
Yoseline,F,400,0,400
Yoselyn,F,865,0,865
Yoseph,M,225,225,0
Yosgar,M,41,41,0
Yosgart,M,122,122,0
Yoshi,U,17,12,5
Yoshiaki,M,53,53,0
Yoshida,F,5,0,5
Yoshie,F,321,0,321
Yoshiharu,M,34,34,0
Yoshikatsu,M,5,5,0
Yoshiko,F,1014,0,1014
Yoshimi,U,32,22,10
Yoshino,F,37,0,37
Yoshinobu,M,20,20,0
Yoshio,M,885,885,0
Yoshiro,M,5,5,0
Yoshitaka,M,5,5,0
Yoshito,M,145,145,0
Yoshiye,F,84,0,84
Yoshiyuki,M,12,12,0
Yoshua,M,42,42,0
Yoskar,M,28,28,0
Yossef,M,6,6,0
Yosselin,F,120,0,120
Yosselyn,F,21,0,21
Yossi,M,165,165,0
Yostin,M,11,11,0
Yosuf,M,5,5,0
Youa,F,53,0,53
Youlanda,F,129,0,129
Younes,M,16,16,0
Young,U,553,363,190
Younis,M,57,57,0
Yousaf,M,14,14,0
Yousef,M,3418,3418,0
Yousif,M,511,511,0
Yousra,F,5,0,5
Youssef,M,1763,1763,0
Youssouf,M,51,51,0
Yousuf,M,426,426,0
Yovana,F,114,0,114
Yovani,M,965,965,0
Yovanna,F,28,0,28
Yovanni,M,156,156,0
Yovanny,M,53,53,0
Yovany,M,203,203,0
Yoyo,F,11,0,11
Ysabel,F,592,104,488
Ysabella,F,896,0,896
Ysabelle,F,114,0,114
Ysamar,F,10,0,10
Ysela,F,15,0,15
Ysenia,F,142,0,142
Ysidoro,M,11,11,0
Ysidra,F,37,0,37
Ysidro,M,797,797,0
Ysmael,M,28,28,0
Ytzel,F,75,0,75
Yu,F,189,78,111
Yuan,F,10,5,5
Yuda,M,16,16,0
Yudany,F,5,0,5
Yudelca,F,5,0,5
Yudelka,F,15,0,15
Yudith,F,117,0,117
Yue,F,12,7,5
Yuepheng,M,22,22,0
Yug,M,76,76,0
Yuhan,F,6,0,6
Yui,F,87,0,87
Yuji,M,17,17,0
Yuka,F,67,0,67
Yukari,F,10,0,10
Yuki,F,371,104,267
Yukie,F,166,0,166
Yukiko,F,254,0,254
Yukio,M,338,338,0
Yukiye,F,18,0,18
Yuko,F,7,0,7
Yul,M,37,37,0
Yulanda,F,203,0,203
Yuleidy,F,5,0,5
Yuleimy,F,22,0,22
Yulemni,F,8,0,8
Yuli,F,31,0,31
Yulia,F,61,0,61
Yulian,M,59,59,0
Yuliana,F,4418,0,4418
Yulianna,F,695,0,695
Yulie,F,5,0,5
Yuliet,F,16,0,16
Yulieth,F,13,0,13
Yulisa,F,1167,0,1167
Yulissa,F,2733,0,2733
Yulitza,F,10,0,10
Yuliya,F,5,0,5
Yuliza,F,183,0,183
Yulonda,F,198,0,198
Yuma,M,57,52,5
Yumalai,F,6,0,6
Yumalay,F,22,0,22
Yumeka,F,7,0,7
Yumi,F,168,0,168
Yumiko,F,15,0,15
Yumna,F,6,0,6
Yuna,F,769,0,769
Yuniel,M,18,18,0
Yunior,M,29,29,0
Yunis,M,23,23,0
Yunuen,F,133,0,133
Yunus,M,131,131,0
Yupheng,M,6,6,0
Yurani,F,84,0,84
Yurany,F,10,0,10
Yurem,M,510,510,0
Yuren,M,5,5,0
Yuri,F,1901,400,1501
Yuriana,F,148,0,148
Yurico,F,11,0,11
Yuridia,F,1709,0,1709
Yuridiana,F,15,0,15
Yuriel,M,5,5,0
Yuriko,F,392,0,392
Yuritza,F,76,0,76
Yuritzi,F,266,0,266
Yuritzy,F,133,0,133
Yury,F,63,0,63
Yusef,M,1207,1207,0
Yusif,M,22,22,0
Yusra,F,611,0,611
Yussef,M,5,5,0
Yussuf,M,5,5,0
Yusuf,M,5407,5407,0
Yusuke,M,27,27,0
Yuta,M,60,60,0
Yutaka,M,202,202,0
Yuto,M,38,38,0
Yutong,F,6,0,6
Yuuki,M,10,10,0
Yuvaan,M,118,118,0
Yuval,F,57,30,27
Yuvan,M,208,208,0
Yuvia,F,140,0,140
Yuvin,M,5,5,0
Yuvraj,M,405,405,0
Yvan,M,40,40,0
Yvanna,F,94,0,94
Yves,M,309,309,0
Yveth,F,5,0,5
Yvett,F,48,0,48
Yvetta,F,10,0,10
Yvette,F,58925,12,58913
Yvon,M,6,6,0
Yvonda,F,5,0,5
Yvonna,F,41,0,41
Yvonne,F,150805,16,150789
Yvonnie,F,24,0,24
Yzabel,F,10,0,10
Yzabella,F,173,0,173
Yzabelle,F,5,0,5
Zaahir,M,13,13,0
Zaakir,M,5,5,0
Zaara,F,235,0,235
Zabdi,F,23,0,23
Zabdiel,M,222,222,0
Zabrina,F,229,0,229
Zac,M,295,295,0
Zacari,M,5,5,0
Zacaria,F,5,0,5
Zacariah,M,7,7,0
Zacarias,M,235,235,0
Zacary,M,142,142,0
Zacchaeus,M,434,434,0
Zaccheus,M,5,5,0
Zach,M,492,492,0
Zachari,M,38,38,0
Zacharia,M,238,238,0
Zachariah,M,24702,24702,0
Zacharias,M,338,338,0
Zacharie,M,79,79,0
Zachary,M,530360,530027,333
Zacheriah,M,11,11,0
Zachery,M,27093,27093,0
Zachory,M,39,39,0
Zachry,M,328,328,0
Zack,M,3438,3438,0
Zackariah,M,143,143,0
Zackary,M,28271,28271,0
Zackery,M,15096,15096,0
Zackory,M,5,5,0
Zackry,M,13,13,0
Zada,F,347,0,347
Zade,M,271,271,0
Zaden,M,836,836,0
Zadie,F,676,0,676
Zadkiel,M,28,28,0
Zadok,M,23,23,0
Zadrian,M,31,31,0
Zadyn,M,10,10,0
Zaeden,M,29,29,0
Zaedyn,M,70,70,0
Zaeem,M,15,15,0
Zael,M,8,8,0
Zaelyn,M,7,7,0
Zaelynn,F,53,0,53
Zafar,M,6,6,0
Zafir,M,21,21,0
Zahara,F,1246,0,1246
Zahava,F,257,0,257
Zaheer,M,7,7,0
Zahid,M,201,201,0
Zahir,M,1717,1717,0
Zahira,F,344,0,344
Zahirah,F,32,0,32
Zahmir,M,161,161,0
Zahra,F,3881,0,3881
Zahraa,F,346,0,346
Zahrah,F,11,0,11
Zahria,F,210,0,210
Zahro,F,5,0,5
Zaid,M,2953,2953,0
Zaida,F,1655,0,1655
Zaidan,M,28,28,0
Zaidee,F,21,0,21
Zaiden,M,6212,6212,0
Zaidy,F,5,0,5
Zaidyn,M,279,279,0
Zaila,F,48,0,48
Zailee,F,22,0,22
Zailey,F,153,0,153
Zailyn,F,16,5,11
Zailynn,F,16,0,16
Zaima,F,5,0,5
Zain,M,4478,4472,6
Zaina,F,1108,0,1108
Zainab,F,3699,0,3699
Zaine,M,423,423,0
Zaineb,F,5,0,5
Zair,M,49,49,0
Zaira,F,2419,0,2419
Zairah,F,5,0,5
Zaire,M,4446,4015,431
Zaiya,F,18,0,18
Zak,M,168,168,0
Zakai,M,569,569,0
Zakari,M,201,201,0
Zakaria,M,1128,1079,49
Zakariah,M,69,69,0
Zakariya,M,672,672,0
Zakariye,M,44,44,0
Zakary,M,3315,3315,0
Zakayla,F,32,0,32
Zakee,M,154,154,0
Zakeria,F,11,0,11
Zakery,M,187,187,0
Zakhi,M,5,5,0
Zakhia,F,12,0,12
Zaki,M,189,189,0
Zakia,F,506,0,506
Zakiah,F,15,0,15
Zakir,M,46,46,0
Zakira,F,20,0,20
Zakiya,F,1423,0,1423
Zakiyah,F,635,0,635
Zakiyyah,F,366,0,366
Zakk,M,22,22,0
Zakkary,M,173,173,0
Zakkery,M,5,5,0
Zakkiyya,F,5,0,5
Zakyra,F,5,0,5
Zalaya,F,5,0,5
Zalayah,F,10,0,10
Zaleah,F,11,0,11
Zalen,M,26,26,0
Zalia,F,6,0,6
Zaliah,F,5,0,5
Zalika,F,21,0,21
Zaliyah,F,121,0,121
Zalma,F,19,0,19
Zalman,M,292,292,0
Zalmen,M,433,433,0
Zalynn,F,5,0,5
Zamantha,F,84,0,84
Zamar,M,28,28,0
Zamara,F,57,0,57
Zamari,M,320,292,28
Zamaria,F,196,0,196
Zamariah,F,16,0,16
Zamarion,M,393,393,0
Zamauri,M,5,5,0
Zamaya,F,67,0,67
Zamiah,F,20,0,20
Zamir,M,1409,1409,0
Zamira,F,180,0,180
Zamirah,F,10,0,10
Zamiya,F,113,0,113
Zamiyah,F,337,0,337
Zamora,F,150,0,150
Zamuel,M,5,5,0
Zamya,F,318,0,318
Zamyah,F,5,0,5
Zamyra,F,10,0,10
Zamyria,F,5,0,5
Zamzam,F,20,0,20
Zana,F,320,0,320
Zanae,F,5,0,5
Zanai,F,5,0,5
Zanaria,F,5,0,5
Zanaya,F,90,0,90
Zanayah,F,5,0,5
Zander,M,19326,19321,5
Zandra,F,1138,0,1138
Zandria,F,8,0,8
Zane,M,41060,41052,8
Zaneta,F,95,0,95
Zanetta,F,5,0,5
Zani,F,5,0,5
Zania,F,96,0,96
Zaniah,F,623,0,623
Zanib,F,5,0,5
Zaniel,M,5,5,0
Zaniya,F,2227,0,2227
Zaniyah,F,4053,0,4053
Zanna,F,8,0,8
Zannie,M,5,5,0
Zanya,F,61,0,61
Zanyah,F,30,0,30
Zanyia,F,5,0,5
Zanyiah,F,15,0,15
Zanyla,F,5,0,5
Zanylah,F,6,0,6
Zaquan,M,67,67,0
Zara,F,7890,0,7890
Zaragoza,M,54,54,0
Zarah,F,655,0,655
Zarahi,F,11,0,11
Zarai,F,17,0,17
Zaraya,F,10,0,10
Zareen,F,15,0,15
Zareena,F,5,0,5
Zareh,M,10,10,0
Zarek,M,157,157,0
Zarela,F,9,0,9
Zari,F,92,0,92
Zaria,F,7714,0,7714
Zariah,F,7836,0,7836
Zarian,M,10,10,0
Zariel,F,5,0,5
Zarif,M,14,14,0
Zarin,F,6,0,6
Zarina,F,330,0,330
Zarius,M,5,5,0
Zariya,F,571,0,571
Zariyah,F,3272,0,3272
Zarria,F,51,0,51
Zarriah,F,33,0,33
Zarya,F,25,0,25
Zaryah,F,100,0,100
Zaryan,M,28,28,0
Zaryiah,F,10,0,10
Zasha,F,6,0,6
Zaul,M,6,6,0
Zaven,M,32,32,0
Zaveon,M,5,5,0
Zavhary,M,6,6,0
Zavia,F,6,0,6
Zavian,M,387,387,0
Zavien,M,114,114,0
Zavier,M,3479,3479,0
Zavion,M,1519,1519,0
Zavior,M,5,5,0
Zaviyar,M,7,7,0
Zaya,F,512,0,512
Zayaan,M,44,44,0
Zayah,F,72,0,72
Zayan,M,471,471,0
Zayana,F,10,0,10
Zayanna,F,5,0,5
Zaybree,F,5,0,5
Zayd,M,1369,1369,0
Zayda,F,596,0,596
Zaydan,M,53,53,0
Zayde,M,5,5,0
Zaydee,F,25,0,25
Zayden,M,16111,16111,0
Zaydin,M,40,40,0
Zaydon,M,21,21,0
Zaydrian,M,11,11,0
Zaydyn,M,15,15,0
Zayed,M,26,26,0
Zaykeese,M,5,5,0
Zayla,F,913,0,913
Zaylah,F,76,0,76
Zaylan,M,16,16,0
Zaylee,F,1564,0,1564
Zayleen,F,6,0,6
Zayleigh,F,93,0,93
Zaylen,M,730,730,0
Zayley,F,5,0,5
Zayli,F,6,0,6
Zaylie,F,112,0,112
Zaylin,F,54,21,33
Zaylon,M,86,86,0
Zaylynn,F,20,0,20
Zayn,M,2583,2583,0
Zayna,F,419,0,419
Zaynab,F,711,0,711
Zaynah,F,124,0,124
Zayne,M,5475,5475,0
Zayra,F,772,0,772
Zayven,M,5,5,0
Zayveon,M,10,10,0
Zayvian,M,20,20,0
Zayvien,M,6,6,0
Zayvier,M,5,5,0
Zayvion,M,611,611,0
Zayyan,M,56,56,0
Zealand,M,27,27,0
Zeandre,M,10,10,0
Zeb,M,626,626,0
Zeba,F,5,0,5
Zebadiah,M,20,20,0
Zebastian,M,13,13,0
Zebedee,M,21,21,0
Zebulon,M,323,323,0
Zebulun,M,10,10,0
Zechariah,M,7202,7202,0
Zedekiah,M,13,13,0
Zeena,F,27,0,27
Zeenat,F,10,0,10
Zeeshan,M,26,26,0
Zeferino,M,66,66,0
Zehava,F,8,0,8
Zehra,F,40,0,40
Zein,M,15,15,0
Zeina,F,169,0,169
Zeinab,F,635,0,635
Zeinabou,F,5,0,5
Zeke,M,2666,2666,0
Zekhi,M,5,5,0
Zekiel,M,31,31,0
Zela,F,22,0,22
Zelda,F,8094,0,8094
Zeldy,F,43,0,43
Zelena,F,5,0,5
Zelene,F,7,0,7
Zelia,F,22,0,22
Zelie,F,74,0,74
Zelig,M,22,22,0
Zelina,F,28,0,28
Zell,F,32,0,32
Zella,F,5640,0,5640
Zelma,F,11246,0,11246
Zelpha,F,33,0,33
Zelphia,F,5,0,5
Zeltzin,F,5,0,5
Zemira,F,66,0,66
Zemirah,F,21,0,21
Zen,M,394,378,16
Zena,F,1677,0,1677
Zenab,F,27,0,27
Zenaida,F,1204,0,1204
Zenas,M,10,10,0
Zenaya,F,11,0,11
Zendaya,F,1208,0,1208
Zenia,F,331,0,331
Zeniah,F,5,0,5
Zeniya,F,11,0,11
Zeniyah,F,17,0,17
Zenja,F,10,0,10
Zennie,M,5,5,0
Zeno,M,94,94,0
Zenobia,F,964,0,964
Zenon,M,87,87,0
Zenorah,F,5,0,5
Zenovia,F,5,0,5
Zeola,F,53,0,53
Zephan,M,32,32,0
Zephaniah,M,892,882,10
Zephyr,M,521,507,14
Zeppelin,M,125,120,5
Zera,F,25,0,25
Zerenity,F,19,0,19
Zeriah,F,10,0,10
Zerlina,F,5,0,5
Zerrick,M,5,5,0
Zeshan,M,11,11,0
Zeta,F,24,0,24
Zeth,M,248,248,0
Zetta,F,78,0,78
Zettie,F,247,0,247
Zeus,M,680,680,0
Zev,M,2216,2216,0
Zeyad,M,27,27,0
Zeynab,F,5,0,5
Zeynep,F,190,0,190
Zhana,F,5,0,5
Zhane,F,1179,0,1179
Zharia,F,264,0,264
Zhen,M,5,5,0
Zhi,M,60,60,0
Zhuri,F,40,0,40
Zi,F,43,19,24
Zia,F,751,5,746
Ziad,M,74,74,0
Ziah,F,54,0,54
Ziaire,M,32,32,0
Zian,M,47,47,0
Ziana,F,16,0,16
Zianna,F,32,0,32
Ziara,F,25,0,25
Ziare,M,5,5,0
Zichen,M,6,6,0
Zidan,M,69,69,0
Zidane,M,91,91,0
Zienna,F,5,0,5
Ziggy,M,89,89,0
Zigmond,M,23,23,0
Zigmund,M,325,325,0
Ziham,F,5,0,5
Zilpha,F,23,0,23
Zilphia,F,17,0,17
Zimal,F,16,0,16
Zimere,M,5,5,0
Zina,F,2415,0,2415
Zinachidi,F,5,0,5
Zinnia,F,440,0,440
Zion,M,30379,25484,4895
Ziona,F,28,0,28
Zionna,F,69,0,69
Zipora,F,5,0,5
Zipporah,F,528,0,528
Zisel,F,21,0,21
Zisha,M,18,18,0
Zishe,M,5,5,0
Zissel,F,130,0,130
Zissy,F,501,0,501
Zita,F,494,0,494
Zitlali,F,160,0,160
Zitlalic,F,5,0,5
Zitlalli,F,11,0,11
Zitlally,F,5,0,5
Zitlaly,F,204,0,204
Ziv,M,10,10,0
Ziva,F,825,0,825
Zixuan,U,17,11,6
Ziya,F,261,0,261
Ziyad,M,148,148,0
Ziyah,F,177,0,177
Ziyan,M,5,5,0
Ziyon,M,130,130,0
Ziyonna,F,11,0,11
Ziza,F,5,0,5
Zlata,F,57,0,57
Zlatan,M,23,23,0
Zlaty,F,113,0,113
Zniyah,F,5,0,5
Zo,F,54,0,54
Zobeida,F,5,0,5
Zoe,F,116815,35,116780
Zoee,F,593,0,593
Zoei,F,98,0,98
Zoejane,F,6,0,6
Zoelle,F,46,0,46
Zoey,F,76463,8,76455
Zofia,F,495,0,495
Zoha,F,254,0,254
Zohaib,M,26,26,0
Zohair,M,5,5,0
Zohal,F,5,0,5
Zohan,M,18,18,0
Zohar,F,20,0,20
Zohra,F,10,0,10
Zoi,F,39,0,39
Zoie,F,8001,0,8001
Zoii,F,12,0,12
Zoila,F,828,0,828
Zola,F,2865,0,2865
Zollie,M,122,122,0
Zoltan,M,100,100,0
Zolton,M,10,10,0
Zona,F,922,0,922
Zondra,F,5,0,5
Zong,M,20,20,0
Zonia,F,28,0,28
Zonnie,F,19,0,19
Zooey,F,433,0,433
Zophia,F,84,0,84
Zora,F,2781,0,2781
Zorah,F,5,0,5
Zoraida,F,1177,0,1177
Zoran,M,17,17,0
Zorawar,M,30,30,0
Zoraya,F,56,0,56
Zori,F,91,0,91
Zoria,F,21,0,21
Zoriah,F,52,0,52
Zorianna,F,10,0,10
Zosia,F,14,0,14
Zoua,F,72,0,72
Zowie,F,81,0,81
Zoya,F,1699,0,1699
Zubair,M,15,15,0
Zubin,M,22,22,0
Zudora,F,5,0,5
Zuhra,F,5,0,5
Zui,M,6,6,0
Zula,F,1549,0,1549
Zulay,F,112,0,112
Zuleica,F,20,0,20
Zuleidy,F,5,0,5
Zuleika,F,413,0,413
Zuleima,F,272,0,272
Zulema,F,2628,0,2628
Zuley,F,16,0,16
Zuleyka,F,699,0,699
Zuleyma,F,346,0,346
Zully,F,238,0,238
Zulma,F,923,0,923
Zuly,F,114,0,114
Zuma,F,5,0,5
Zunaira,F,10,0,10
Zunairah,F,57,0,57
Zuri,F,5431,38,5393
Zuria,F,160,0,160
Zurie,F,12,0,12
Zuriel,M,594,572,22
Zurisadai,F,156,0,156
Zury,F,188,0,188
Zuzanna,F,341,0,341
Zvi,M,346,346,0
Zya,F,97,0,97
Zyah,F,10,0,10
Zyair,M,296,296,0
Zyaira,F,10,0,10
Zyairah,F,5,0,5
Zyaire,M,1783,1696,87
Zyan,M,216,211,5
Zyana,F,203,0,203
Zyanna,F,61,0,61
Zyanya,F,162,0,162
Zyasia,F,177,0,177
Zyeria,F,5,0,5
Zygmund,M,5,5,0
Zygmunt,M,82,82,0
Zyien,M,5,5,0
Zyion,M,340,340,0
Zyir,M,51,51,0
Zyire,M,5,5,0
Zykeria,F,680,0,680
Zykeriah,F,5,0,5
Zykerria,F,71,0,71
Zykia,F,90,0,90
Zykierra,F,5,0,5
Zykira,F,19,0,19
Zykiria,F,11,0,11
Zyla,F,294,0,294
Zylah,F,144,0,144
Zylan,M,42,42,0
Zylen,M,42,42,0
Zyler,M,281,281,0
Zymari,M,5,5,0
Zymarion,M,15,15,0
Zymere,M,115,115,0
Zymier,M,16,16,0
Zymiere,M,15,15,0
Zymir,M,466,466,0
Zymire,M,10,10,0
Zyon,M,1760,1621,139
Zyonna,F,78,0,78
Zyquan,M,52,52,0
Zyquavious,M,6,6,0
Zyra,F,78,0,78
Zyrah,F,22,0,22
Zyren,M,6,6,0
Zyria,F,81,0,81
Zyriah,F,63,0,63
Zyron,M,5,5,0
Zyshonne,M,5,5,0
